0.000000000000000000e+00 1.248765321961639863e-01 4.015632023050552668e-04 4.770234271721147223e+01 1.293475669315139465e+00
0.000000000000000000e+00 1.453349266524525674e-01 5.203387466666067624e-04 1.491977994168431678e+02 2.400535376424892675e+00
0.000000000000000000e+00 9.089863935854117227e-02 5.864826650719917687e-04 1.557845197923635405e+00 6.457389911273895278e-01
0.000000000000000000e+00 1.303616813506450200e-01 5.470122914158776894e-04 1.720796423904479298e+02 8.820517362590378241e+01
0.000000000000000000e+00 1.516884795810703179e-01 4.513819601661192408e-04 1.544055119199867363e+02 3.123449298145567710e+00
0.000000000000000000e+00 1.270459555325118284e-01 5.442483732492896546e-04 5.734284484375131541e+01 1.382553741032704231e+00
0.000000000000000000e+00 1.549269899470265277e-01 4.942887399367802042e-04 1.575869605585047850e+02 1.736325415143379569e+00
0.000000000000000000e+00 9.732697484397416499e-02 8.416419086056934652e-04 5.364513850033425513e+00 1.316390830724788463e+00
0.000000000000000000e+00 1.341262560822608085e-01 4.829446847622985298e-04 1.050995012143758771e+02 1.328954731482180796e+00
0.000000000000000000e+00 1.568236552436705900e-01 1.183005445423592752e-03 1.667124384979657066e+02 1.222439756575949055e+01
0.000000000000000000e+00 1.086866038493033704e-01 5.200259086841765377e-04 1.079778528038417207e+01 1.530669357932062713e+00
0.000000000000000000e+00 1.360406818404998608e-01 6.120230071476756312e-04 1.143041098561055975e+02 1.789740194629830583e+00
0.000000000000000000e+00 1.618594499214383864e-01 5.770757141867409153e-04 1.604840844943436764e+02 5.847787305527013757e+00
0.000000000000000000e+00 1.283052604116971529e-01 5.999406986851247084e-04 6.341716184250560673e+01 1.326253992354818223e+00
0.000000000000000000e+00 1.575524111956645434e-01 5.570749008464963162e-04 1.691099019720681440e+02 3.254212346366725939e+01
0.000000000000000000e+00 1.040940741511183765e-01 6.720882983858187049e-04 5.674516447549676990e+00 1.362405004030761813e+00
0.000000000000000000e+00 1.229795116132063187e-01 6.012042417313732392e-04 3.620733420871412278e+01 4.031002180224329123e+01
0.000000000000000000e+00 1.381336528053535573e-01 5.007177254650862488e-04 1.240150052765505393e+02 1.152749768957014753e+00
0.000000000000000000e+00 1.176337998241102356e-01 6.493861685584733376e-04 1.913143704280558310e+01 1.926046060921476455e+00
0.000000000000000000e+00 1.415593198972455169e-01 8.043620629528316218e-04 1.353135221644834019e+02 1.978295186253630655e+00
0.000000000000000000e+00 1.068878266756115580e-01 8.386650193926103959e-04 1.212156701550473414e+01 1.975440572491921731e+00
0.000000000000000000e+00 1.364339778683035520e-01 4.771811770976960160e-04 1.147850677453555761e+02 1.442632842146129635e+00
0.000000000000000000e+00 1.257133589358569448e-01 1.532562265055555529e-03 5.051434283835091321e+01 5.056189117934652977e+00
0.000000000000000000e+00 1.435589386882729357e-01 1.540968293786239241e-03 1.475372907859546387e+02 1.041483195861889044e+01
