279  -0.373525  0.00594036
279.893  -0.37245  0.00592651
280.786  -0.371379  0.00591269
281.68  -0.370312  0.00589889
282.573  -0.369249  0.00588511
283.466  -0.36819  0.00587136
284.359  -0.367135  0.00585763
285.253  -0.366083  0.00584393
286.146  -0.365036  0.00583025
287.039  -0.363992  0.0058166
287.932  -0.362952  0.00580297
288.826  -0.361916  0.00578936
289.719  -0.360884  0.00577578
290.612  -0.359855  0.00576222
291.505  -0.35883  0.00574869
292.399  -0.357808  0.00573518
293.292  -0.35679  0.00572169
294.185  -0.355776  0.00570822
295.078  -0.354766  0.00569478
295.972  -0.353758  0.00568136
296.865  -0.352755  0.00566797
297.758  -0.351755  0.0056546
298.651  -0.350758  0.00564125
299.545  -0.349765  0.00562792
300.438  -0.348775  0.00561462
301.331  -0.347789  0.00560133
302.224  -0.346806  0.00558808
303.118  -0.345826  0.00557484
304.011  -0.34485  0.00556163
304.904  -0.343877  0.00554843
305.797  -0.342908  0.00553526
306.691  -0.341941  0.00552212
307.584  -0.340978  0.00550899
308.477  -0.340018  0.00549589
309.37  -0.339061  0.00548281
310.264  -0.338108  0.00546975
311.157  -0.337157  0.00545671
312.05  -0.33621  0.0054437
312.943  -0.335266  0.0054307
313.837  -0.334325  0.00541773
314.73  -0.333387  0.00540478
315.623  -0.332451  0.00539185
316.516  -0.33152  0.00537894
317.41  -0.330591  0.00536605
318.303  -0.329665  0.00535319
319.196  -0.328741  0.00534034
320.089  -0.327821  0.00532752
320.982  -0.326904  0.00531471
321.876  -0.32599  0.00530193
322.769  -0.325079  0.00528917
323.662  -0.32417  0.00527643
324.555  -0.323264  0.00526371
325.449  -0.322361  0.00525101
326.342  -0.321461  0.00523833
327.235  -0.320564  0.00522567
328.128  -0.31967  0.00521303
329.022  -0.318778  0.00520041
329.915  -0.317889  0.00518781
330.808  -0.317003  0.00517524
331.701  -0.316119  0.00516268
332.595  -0.315238  0.00515014
333.488  -0.31436  0.00513762
334.381  -0.313484  0.00512512
335.274  -0.312611  0.00511264
336.168  -0.311741  0.00510019
337.061  -0.310873  0.00508775
337.954  -0.310008  0.00507533
338.847  -0.309145  0.00506293
339.741  -0.308285  0.00505054
340.634  -0.307428  0.00503818
341.527  -0.306573  0.00502584
342.42  -0.30572  0.00501352
343.314  -0.30487  0.00500121
344.207  -0.304022  0.00498893
345.1  -0.303177  0.00497666
345.993  -0.302335  0.00496441
346.887  -0.301494  0.00495218
347.78  -0.300656  0.00493997
348.673  -0.299821  0.00492778
349.566  -0.298988  0.00491561
350.46  -0.298157  0.00490346
351.353  -0.297328  0.00489132
352.246  -0.296502  0.0048792
353.139  -0.295678  0.0048671
354.033  -0.294857  0.00485502
354.926  -0.294037  0.00484296
355.819  -0.29322  0.00483092
356.712  -0.292405  0.00481889
357.606  -0.291593  0.00480688
358.499  -0.290783  0.00479489
359.392  -0.289974  0.00478292
360.285  -0.289168  0.00477097
361.178  -0.288365  0.00475903
362.072  -0.287563  0.00474711
362.965  -0.286764  0.00473521
363.858  -0.285966  0.00472332
364.751  -0.285171  0.00471146
365.645  -0.284378  0.00469961
366.538  -0.283587  0.00468778
367.431  -0.282798  0.00467596
368.324  -0.282011  0.00466417
369.218  -0.281227  0.00465239
370.111  -0.280444  0.00464062
371.004  -0.279663  0.00462888
371.897  -0.278884  0.00461715
372.791  -0.278108  0.00460544
373.684  -0.277333  0.00459374
374.577  -0.27656  0.00458207
375.47  -0.27579  0.0045704
376.364  -0.275021  0.00455876
377.257  -0.274254  0.00454713
378.15  -0.273489  0.00453552
379.043  -0.272726  0.00452393
379.937  -0.271965  0.00451235
380.83  -0.271206  0.00450079
381.723  -0.270448  0.00448924
382.616  -0.269693  0.00447771
383.51  -0.268939  0.0044662
384.403  -0.268187  0.0044547
385.296  -0.267438  0.00444322
386.189  -0.266689  0.00443176
387.083  -0.265943  0.00442031
387.976  -0.265199  0.00440888
388.869  -0.264456  0.00439746
389.762  -0.263715  0.00438606
390.656  -0.262976  0.00437467
391.549  -0.262239  0.0043633
392.442  -0.261503  0.00435195
393.335  -0.260769  0.00434061
394.229  -0.260037  0.00432929
395.122  -0.259306  0.00431798
396.015  -0.258577  0.00430669
396.908  -0.25785  0.00429541
397.802  -0.257125  0.00428415
398.695  -0.256401  0.0042729
399.588  -0.255679  0.00426167
400.481  -0.254959  0.00425046
401.374  -0.25424  0.00423926
402.268  -0.253523  0.00422807
403.161  -0.252807  0.0042169
404.054  -0.252093  0.00420575
404.947  -0.251381  0.00419461
405.841  -0.25067  0.00418348
406.734  -0.249961  0.00417237
407.627  -0.249253  0.00416127
408.52  -0.248547  0.00415019
409.414  -0.247843  0.00413912
410.307  -0.24714  0.00412807
411.2  -0.246438  0.00411703
412.093  -0.245738  0.00410601
412.987  -0.24504  0.004095
413.88  -0.244343  0.00408401
414.773  -0.243647  0.00407303
415.666  -0.242953  0.00406206
416.56  -0.242261  0.00405111
417.453  -0.24157  0.00404017
418.346  -0.24088  0.00402925
419.239  -0.240192  0.00401834
420.133  -0.239505  0.00400744
421.026  -0.23882  0.00399656
421.919  -0.238136  0.00398569
422.812  -0.237454  0.00397484
423.706  -0.236772  0.003964
424.599  -0.236093  0.00395317
425.492  -0.235414  0.00394236
426.385  -0.234737  0.00393156
427.279  -0.234062  0.00392078
428.172  -0.233388  0.00391001
429.065  -0.232715  0.00389925
429.958  -0.232043  0.0038885
430.852  -0.231373  0.00387777
431.745  -0.230704  0.00386706
432.638  -0.230036  0.00385635
433.531  -0.22937  0.00384566
434.425  -0.228705  0.00383498
435.318  -0.228041  0.00382432
436.211  -0.227379  0.00381367
437.104  -0.226717  0.00380303
437.997  -0.226057  0.0037924
438.891  -0.225399  0.00378179
439.784  -0.224741  0.00377119
440.677  -0.224085  0.00376061
441.57  -0.22343  0.00375003
442.464  -0.222776  0.00373947
443.357  -0.222123  0.00372892
444.25  -0.221472  0.00371839
445.143  -0.220822  0.00370787
446.037  -0.220173  0.00369736
446.93  -0.219525  0.00368686
447.823  -0.218878  0.00367638
448.716  -0.218233  0.00366591
449.61  -0.217588  0.00365545
450.503  -0.216945  0.003645
451.396  -0.216303  0.00363457
452.289  -0.215662  0.00362414
453.183  -0.215022  0.00361373
454.076  -0.214383  0.00360334
454.969  -0.213746  0.00359295
455.862  -0.213109  0.00358258
456.756  -0.212474  0.00357222
457.649  -0.211839  0.00356187
458.542  -0.211206  0.00355153
459.435  -0.210574  0.00354121
460.329  -0.209943  0.0035309
461.222  -0.209313  0.0035206
462.115  -0.208683  0.00351031
463.008  -0.208055  0.00350003
463.902  -0.207428  0.00348977
464.795  -0.206802  0.00347952
465.688  -0.206177  0.00346928
466.581  -0.205553  0.00345905
467.475  -0.20493  0.00344883
468.368  -0.204309  0.00343862
469.261  -0.203688  0.00342843
470.154  -0.203067  0.00341825
471.048  -0.202448  0.00340808
471.941  -0.20183  0.00339792
472.834  -0.201213  0.00338777
473.727  -0.200597  0.00337764
474.621  -0.199982  0.00336751
475.514  -0.199367  0.0033574
476.407  -0.198754  0.0033473
477.3  -0.198142  0.00333721
478.193  -0.19753  0.00332713
479.087  -0.196919  0.00331706
479.98  -0.19631  0.003307
480.873  -0.195701  0.00329696
481.766  -0.195093  0.00328692
482.66  -0.194486  0.0032769
483.553  -0.19388  0.00326689
484.446  -0.193274  0.00325689
485.339  -0.19267  0.0032469
486.233  -0.192066  0.00323692
487.126  -0.191463  0.00322695
488.019  -0.190861  0.00321699
488.912  -0.19026  0.00320705
489.806  -0.18966  0.00319711
490.699  -0.18906  0.00318719
491.592  -0.188462  0.00317728
492.485  -0.187864  0.00316738
493.379  -0.187267  0.00315748
494.272  -0.186671  0.0031476
495.165  -0.186075  0.00313773
496.058  -0.18548  0.00312787
496.952  -0.184886  0.00311803
497.845  -0.184293  0.00310819
498.738  -0.183701  0.00309836
499.631  -0.183109  0.00308854
500.525  -0.182518  0.00307874
501.418  -0.181928  0.00306894
502.311  -0.181338  0.00305916
503.204  -0.18075  0.00304938
504.098  -0.180162  0.00303962
504.991  -0.179574  0.00302987
505.884  -0.178988  0.00302012
506.777  -0.178402  0.00301039
507.671  -0.177817  0.00300067
508.564  -0.177232  0.00299096
509.457  -0.176648  0.00298125
510.35  -0.176065  0.00297156
511.244  -0.175483  0.00296188
512.137  -0.174901  0.00295221
513.03  -0.174319  0.00294255
513.923  -0.173739  0.0029329
514.817  -0.173159  0.00292326
515.71  -0.17258  0.00291363
516.603  -0.172001  0.00290401
517.496  -0.171423  0.0028944
518.389  -0.170846  0.0028848
519.283  -0.170269  0.00287521
520.176  -0.169692  0.00286563
521.069  -0.169117  0.00285607
521.962  -0.168542  0.00284651
522.856  -0.167967  0.00283696
523.749  -0.167393  0.00282742
524.642  -0.16682  0.00281789
525.535  -0.166247  0.00280837
526.429  -0.165675  0.00279886
527.322  -0.165104  0.00278936
528.215  -0.164532  0.00277988
529.108  -0.163962  0.0027704
530.002  -0.163392  0.00276093
530.895  -0.162822  0.00275147
531.788  -0.162253  0.00274202
532.681  -0.161685  0.00273258
533.575  -0.161117  0.00272315
534.468  -0.16055  0.00271373
535.361  -0.159983  0.00270432
536.254  -0.159416  0.00269492
537.148  -0.15885  0.00268553
538.041  -0.158285  0.00267615
538.934  -0.157719  0.00266678
539.827  -0.157155  0.00265742
540.721  -0.156591  0.00264807
541.614  -0.156027  0.00263873
542.507  -0.155464  0.0026294
543.4  -0.154901  0.00262008
544.294  -0.154339  0.00261077
545.187  -0.153777  0.00260147
546.08  -0.153215  0.00259217
546.973  -0.152654  0.00258289
547.867  -0.152093  0.00257362
548.76  -0.151533  0.00256436
549.653  -0.150973  0.0025551
550.546  -0.150413  0.00254586
551.44  -0.149854  0.00253663
552.333  -0.149295  0.0025274
553.226  -0.148737  0.00251819
554.119  -0.148179  0.00250899
555.013  -0.147621  0.00249979
555.906  -0.147064  0.00249061
556.799  -0.146507  0.00248143
557.692  -0.14595  0.00247227
558.585  -0.145394  0.00246311
559.479  -0.144837  0.00245396
560.372  -0.144282  0.00244483
561.265  -0.143726  0.0024357
562.158  -0.143171  0.00242658
563.052  -0.142616  0.00241748
563.945  -0.142062  0.00240838
564.838  -0.141507  0.00239929
565.731  -0.140953  0.00239021
566.625  -0.1404  0.00238115
567.518  -0.139846  0.00237209
568.411  -0.139293  0.00236304
569.304  -0.13874  0.002354
570.198  -0.138187  0.00234497
571.091  -0.137635  0.00233595
571.984  -0.137083  0.00232694
572.877  -0.136531  0.00231794
573.771  -0.135979  0.00230895
574.664  -0.135427  0.00229997
575.557  -0.134876  0.002291
576.45  -0.134325  0.00228204
577.344  -0.133773  0.00227309
578.237  -0.133223  0.00226415
579.13  -0.132672  0.00225522
580.023  -0.132121  0.0022463
580.917  -0.131571  0.00223739
581.81  -0.131021  0.00222848
582.703  -0.130471  0.00221959
583.596  -0.129921  0.00221071
584.49  -0.129371  0.00220184
585.383  -0.128822  0.00219298
586.276  -0.128272  0.00218412
587.169  -0.127723  0.00217528
588.063  -0.127173  0.00216645
588.956  -0.126624  0.00215763
589.849  -0.126075  0.00214882
590.742  -0.125526  0.00214001
591.636  -0.124977  0.00213122
592.529  -0.124428  0.00212244
593.422  -0.123879  0.00211367
594.315  -0.123331  0.00210491
595.209  -0.122782  0.00209615
596.102  -0.122233  0.00208741
596.995  -0.121685  0.00207868
597.888  -0.121136  0.00206996
598.781  -0.120587  0.00206125
599.675  -0.120039  0.00205254
600.568  -0.11949  0.00204385
601.461  -0.118942  0.00203517
602.354  -0.118393  0.0020265
603.248  -0.117845  0.00201784
604.141  -0.117296  0.00200919
605.034  -0.116747  0.00200055
605.927  -0.116199  0.00199192
606.821  -0.11565  0.0019833
607.714  -0.115101  0.00197469
608.607  -0.114552  0.00196609
609.5  -0.114003  0.0019575
610.394  -0.113454  0.00194892
611.287  -0.112905  0.00194035
612.18  -0.112356  0.0019318
613.073  -0.111807  0.00192325
613.967  -0.111257  0.00191471
614.86  -0.110708  0.00190618
615.753  -0.110158  0.00189767
616.646  -0.109609  0.00188916
617.54  -0.109059  0.00188066
618.433  -0.108509  0.00187218
619.326  -0.107958  0.0018637
620.219  -0.107408  0.00185524
621.113  -0.106857  0.00184679
622.006  -0.106307  0.00183834
622.899  -0.105756  0.00182991
623.792  -0.105205  0.00182149
624.686  -0.104653  0.00181307
625.579  -0.104102  0.00180467
626.472  -0.10355  0.00179628
627.365  -0.102998  0.0017879
628.259  -0.102446  0.00177953
629.152  -0.101893  0.00177117
630.045  -0.10134  0.00176282
630.938  -0.100787  0.00175448
631.832  -0.100234  0.00174615
632.725  -0.0996805  0.00173783
633.618  -0.0991266  0.00172952
634.511  -0.0985724  0.00172122
635.405  -0.098018  0.00171293
636.298  -0.0974631  0.00170465
637.191  -0.096908  0.00169639
638.084  -0.0963525  0.00168813
638.977  -0.0957967  0.00167988
639.871  -0.0952405  0.00167164
640.764  -0.0946839  0.00166342
641.657  -0.094127  0.0016552
642.55  -0.0935696  0.00164699
643.444  -0.0930119  0.00163879
644.337  -0.0924538  0.00163061
645.23  -0.0918952  0.00162243
646.123  -0.0913363  0.00161426
647.017  -0.0907769  0.0016061
647.91  -0.090217  0.00159795
648.803  -0.0896567  0.00158981
649.696  -0.089096  0.00158168
650.59  -0.0885347  0.00157356
651.483  -0.087973  0.00156545
652.376  -0.0874108  0.00155735
653.269  -0.0868481  0.00154926
654.163  -0.0862848  0.00154117
655.056  -0.0857211  0.00153309
655.949  -0.0851568  0.00152503
656.842  -0.084592  0.00151697
657.736  -0.0840266  0.00150892
658.629  -0.0834606  0.00150088
659.522  -0.0828941  0.00149284
660.415  -0.082327  0.00148482
661.309  -0.0817592  0.0014768
662.202  -0.0811909  0.00146879
663.095  -0.080622  0.00146078
663.988  -0.0800524  0.00145278
664.882  -0.0794822  0.00144479
665.775  -0.0789113  0.00143681
666.668  -0.0783398  0.00142883
667.561  -0.0777675  0.00142086
668.455  -0.0771946  0.0014129
669.348  -0.0766211  0.00140494
670.241  -0.0760467  0.00139698
671.134  -0.0754717  0.00138903
672.028  -0.074896  0.00138109
672.921  -0.0743195  0.00137314
673.814  -0.0737422  0.00136521
674.707  -0.0731642  0.00135727
675.601  -0.0725854  0.00134934
676.494  -0.0720058  0.00134141
677.387  -0.0714255  0.00133349
678.28  -0.0708443  0.00132556
679.173  -0.0702622  0.00131764
680.067  -0.0696794  0.00130972
680.96  -0.0690957  0.0013018
681.853  -0.0685111  0.00129387
682.746  -0.0679257  0.00128595
683.64  -0.0673394  0.00127803
684.533  -0.0667522  0.0012701
685.426  -0.0661641  0.00126217
686.319  -0.065575  0.00125424
687.213  -0.0649851  0.0012463
688.106  -0.0643941  0.00123836
688.999  -0.0638023  0.00123041
689.892  -0.0632094  0.00122246
690.786  -0.0626156  0.0012145
691.679  -0.0620208  0.00120653
692.572  -0.061425  0.00119855
693.465  -0.0608282  0.00119057
694.359  -0.0602304  0.00118257
695.252  -0.0596315  0.00117456
696.145  -0.0590315  0.00116654
697.038  -0.0584305  0.0011585
697.932  -0.0578285  0.00115045
698.825  -0.0572253  0.00114238
699.718  -0.0566211  0.0011343
700.611  -0.0560157  0.0011262
701.505  -0.0554092  0.00111808
702.398  -0.0548016  0.00110993
703.291  -0.0541929  0.00110177
704.184  -0.053583  0.00109358
705.078  -0.0529719  0.00108536
705.971  -0.0523597  0.00107712
706.864  -0.0517463  0.00106885
707.757  -0.0511317  0.00106055
708.651  -0.0505159  0.00105222
709.544  -0.0498989  0.00104385
710.437  -0.0492807  0.00103545
711.33  -0.0486612  0.00102701
712.224  -0.0480405  0.00101853
713.117  -0.0474186  0.00101001
714.01  -0.0467954  0.00100145
714.903  -0.0461709  0.000992835
715.796  -0.0455452  0.000984177
716.69  -0.0449183  0.000975467
717.583  -0.04429  0.000966705
718.476  -0.0436605  0.000957888
719.369  -0.0430297  0.000949012
720.263  -0.0423976  0.000940075
721.156  -0.0417643  0.000931075
722.049  -0.0411296  0.000922008
722.942  -0.0404937  0.000912872
723.836  -0.0398564  0.000903663
724.729  -0.0392179  0.000894379
725.622  -0.0385781  0.000885015
726.515  -0.037937  0.000875569
727.409  -0.0372947  0.000866037
728.302  -0.0366511  0.000856416
729.195  -0.0360062  0.000846702
730.088  -0.0353601  0.000836891
730.982  -0.0347128  0.000826979
731.875  -0.0340643  0.000816962
732.768  -0.0334145  0.000806836
733.661  -0.0327636  0.000796597
734.555  -0.0321115  0.000786241
735.448  -0.0314583  0.000775763
736.341  -0.0308039  0.000765158
737.234  -0.0301485  0.000754422
738.128  -0.0294921  0.000743549
739.021  -0.0288346  0.000732536
739.914  -0.0281762  0.000721377
740.807  -0.0275168  0.000710067
741.701  -0.0268566  0.000698601
742.594  -0.0261956  0.000686973
743.487  -0.0255338  0.000675178
744.38  -0.0248713  0.000663211
745.274  -0.0242082  0.000651065
746.167  -0.0235446  0.000638737
747.06  -0.0228805  0.000626219
747.953  -0.022216  0.000613506
748.847  -0.0215513  0.000600593
749.74  -0.0208864  0.000587474
750.633  -0.0202215  0.000574144
751.526  -0.0195567  0.000560596
752.42  -0.0188922  0.000546827
753.313  -0.018228  0.000532829
754.206  -0.0175645  0.000518599
755.099  -0.0169017  0.000504131
755.992  -0.0162399  0.000489421
756.886  -0.0155792  0.000474465
757.779  -0.0149201  0.000459259
758.672  -0.0142626  0.000443801
759.565  -0.0136071  0.000428088
760.459  -0.012954  0.000412118
761.352  -0.0123035  0.000395891
762.245  -0.0116561  0.000379407
763.138  -0.0110122  0.000362669
764.032  -0.0103723  0.00034568
764.925  -0.00973686  0.000328445
765.818  -0.00910648  0.000310972
766.711  -0.00848181  0.000293271
767.605  -0.00786355  0.000275356
768.498  -0.0072525  0.000257245
769.391  -0.00664955  0.000238958
770.284  -0.0060557  0.000220523
771.178  -0.00547208  0.000201972
772.071  -0.00489998  0.000183349
772.964  -0.00434087  0.000164701
773.857  -0.00379644  0.000146093
774.751  -0.00326866  0.000127602
775.644  -0.00275985  0.000109321
776.537  -0.00227278  9.13711e-05
777.43  -0.00181082  7.39034e-05
778.324  -0.00137817  5.71132e-05
779.217  -0.000980274  4.12603e-05
780.11  -0.00062453  2.67055e-05
781.003  -0.00032196  1.39902e-05
781.897  -9.21172e-05  4.06868e-06
782.79  1.73044e-05  7.77101e-07
783.683  0.000200929  9.17685e-06
784.576  0.000493746  2.29408e-05
785.47  0.000871021  4.11825e-05
786.363  0.00132333  6.3689e-05
787.256  0.00184602  9.04636e-05
788.149  0.00243669  0.000121624
789.043  0.00309432  0.000157363
789.936  0.00381879  0.000197938
790.829  0.00461065  0.000243657
791.722  0.00547101  0.000294884
792.616  0.0064014  0.000352032
793.509  0.00740381  0.000415572
794.402  0.00848058  0.000486037
795.295  0.00963445  0.000564021
796.188  0.0108685  0.000650193
797.082  0.0121864  0.0007453
797.975  0.0135918  0.000850182
798.868  0.0150893  0.000965776
799.761  0.0166836  0.00109314
800.655  0.0183799  0.00123344
801.548  0.0201843  0.00138803
802.441  0.022103  0.00155838
803.334  0.0241433  0.0017462
804.228  0.0263129  0.0019534
805.121  0.0286205  0.00218213
806.014  0.0310757  0.00243487
806.907  0.033689  0.0027144
807.801  0.0364721  0.00302395
808.694  0.0394381  0.00336717
809.587  0.0426014  0.00374827
810.48  0.045978  0.00417213
811.374  0.0495862  0.00464434
812.267  0.053446  0.00517145
813.16  0.0575803  0.00576105
814.053  0.0620146  0.00642203
814.947  0.0667781  0.00716485
815.84  0.0719036  0.00800183
816.733  0.0774288  0.00894761
817.626  0.0833967  0.0100196
818.52  0.0898567  0.0112387
819.413  0.0968661  0.0126302
820.306  0.104491  0.0142244
821.199  0.11281  0.0160588
822.093  0.121912  0.018179
822.986  0.131906  0.0206418
823.879  0.142919  0.0235179
824.772  0.155104  0.0268961
825.666  0.168645  0.0308893
826.559  0.183766  0.035642
827.452  0.200742  0.041341
828.345  0.219912  0.0482303
829.239  0.241701  0.056632
830.132  0.266644  0.0669757
831.025  0.295424  0.0798398
831.918  0.328919  0.0960103
832.812  0.368273  0.116561
833.705  0.414981  0.142959
834.598  0.471014  0.17719
835.491  0.538953  0.221851
836.384  0.622122  0.280085
837.278  0.724602  0.354965
838.171  0.850864  0.447568
839.064  1.00452  0.5528
839.957  1.18573  0.653841
840.851  1.38779  0.722176
841.744  1.59632  0.732765
842.637  1.7941  0.684863
843.53  1.96852  0.60146
844.424  2.11492  0.509083
845.317  2.23466  0.424096
846.21  2.33177  0.352517
847.103  2.4107  0.294609
847.997  2.47533  0.248459
848.89  2.52879  0.211744
849.783  2.57349  0.182388
850.676  2.61127  0.158718
851.57  2.64351  0.139447
852.463  2.67129  0.123596
853.356  2.69544  0.110429
854.249  2.71658  0.0993858
855.143  2.73523  0.0900405
856.036  2.75179  0.0820654
856.929  2.76657  0.0752065
857.822  2.77984  0.0692649
858.716  2.79181  0.0640834
859.609  2.80265  0.0595368
860.502  2.81251  0.0555245
861.395  2.82152  0.0519648
862.289  2.82978  0.0487911
863.182  2.83737  0.0459486
864.075  2.84437  0.0433918
864.968  2.85083  0.0410829
865.862  2.85683  0.0389901
866.755  2.8624  0.0370866
867.648  2.86759  0.0353495
868.541  2.87243  0.0337596
869.435  2.87696  0.0323001
870.328  2.8812  0.0309567
871.221  2.88518  0.029717
872.114  2.88892  0.0285703
873.008  2.89244  0.0275071
873.901  2.89576  0.0265193
874.794  2.89889  0.0255996
875.687  2.90185  0.0247417
876.58  2.90465  0.0239399
877.474  2.9073  0.0231892
878.367  2.90982  0.0224853
879.26  2.91221  0.0218242
880.153  2.91448  0.0212022
881.047  2.91664  0.0206163
881.94  2.9187  0.0200636
882.833  2.92066  0.0195416
883.726  2.92252  0.0190478
884.62  2.92431  0.0185802
885.513  2.92601  0.0181369
886.406  2.92764  0.0177162
887.299  2.9292  0.0173164
888.193  2.93069  0.0169362
889.086  2.93212  0.0165742
889.979  2.93349  0.0162292
890.872  2.9348  0.0159002
891.766  2.93606  0.0155861
892.659  2.93727  0.0152859
893.552  2.93843  0.0149989
894.445  2.93954  0.0147242
895.339  2.94062  0.0144611
896.232  2.94165  0.0142089
897.125  2.94264  0.013967
898.018  2.94359  0.0137348
898.912  2.94451  0.0135118
899.805  2.9454  0.0132975
900.698  2.94625  0.0130914
901.591  2.94707  0.012893
902.485  2.94787  0.012702
903.378  2.94863  0.012518
904.271  2.94937  0.0123406
905.164  2.95008  0.0121695
906.058  2.95077  0.0120044
906.951  2.95144  0.0118451
907.844  2.95208  0.0116911
908.737  2.9527  0.0115423
909.631  2.9533  0.0113984
910.524  2.95388  0.0112593
911.417  2.95444  0.0111246
912.31  2.95498  0.0109942
913.204  2.95551  0.0108679
914.097  2.95601  0.0107456
914.99  2.9565  0.010627
915.883  2.95698  0.0105119
916.776  2.95744  0.0104004
917.67  2.95788  0.0102921
918.563  2.95831  0.010187
919.456  2.95873  0.0100849
920.349  2.95914  0.00998572
921.243  2.95953  0.00988935
922.136  2.95991  0.00979567
923.029  2.96027  0.00970458
923.922  2.96063  0.00961597
924.816  2.96098  0.00952975
925.709  2.96131  0.00944584
926.602  2.96164  0.00936414
927.495  2.96195  0.00928458
928.389  2.96225  0.00920708
929.282  2.96255  0.00913157
930.175  2.96284  0.00905797
931.068  2.96311  0.00898621
931.962  2.96338  0.00891624
932.855  2.96364  0.008848
933.748  2.9639  0.00878141
934.641  2.96414  0.00871644
935.535  2.96438  0.00865302
936.428  2.96461  0.0085911
937.321  2.96484  0.00853063
938.214  2.96505  0.00847157
939.108  2.96526  0.00841388
940.001  2.96547  0.0083575
940.894  2.96567  0.0083024
941.787  2.96586  0.00824853
942.681  2.96604  0.00819586
943.574  2.96622  0.00814436
944.467  2.9664  0.00809398
945.36  2.96657  0.00804469
946.254  2.96673  0.00799646
947.147  2.96689  0.00794927
948.04  2.96705  0.00790307
948.933  2.96719  0.00785784
949.827  2.96734  0.00781355
950.72  2.96748  0.00777017
951.613  2.96762  0.00772769
952.506  2.96775  0.00768607
953.399  2.96787  0.00764529
954.293  2.968  0.00760532
955.186  2.96812  0.00756615
956.079  2.96823  0.00752775
956.972  2.96834  0.00749011
957.866  2.96845  0.00745319
958.759  2.96856  0.00741699
959.652  2.96866  0.00738148
960.545  2.96875  0.00734664
961.439  2.96885  0.00731247
962.332  2.96894  0.00727893
963.225  2.96903  0.00724602
964.118  2.96911  0.00721371
965.012  2.96919  0.007182
965.905  2.96927  0.00715087
966.798  2.96935  0.0071203
967.691  2.96942  0.00709029
968.585  2.96949  0.0070608
969.478  2.96956  0.00703185
970.371  2.96963  0.0070034
971.264  2.96969  0.00697545
972.158  2.96975  0.00694799
973.051  2.96981  0.00692101
973.944  2.96987  0.00689448
974.837  2.96992  0.00686842
975.731  2.96997  0.00684279
976.624  2.97002  0.0068176
977.517  2.97007  0.00679283
978.41  2.97011  0.00676847
979.304  2.97015  0.00674452
980.197  2.9702  0.00672096
981.09  2.97023  0.00669779
981.983  2.97027  0.006675
982.877  2.97031  0.00665257
983.77  2.97034  0.00663051
984.663  2.97037  0.0066088
985.556  2.9704  0.00658744
986.45  2.97043  0.00656641
987.343  2.97046  0.00654572
988.236  2.97048  0.00652535
989.129  2.97051  0.00650529
990.023  2.97053  0.00648555
990.916  2.97055  0.00646612
991.809  2.97057  0.00644698
992.702  2.97059  0.00642813
993.595  2.9706  0.00640957
994.489  2.97062  0.00639128
995.382  2.97063  0.00637328
996.275  2.97064  0.00635554
997.168  2.97065  0.00633806
998.062  2.97066  0.00632085
998.955  2.97067  0.00630388
999.848  2.97068  0.00628717
1000.74  2.97068  0.0062707
1001.63  2.97069  0.00625447
1002.53  2.97069  0.00623847
1003.42  2.9707  0.0062227
1004.31  2.9707  0.00620716
1005.21  2.9707  0.00619184
1006.1  2.9707  0.00617673
1006.99  2.9707  0.00616184
1007.89  2.97069  0.00614715
1008.78  2.97069  0.00613268
1009.67  2.97069  0.0061184
1010.57  2.97068  0.00610432
1011.46  2.97067  0.00609043
1012.35  2.97067  0.00607674
1013.25  2.97066  0.00606323
1014.14  2.97065  0.0060499
1015.03  2.97064  0.00603676
1015.93  2.97063  0.00602379
1016.82  2.97062  0.00601099
1017.71  2.97061  0.00599837
1018.61  2.97059  0.00598591
1019.5  2.97058  0.00597362
1020.39  2.97057  0.00596149
1021.29  2.97055  0.00594953
1022.18  2.97053  0.00593771
1023.07  2.97052  0.00592605
1023.97  2.9705  0.00591455
1024.86  2.97048  0.00590319
1025.75  2.97046  0.00589197
1026.65  2.97045  0.0058809
1027.54  2.97043  0.00586997
1028.43  2.97041  0.00585919
1029.33  2.97038  0.00584853
1030.22  2.97036  0.00583801
1031.11  2.97034  0.00582763
1032.01  2.97032  0.00581737
1032.9  2.9703  0.00580724
1033.79  2.97027  0.00579724
1034.68  2.97025  0.00578736
1035.58  2.97022  0.0057776
1036.47  2.9702  0.00576797
1037.36  2.97017  0.00575845
1038.26  2.97015  0.00574904
1039.15  2.97012  0.00573975
1040.04  2.97009  0.00573058
1040.94  2.97006  0.00572151
1041.83  2.97004  0.00571255
1042.72  2.97001  0.0057037
1043.62  2.96998  0.00569496
1044.51  2.96995  0.00568632
1045.4  2.96992  0.00567778
1046.3  2.96989  0.00566935
1047.19  2.96986  0.00566101
1048.08  2.96983  0.00565277
1048.98  2.9698  0.00564462
1049.87  2.96977  0.00563657
1050.76  2.96973  0.00562862
1051.66  2.9697  0.00562076
1052.55  2.96967  0.00561298
1053.44  2.96964  0.0056053
1054.34  2.9696  0.0055977
1055.23  2.96957  0.0055902
1056.12  2.96953  0.00558277
1057.02  2.9695  0.00557543
1057.91  2.96947  0.00556818
1058.8  2.96943  0.005561
1059.7  2.9694  0.00555391
1060.59  2.96936  0.0055469
1061.48  2.96932  0.00553996
1062.38  2.96929  0.0055331
1063.27  2.96925  0.00552632
1064.16  2.96922  0.00551961
1065.06  2.96918  0.00551298
1065.95  2.96914  0.00550642
1066.84  2.9691  0.00549993
1067.73  2.96907  0.00549351
1068.63  2.96903  0.00548717
1069.52  2.96899  0.00548089
1070.41  2.96895  0.00547468
1071.31  2.96891  0.00546854
1072.2  2.96888  0.00546246
1073.09  2.96884  0.00545645
1073.99  2.9688  0.0054505
1074.88  2.96876  0.00544462
1075.77  2.96872  0.0054388
1076.67  2.96868  0.00543304
1077.56  2.96864  0.00542734
1078.45  2.9686  0.0054217
1079.35  2.96856  0.00541612
1080.24  2.96852  0.00541061
1081.13  2.96848  0.00540514
1082.03  2.96844  0.00539974
1082.92  2.9684  0.00539439
1083.81  2.96836  0.0053891
1084.71  2.96831  0.00538386
1085.6  2.96827  0.00537868
1086.49  2.96823  0.00537355
1087.39  2.96819  0.00536847
1088.28  2.96815  0.00536345
1089.17  2.96811  0.00535847
1090.07  2.96806  0.00535355
1090.96  2.96802  0.00534868
1091.85  2.96798  0.00534385
1092.75  2.96794  0.00533908
1093.64  2.9679  0.00533435
1094.53  2.96785  0.00532968
1095.43  2.96781  0.00532505
1096.32  2.96777  0.00532046
1097.21  2.96772  0.00531592
1098.11  2.96768  0.00531143
1099  2.96764  0.00530698
1099.89  2.9676  0.00530258
1100.78  2.96755  0.00529822
1101.68  2.96751  0.0052939
1102.57  2.96747  0.00528962
1103.46  2.96742  0.00528539
1104.36  2.96738  0.0052812
1105.25  2.96733  0.00527705
1106.14  2.96729  0.00527294
1107.04  2.96725  0.00526887
1107.93  2.9672  0.00526484
1108.82  2.96716  0.00526085
1109.72  2.96711  0.0052569
1110.61  2.96707  0.00525299
1111.5  2.96703  0.00524911
1112.4  2.96698  0.00524527
1113.29  2.96694  0.00524147
1114.18  2.96689  0.00523771
1115.08  2.96685  0.00523398
1115.97  2.9668  0.00523029
1116.86  2.96676  0.00522663
1117.76  2.96671  0.005223
1118.65  2.96667  0.00521942
1119.54  2.96663  0.00521586
1120.44  2.96658  0.00521234
1121.33  2.96654  0.00520885
1122.22  2.96649  0.0052054
1123.12  2.96645  0.00520197
1124.01  2.9664  0.00519858
1124.9  2.96636  0.00519522
1125.8  2.96631  0.0051919
1126.69  2.96627  0.0051886
1127.58  2.96622  0.00518534
1128.48  2.96618  0.0051821
1129.37  2.96613  0.00517889
1130.26  2.96609  0.00517572
1131.16  2.96604  0.00517257
1132.05  2.966  0.00516946
1132.94  2.96595  0.00516637
1133.83  2.96591  0.00516331
1134.73  2.96586  0.00516027
1135.62  2.96581  0.00515727
1136.51  2.96577  0.00515429
1137.41  2.96572  0.00515134
1138.3  2.96568  0.00514842
1139.19  2.96563  0.00514552
1140.09  2.96559  0.00514265
1140.98  2.96554  0.00513981
1141.87  2.9655  0.00513699
1142.77  2.96545  0.0051342
1143.66  2.96541  0.00513143
1144.55  2.96536  0.00512869
1145.45  2.96532  0.00512597
1146.34  2.96527  0.00512327
1147.23  2.96523  0.0051206
1148.13  2.96518  0.00511796
1149.02  2.96514  0.00511533
1149.91  2.96509  0.00511273
1150.81  2.96504  0.00511016
1151.7  2.965  0.0051076
1152.59  2.96495  0.00510507
1153.49  2.96491  0.00510257
1154.38  2.96486  0.00510008
1155.27  2.96482  0.00509761
1156.17  2.96477  0.00509517
1157.06  2.96473  0.00509275
1157.95  2.96468  0.00509035
1158.85  2.96464  0.00508797
1159.74  2.96459  0.00508561
1160.63  2.96455  0.00508328
1161.53  2.9645  0.00508096
1162.42  2.96446  0.00507866
1163.31  2.96441  0.00507638
1164.21  2.96437  0.00507413
1165.1  2.96432  0.00507189
1165.99  2.96428  0.00506967
1166.88  2.96423  0.00506747
1167.78  2.96419  0.00506529
1168.67  2.96414  0.00506313
1169.56  2.9641  0.00506099
1170.46  2.96405  0.00505886
1171.35  2.96401  0.00505676
1172.24  2.96396  0.00505467
1173.14  2.96392  0.0050526
1174.03  2.96387  0.00505055
1174.92  2.96383  0.00504851
1175.82  2.96378  0.00504649
1176.71  2.96374  0.00504449
1177.6  2.96369  0.00504251
1178.5  2.96365  0.00504054
1179.39  2.9636  0.00503859
1180.28  2.96356  0.00503666
1181.18  2.96351  0.00503474
1182.07  2.96347  0.00503284
1182.96  2.96342  0.00503095
1183.86  2.96338  0.00502909
1184.75  2.96333  0.00502723
1185.64  2.96329  0.00502539
1186.54  2.96325  0.00502357
1187.43  2.9632  0.00502176
1188.32  2.96316  0.00501997
1189.22  2.96311  0.00501819
1190.11  2.96307  0.00501643
1191  2.96302  0.00501468
1191.9  2.96298  0.00501295
1192.79  2.96294  0.00501123
1193.68  2.96289  0.00500953
1194.58  2.96285  0.00500784
1195.47  2.9628  0.00500616
1196.36  2.96276  0.0050045
1197.26  2.96272  0.00500285
1198.15  2.96267  0.00500122
1199.04  2.96263  0.0049996
1199.93  2.96258  0.00499799
1200.83  2.96254  0.00499639
1201.72  2.9625  0.00499481
1202.61  2.96245  0.00499324
1203.51  2.96241  0.00499169
1204.4  2.96237  0.00499014
1205.29  2.96232  0.00498861
1206.19  2.96228  0.00498709
1207.08  2.96223  0.00498559
1207.97  2.96219  0.0049841
1208.87  2.96215  0.00498261
1209.76  2.9621  0.00498115
1210.65  2.96206  0.00497969
1211.55  2.96202  0.00497824
1212.44  2.96197  0.00497681
1213.33  2.96193  0.00497539
1214.23  2.96189  0.00497398
1215.12  2.96185  0.00497258
1216.01  2.9618  0.00497119
1216.91  2.96176  0.00496981
1217.8  2.96172  0.00496845
1218.69  2.96167  0.00496709
1219.59  2.96163  0.00496575
1220.48  2.96159  0.00496442
1221.37  2.96155  0.0049631
1222.27  2.9615  0.00496179
1223.16  2.96146  0.00496049
1224.05  2.96142  0.0049592
1224.95  2.96137  0.00495792
1225.84  2.96133  0.00495665
1226.73  2.96129  0.00495539
1227.63  2.96125  0.00495414
1228.52  2.96121  0.0049529
1229.41  2.96116  0.00495167
1230.31  2.96112  0.00495045
1231.2  2.96108  0.00494924
1232.09  2.96104  0.00494804
1232.98  2.96099  0.00494685
1233.88  2.96095  0.00494567
1234.77  2.96091  0.0049445
1235.66  2.96087  0.00494333
1236.56  2.96083  0.00494218
1237.45  2.96079  0.00494104
1238.34  2.96074  0.0049399
1239.24  2.9607  0.00493877
1240.13  2.96066  0.00493766
1241.02  2.96062  0.00493655
1241.92  2.96058  0.00493545
1242.81  2.96054  0.00493436
1243.7  2.96049  0.00493328
1244.6  2.96045  0.0049322
1245.49  2.96041  0.00493114
1246.38  2.96037  0.00493008
1247.28  2.96033  0.00492903
1248.17  2.96029  0.00492799
1249.06  2.96025  0.00492696
1249.96  2.96021  0.00492594
1250.85  2.96016  0.00492492
1251.74  2.96012  0.00492391
1252.64  2.96008  0.00492291
1253.53  2.96004  0.00492192
1254.42  2.96  0.00492094
1255.32  2.95996  0.00491996
1256.21  2.95992  0.00491899
1257.1  2.95988  0.00491803
1258  2.95984  0.00491707
1258.89  2.9598  0.00491613
1259.78  2.95976  0.00491519
1260.68  2.95972  0.00491426
1261.57  2.95968  0.00491333
1262.46  2.95964  0.00491242
1263.36  2.9596  0.00491151
1264.25  2.95956  0.0049106
1265.14  2.95952  0.00490971
1266.04  2.95948  0.00490882
1266.93  2.95944  0.00490793
1267.82  2.9594  0.00490706
1268.71  2.95936  0.00490619
1269.61  2.95932  0.00490533
1270.5  2.95928  0.00490447
1271.39  2.95924  0.00490363
1272.29  2.9592  0.00490278
1273.18  2.95916  0.00490195
1274.07  2.95912  0.00490112
1274.97  2.95908  0.0049003
1275.86  2.95904  0.00489948
1276.75  2.959  0.00489867
1277.65  2.95896  0.00489787
1278.54  2.95892  0.00489707
1279.43  2.95888  0.00489628
1280.33  2.95884  0.0048955
1281.22  2.95881  0.00489472
1282.11  2.95877  0.00489394
1283.01  2.95873  0.00489318
1283.9  2.95869  0.00489242
1284.79  2.95865  0.00489166
1285.69  2.95861  0.00489091
1286.58  2.95857  0.00489017
1287.47  2.95853  0.00488943
1288.37  2.9585  0.0048887
1289.26  2.95846  0.00488797
1290.15  2.95842  0.00488725
1291.05  2.95838  0.00488654
1291.94  2.95834  0.00488583
1292.83  2.9583  0.00488512
1293.73  2.95827  0.00488442
1294.62  2.95823  0.00488373
1295.51  2.95819  0.00488304
1296.41  2.95815  0.00488236
1297.3  2.95811  0.00488168
1298.19  2.95808  0.00488101
1299.09  2.95804  0.00488034
1299.98  2.958  0.00487968
1300.87  2.95796  0.00487903
1301.76  2.95792  0.00487837
1302.66  2.95789  0.00487773
1303.55  2.95785  0.00487708
1304.44  2.95781  0.00487645
1305.34  2.95777  0.00487582
1306.23  2.95774  0.00487519
1307.12  2.9577  0.00487457
1308.02  2.95766  0.00487395
1308.91  2.95763  0.00487334
1309.8  2.95759  0.00487273
1310.7  2.95755  0.00487213
1311.59  2.95751  0.00487153
1312.48  2.95748  0.00487093
1313.38  2.95744  0.00487034
1314.27  2.9574  0.00486976
1315.16  2.95737  0.00486918
1316.06  2.95733  0.0048686
1316.95  2.95729  0.00486803
1317.84  2.95726  0.00486746
1318.74  2.95722  0.0048669
1319.63  2.95718  0.00486634
1320.52  2.95715  0.00486579
1321.42  2.95711  0.00486524
1322.31  2.95707  0.00486469
1323.2  2.95704  0.00486415
1324.1  2.957  0.00486361
1324.99  2.95697  0.00486308
1325.88  2.95693  0.00486255
1326.78  2.95689  0.00486203
1327.67  2.95686  0.00486151
1328.56  2.95682  0.00486099
1329.46  2.95679  0.00486048
1330.35  2.95675  0.00485997
1331.24  2.95671  0.00485946
1332.14  2.95668  0.00485896
1333.03  2.95664  0.00485846
1333.92  2.95661  0.00485797
1334.81  2.95657  0.00485748
1335.71  2.95654  0.00485699
1336.6  2.9565  0.00485651
1337.49  2.95647  0.00485603
1338.39  2.95643  0.00485556
1339.28  2.9564  0.00485509
1340.17  2.95636  0.00485462
1341.07  2.95632  0.00485416
1341.96  2.95629  0.0048537
1342.85  2.95625  0.00485324
1343.75  2.95622  0.00485279
1344.64  2.95618  0.00485234
1345.53  2.95615  0.00485189
1346.43  2.95612  0.00485145
1347.32  2.95608  0.00485101
1348.21  2.95605  0.00485057
1349.11  2.95601  0.00485014
1350  2.95598  0.00484971
