279  -1.09502e-06  1.60538e-08
279.893  1.36693e-05  1.99943e-07
280.786  4.41868e-05  6.44842e-07
281.68  8.4675e-05  1.23284e-06
282.573  0.000133107  1.93348e-06
283.466  0.000188359  2.7296e-06
284.359  0.000249685  3.60972e-06
285.253  0.000316548  4.56542e-06
286.146  0.000388534  5.59014e-06
287.039  0.000465314  6.67857e-06
287.932  0.000546618  7.8263e-06
288.826  0.000632219  9.02957e-06
289.719  0.000721923  1.02851e-05
290.612  0.000815563  1.15901e-05
291.505  0.000912992  1.29418e-05
292.399  0.00101408  1.43382e-05
293.292  0.00111871  1.5777e-05
294.185  0.00122678  1.72563e-05
295.078  0.0013382  1.87745e-05
295.972  0.00145288  2.03298e-05
296.865  0.00157074  2.19208e-05
297.758  0.00169171  2.3546e-05
298.651  0.00181573  2.52041e-05
299.545  0.00194274  2.68939e-05
300.438  0.00207267  2.86142e-05
301.331  0.00220549  3.03638e-05
302.224  0.00234114  3.21418e-05
303.118  0.00247957  3.3947e-05
304.011  0.00262075  3.57785e-05
304.904  0.00276464  3.76353e-05
305.797  0.00291119  3.95166e-05
306.691  0.00306038  4.14215e-05
307.584  0.00321217  4.33492e-05
308.477  0.00336654  4.52988e-05
309.37  0.00352345  4.72696e-05
310.264  0.00368288  4.92607e-05
311.157  0.00384481  5.12716e-05
312.05  0.0040092  5.33013e-05
312.943  0.00417604  5.53494e-05
313.837  0.00434531  5.74149e-05
314.73  0.00451699  5.94974e-05
315.623  0.00469105  6.15961e-05
316.516  0.00486749  6.37105e-05
317.41  0.00504628  6.58397e-05
318.303  0.00522741  6.79834e-05
319.196  0.00541086  7.01408e-05
320.089  0.00559663  7.23113e-05
320.982  0.00578469  7.44944e-05
321.876  0.00597504  7.66895e-05
322.769  0.00616766  7.88961e-05
323.662  0.00636255  8.11134e-05
324.555  0.00655969  8.33411e-05
325.449  0.00675907  8.55785e-05
326.342  0.00696069  8.78252e-05
327.235  0.00716454  9.00805e-05
328.128  0.0073706  9.23439e-05
329.022  0.00757888  9.46149e-05
329.915  0.00778936  9.6893e-05
330.808  0.00800204  9.91777e-05
331.701  0.00821691  0.000101468
332.595  0.00843398  0.000103765
333.488  0.00865322  0.000106066
334.381  0.00887465  0.000108372
335.274  0.00909825  0.000110681
336.168  0.00932402  0.000112994
337.061  0.00955196  0.000115311
337.954  0.00978207  0.000117629
338.847  0.0100143  0.00011995
339.741  0.0102488  0.000122272
340.634  0.0104854  0.000124595
341.527  0.0107241  0.000126919
342.42  0.010965  0.000129242
343.314  0.0112081  0.000131565
344.207  0.0114533  0.000133887
345.1  0.0117007  0.000136208
345.993  0.0119503  0.000138526
346.887  0.012202  0.000140842
347.78  0.0124558  0.000143155
348.673  0.0127119  0.000145464
349.566  0.0129701  0.000147769
350.46  0.0132304  0.00015007
351.353  0.0134929  0.000152366
352.246  0.0137576  0.000154656
353.139  0.0140245  0.00015694
354.033  0.0142935  0.000159218
354.926  0.0145647  0.000161489
355.819  0.0148381  0.000163752
356.712  0.0151137  0.000166007
357.606  0.0153914  0.000168253
358.499  0.0156714  0.00017049
359.392  0.0159535  0.000172718
360.285  0.0162379  0.000174935
361.178  0.0165244  0.000177142
362.072  0.0168132  0.000179337
362.965  0.0171042  0.000181521
363.858  0.0173974  0.000183693
364.751  0.0176928  0.000185851
365.645  0.0179905  0.000187997
366.538  0.0182904  0.000190128
367.431  0.0185925  0.000192245
368.324  0.0188969  0.000194347
369.218  0.0192036  0.000196434
370.111  0.0195125  0.000198505
371.004  0.0198237  0.000200559
371.897  0.0201371  0.000202595
372.791  0.0204529  0.000204615
373.684  0.020771  0.000206615
374.577  0.0210913  0.000208597
375.47  0.021414  0.00021056
376.364  0.021739  0.000212503
377.257  0.0220663  0.000214425
378.15  0.0223959  0.000216326
379.043  0.0227279  0.000218205
379.937  0.0230623  0.000220062
380.83  0.023399  0.000221896
381.723  0.0237381  0.000223707
382.616  0.0240796  0.000225494
383.51  0.0244234  0.000227256
384.403  0.0247697  0.000228993
385.296  0.0251184  0.000230705
386.189  0.0254695  0.00023239
387.083  0.025823  0.000234048
387.976  0.026179  0.000235679
388.869  0.0265375  0.000237281
389.762  0.0268984  0.000238855
390.656  0.0272618  0.0002404
391.549  0.0276276  0.000241915
392.442  0.027996  0.000243399
393.335  0.0283669  0.000244852
394.229  0.0287404  0.000246274
395.122  0.0291163  0.000247663
396.015  0.0294949  0.00024902
396.908  0.029876  0.000250343
397.802  0.0302596  0.000251632
398.695  0.0306459  0.000252887
399.588  0.0310348  0.000254107
400.481  0.0314263  0.000255291
401.374  0.0318204  0.000256439
402.268  0.0322172  0.00025755
403.161  0.0326166  0.000258624
404.054  0.0330187  0.00025966
404.947  0.0334235  0.000260658
405.841  0.0338311  0.000261617
406.734  0.0342413  0.000262537
407.627  0.0346543  0.000263417
408.52  0.03507  0.000264256
409.414  0.0354885  0.000265055
410.307  0.0359098  0.000265813
411.2  0.0363339  0.000266529
412.093  0.0367608  0.000267203
412.987  0.0371905  0.000267835
413.88  0.0376231  0.000268425
414.773  0.0380586  0.000268971
415.666  0.038497  0.000269474
416.56  0.0389382  0.000269933
417.453  0.0393824  0.000270349
418.346  0.0398295  0.000270721
419.239  0.0402796  0.000271048
420.133  0.0407327  0.000271332
421.026  0.0411887  0.000271571
421.919  0.0416478  0.000271766
422.812  0.0421099  0.000271917
423.706  0.0425751  0.000272024
424.599  0.0430433  0.000272087
425.492  0.0435147  0.000272107
426.385  0.0439891  0.000272083
427.279  0.0444667  0.000272017
428.172  0.0449475  0.000271908
429.065  0.0454314  0.000271758
429.958  0.0459186  0.000271566
430.852  0.0464089  0.000271335
431.745  0.0469025  0.000271064
432.638  0.0473994  0.000270755
433.531  0.0478995  0.000270409
434.425  0.048403  0.000270027
435.318  0.0489098  0.000269612
436.211  0.04942  0.000269164
437.104  0.0499335  0.000268685
437.997  0.0504505  0.000268177
438.891  0.0509709  0.000267644
439.784  0.0514947  0.000267086
440.677  0.0520221  0.000266507
441.57  0.0525529  0.00026591
442.464  0.0530873  0.000265298
443.357  0.0536252  0.000264674
444.25  0.0541667  0.000264043
445.143  0.0547119  0.000263408
446.037  0.0552606  0.000262774
446.93  0.055813  0.000262145
447.823  0.0563692  0.000261527
448.716  0.056929  0.000260925
449.61  0.0574926  0.000260345
450.503  0.05806  0.000259794
451.396  0.0586311  0.000259278
452.289  0.0592062  0.000258804
453.183  0.059785  0.000258381
454.076  0.0603678  0.000258015
454.969  0.0609545  0.000257717
455.862  0.0615452  0.000257494
456.756  0.0621398  0.000257357
457.649  0.0627385  0.000257315
458.542  0.0633412  0.000257378
459.435  0.063948  0.000257559
460.329  0.0645589  0.000257867
461.222  0.065174  0.000258315
462.115  0.0657933  0.000258915
463.008  0.0664167  0.000259678
463.902  0.0670445  0.000260617
464.795  0.0676765  0.000261746
465.688  0.0683128  0.000263076
466.581  0.0689535  0.000264621
467.475  0.0695986  0.000266394
468.368  0.0702481  0.000268407
469.261  0.0709021  0.000270673
470.154  0.0715606  0.000273205
471.048  0.0722236  0.000276014
471.941  0.0728913  0.000279112
472.834  0.0735635  0.000282511
473.727  0.0742404  0.000286221
474.621  0.074922  0.000290253
475.514  0.0756084  0.000294615
476.407  0.0762995  0.000299318
477.3  0.0769954  0.000304369
478.193  0.0776963  0.000309777
479.087  0.078402  0.000315549
479.98  0.0791127  0.00032169
480.873  0.0798283  0.000328208
481.766  0.0805491  0.000335108
482.66  0.0812749  0.000342394
483.553  0.0820058  0.000350071
484.446  0.0827419  0.000358143
485.339  0.0834832  0.000366615
486.233  0.0842298  0.000375488
487.126  0.0849817  0.000384767
488.019  0.085739  0.000394454
488.912  0.0865017  0.000404552
489.806  0.0872698  0.000415064
490.699  0.0880435  0.000425991
491.592  0.0888227  0.000437337
492.485  0.0896076  0.000449103
493.379  0.0903981  0.000461293
494.272  0.0911944  0.000473908
495.165  0.0919964  0.000486951
496.058  0.0928042  0.000500426
496.952  0.093618  0.000514333
497.845  0.0944377  0.000528678
498.738  0.0952633  0.000543461
499.631  0.0960951  0.000558688
500.525  0.0969329  0.000574361
501.418  0.0977769  0.000590483
502.311  0.0986272  0.00060706
503.204  0.0994837  0.000624093
504.098  0.100347  0.000641589
504.991  0.101216  0.000659551
505.884  0.102092  0.000677984
506.777  0.102974  0.000696893
507.671  0.103863  0.000716282
508.564  0.104759  0.000736158
509.457  0.105661  0.000756526
510.35  0.10657  0.000777392
511.244  0.107486  0.000798761
512.137  0.108409  0.00082064
513.03  0.109339  0.000843036
513.923  0.110276  0.000865954
514.817  0.11122  0.000889403
515.71  0.112172  0.000913389
516.603  0.113131  0.00093792
517.496  0.114097  0.000963004
518.389  0.11507  0.000988647
519.283  0.116051  0.00101486
520.176  0.11704  0.00104165
521.069  0.118037  0.00106902
521.962  0.119041  0.00109699
522.856  0.120053  0.00112557
523.749  0.121073  0.00115475
524.642  0.122101  0.00118456
525.535  0.123137  0.001215
526.429  0.124181  0.00124609
527.322  0.125234  0.00127783
528.215  0.126295  0.00131023
529.108  0.127364  0.0013433
530.002  0.128442  0.00137707
530.895  0.129529  0.00141153
531.788  0.130624  0.00144669
532.681  0.131728  0.00148259
533.575  0.132841  0.00151921
534.468  0.133963  0.00155658
535.361  0.135095  0.00159471
536.254  0.136235  0.00163361
537.148  0.137385  0.0016733
538.041  0.138544  0.00171379
538.934  0.139713  0.00175509
539.827  0.140891  0.00179723
540.721  0.142079  0.0018402
541.614  0.143277  0.00188404
542.507  0.144485  0.00192874
543.4  0.145704  0.00197434
544.294  0.146932  0.00202084
545.187  0.148171  0.00206827
546.08  0.14942  0.00211664
546.973  0.150679  0.00216596
547.867  0.15195  0.00221626
548.76  0.153231  0.00226755
549.653  0.154523  0.00231985
550.546  0.155826  0.00237318
551.44  0.157141  0.00242756
552.333  0.158466  0.00248302
553.226  0.159804  0.00253956
554.119  0.161152  0.00259721
555.013  0.162513  0.00265599
555.906  0.163885  0.00271592
556.799  0.16527  0.00277703
557.692  0.166666  0.00283933
558.585  0.168075  0.00290286
559.479  0.169497  0.00296763
560.372  0.170931  0.00303367
561.265  0.172378  0.003101
562.158  0.173837  0.00316965
563.052  0.17531  0.00323964
563.945  0.176796  0.003311
564.838  0.178296  0.00338376
565.731  0.179809  0.00345794
566.625  0.181336  0.00353357
567.518  0.182877  0.00361068
568.411  0.184432  0.00368931
569.304  0.186001  0.00376947
570.198  0.187585  0.00385121
571.091  0.189183  0.00393454
571.984  0.190797  0.00401952
572.877  0.192425  0.00410616
573.771  0.194068  0.0041945
574.664  0.195727  0.00428457
575.557  0.197402  0.00437642
576.45  0.199092  0.00447007
577.344  0.200799  0.00456556
578.237  0.202522  0.00466294
579.13  0.204261  0.00476223
580.023  0.206017  0.00486348
580.917  0.207789  0.00496673
581.81  0.209579  0.00507202
582.703  0.211387  0.0051794
583.596  0.213212  0.00528889
584.49  0.215054  0.00540056
585.383  0.216915  0.00551444
586.276  0.218794  0.00563058
587.169  0.220692  0.00574903
588.063  0.222609  0.00586984
588.956  0.224544  0.00599305
589.849  0.226499  0.00611871
590.742  0.228474  0.00624689
591.636  0.230468  0.00637762
592.529  0.232483  0.00651097
593.422  0.234518  0.00664699
594.315  0.236574  0.00678574
595.209  0.238651  0.00692727
596.102  0.240749  0.00707165
596.995  0.242869  0.00721893
597.888  0.24501  0.00736919
598.781  0.247174  0.00752247
599.675  0.249361  0.00767886
600.568  0.251571  0.0078384
601.461  0.253803  0.00800119
602.354  0.256059  0.00816727
603.248  0.25834  0.00833673
604.141  0.260644  0.00850964
605.034  0.262973  0.00868608
605.927  0.265327  0.00886612
606.821  0.267706  0.00904983
607.714  0.270111  0.00923731
608.607  0.272542  0.00942863
609.5  0.275  0.00962389
610.394  0.277484  0.00982315
611.287  0.279996  0.0100265
612.18  0.282536  0.0102341
613.073  0.285103  0.010446
613.967  0.287699  0.0106622
614.86  0.290324  0.0108829
615.753  0.292978  0.0111082
616.646  0.295663  0.0113382
617.54  0.298377  0.011573
618.433  0.301123  0.0118127
619.326  0.303899  0.0120574
620.219  0.306707  0.0123072
621.113  0.309548  0.0125622
622.006  0.312421  0.0128226
622.899  0.315328  0.0130885
623.792  0.318268  0.01336
624.686  0.321242  0.0136372
625.579  0.324252  0.0139202
626.472  0.327296  0.0142093
627.365  0.330377  0.0145044
628.259  0.333494  0.0148059
629.152  0.336648  0.0151137
630.045  0.33984  0.0154281
630.938  0.34307  0.0157492
631.832  0.346339  0.0160771
632.725  0.349647  0.0164121
633.618  0.352996  0.0167542
634.511  0.356385  0.0171036
635.405  0.359816  0.0174606
636.298  0.363289  0.0178252
637.191  0.366805  0.0181977
638.084  0.370364  0.0185782
638.977  0.373968  0.0189669
639.871  0.377616  0.0193641
640.764  0.38131  0.0197698
641.657  0.38505  0.0201843
642.55  0.388838  0.0206077
643.444  0.392674  0.0210404
644.337  0.396558  0.0214824
645.23  0.400492  0.0219341
646.123  0.404476  0.0223956
647.017  0.408511  0.0228672
647.91  0.412599  0.023349
648.803  0.416739  0.0238413
649.696  0.420933  0.0243444
650.59  0.425182  0.0248585
651.483  0.429487  0.0253837
652.376  0.433847  0.0259205
653.269  0.438266  0.026469
654.163  0.442742  0.0270295
655.056  0.447278  0.0276023
655.949  0.451875  0.0281875
656.842  0.456532  0.0287856
657.736  0.461252  0.0293967
658.629  0.466036  0.0300212
659.522  0.470884  0.0306594
660.415  0.475797  0.0313115
661.309  0.480777  0.0319778
662.202  0.485825  0.0326586
663.095  0.490941  0.0333543
663.988  0.496128  0.0340651
664.882  0.501385  0.0347913
665.775  0.506715  0.0355333
666.668  0.512118  0.0362914
667.561  0.517596  0.0370659
668.455  0.523149  0.037857
669.348  0.52878  0.0386653
670.241  0.534488  0.0394908
671.134  0.540277  0.0403341
672.028  0.546146  0.0411954
672.921  0.552097  0.042075
673.814  0.558131  0.0429733
674.707  0.56425  0.0438906
675.601  0.570455  0.0448272
676.494  0.576747  0.0457834
677.387  0.583128  0.0467596
678.28  0.589599  0.0477561
679.173  0.59616  0.0487732
680.067  0.602815  0.0498112
680.96  0.609564  0.0508704
681.853  0.616407  0.0519511
682.746  0.623348  0.0530535
683.64  0.630386  0.0541781
684.533  0.637525  0.0553249
685.426  0.644763  0.0564943
686.319  0.652104  0.0576865
687.213  0.659549  0.0589017
688.106  0.667098  0.0601402
688.999  0.674753  0.0614021
689.892  0.682516  0.0626876
690.786  0.690388  0.0639969
691.679  0.69837  0.06533
692.572  0.706463  0.0666871
693.465  0.714669  0.0680682
694.359  0.722988  0.0694733
695.252  0.731423  0.0709026
696.145  0.739974  0.0723559
697.038  0.748642  0.0738332
697.932  0.757428  0.0753344
698.825  0.766334  0.0768593
699.718  0.775361  0.0784078
700.611  0.784508  0.0799796
701.505  0.793778  0.0815744
702.398  0.803171  0.0831919
703.291  0.812688  0.0848317
704.184  0.822329  0.0864933
705.078  0.832095  0.0881763
705.971  0.841987  0.0898801
706.864  0.852005  0.0916039
707.757  0.86215  0.0933472
708.651  0.872421  0.0951092
709.544  0.882819  0.0968889
710.437  0.893344  0.0986855
711.33  0.903995  0.100498
712.224  0.914774  0.102325
713.117  0.925679  0.104166
714.01  0.936709  0.10602
714.903  0.947866  0.107884
715.796  0.959147  0.109758
716.69  0.970551  0.11164
717.583  0.982079  0.113529
718.476  0.993728  0.115423
719.369  1.0055  0.117321
720.263  1.01739  0.11922
721.156  1.02939  0.121118
722.049  1.04152  0.123014
722.942  1.05375  0.124906
723.836  1.0661  0.126791
724.729  1.07855  0.128667
725.622  1.09112  0.130533
726.515  1.10378  0.132386
727.409  1.11655  0.134223
728.302  1.12942  0.136042
729.195  1.14238  0.137841
730.088  1.15543  0.139618
730.982  1.16857  0.141369
731.875  1.1818  0.143093
732.768  1.19511  0.144788
733.661  1.20849  0.146449
734.555  1.22194  0.148076
735.448  1.23547  0.149666
736.341  1.24905  0.151216
737.234  1.2627  0.152725
738.128  1.2764  0.154189
739.021  1.29015  0.155607
739.914  1.30394  0.156976
740.807  1.31777  0.158295
741.701  1.33164  0.159562
742.594  1.34553  0.160774
743.487  1.35945  0.161931
744.38  1.37339  0.163029
745.274  1.38734  0.164069
746.167  1.40129  0.165048
747.06  1.41525  0.165966
747.953  1.4292  0.166821
748.847  1.44315  0.167613
749.74  1.45708  0.16834
750.633  1.47099  0.169003
751.526  1.48488  0.1696
752.42  1.49873  0.170131
753.313  1.51255  0.170597
754.206  1.52633  0.170996
755.099  1.54006  0.171331
755.992  1.55374  0.171599
756.886  1.56737  0.171803
757.779  1.58094  0.171943
758.672  1.59444  0.172019
759.565  1.60787  0.172032
760.459  1.62122  0.171984
761.352  1.6345  0.171875
762.245  1.6477  0.171707
763.138  1.66081  0.17148
764.032  1.67384  0.171197
764.925  1.68677  0.170859
765.818  1.6996  0.170467
766.711  1.71233  0.170023
767.605  1.72497  0.169528
768.498  1.73749  0.168985
769.391  1.74992  0.168396
770.284  1.76223  0.167761
771.178  1.77442  0.167083
772.071  1.78651  0.166364
772.964  1.79848  0.165605
773.857  1.81033  0.164809
774.751  1.82206  0.163977
775.644  1.83367  0.163112
776.537  1.84515  0.162215
777.43  1.85652  0.161287
778.324  1.86776  0.160332
779.217  1.87887  0.15935
780.11  1.88986  0.158344
781.003  1.90073  0.157314
781.897  1.91147  0.156264
782.79  1.92208  0.155194
783.683  1.93256  0.154106
784.576  1.94292  0.153002
785.47  1.95315  0.151884
786.363  1.96326  0.150752
787.256  1.97324  0.149608
788.149  1.98309  0.148453
789.043  1.99282  0.14729
789.936  2.00242  0.146119
790.829  2.0119  0.144941
791.722  2.02125  0.143757
792.616  2.03049  0.142569
793.509  2.0396  0.141378
794.402  2.04859  0.140185
795.295  2.05746  0.138991
796.188  2.06621  0.137796
797.082  2.07484  0.136601
797.975  2.08336  0.135408
798.868  2.09176  0.134217
799.761  2.10005  0.133029
800.655  2.10822  0.131845
801.548  2.11628  0.130664
802.441  2.12423  0.129489
803.334  2.13208  0.128319
804.228  2.13981  0.127154
805.121  2.14744  0.125997
806.014  2.15496  0.124846
806.907  2.16237  0.123702
807.801  2.16969  0.122566
808.694  2.1769  0.121439
809.587  2.18401  0.120319
810.48  2.19103  0.119209
811.374  2.19794  0.118107
812.267  2.20476  0.117015
813.16  2.21149  0.115932
814.053  2.21812  0.114858
814.947  2.22466  0.113795
815.84  2.23111  0.112742
816.733  2.23747  0.111699
817.626  2.24374  0.110666
818.52  2.24993  0.109644
819.413  2.25603  0.108632
820.306  2.26205  0.107631
821.199  2.26798  0.106641
822.093  2.27383  0.105661
822.986  2.2796  0.104692
823.879  2.2853  0.103734
824.772  2.29091  0.102786
825.666  2.29645  0.10185
826.559  2.30192  0.100924
827.452  2.30731  0.100009
828.345  2.31262  0.0991045
829.239  2.31787  0.0982109
830.132  2.32305  0.097328
831.025  2.32815  0.0964557
831.918  2.33319  0.095594
832.812  2.33816  0.0947428
833.705  2.34307  0.093902
834.598  2.3479  0.0930716
835.491  2.35268  0.0922515
836.384  2.35739  0.0914416
837.278  2.36205  0.0906419
838.171  2.36664  0.0898522
839.064  2.37117  0.0890724
839.957  2.37564  0.0883026
840.851  2.38005  0.0875425
841.744  2.38441  0.086792
842.637  2.38871  0.0860511
843.53  2.39296  0.0853197
844.424  2.39715  0.0845977
845.317  2.40129  0.0838849
846.21  2.40537  0.0831813
847.103  2.40941  0.0824867
847.997  2.41339  0.0818011
848.89  2.41732  0.0811243
849.783  2.42121  0.0804562
850.676  2.42505  0.0797968
851.57  2.42883  0.0791458
852.463  2.43258  0.0785033
853.356  2.43627  0.077869
854.249  2.43992  0.077243
855.143  2.44353  0.076625
856.036  2.44709  0.0760149
856.929  2.45061  0.0754128
857.822  2.45409  0.0748183
858.716  2.45753  0.0742316
859.609  2.46092  0.0736523
860.502  2.46428  0.0730805
861.395  2.46759  0.0725161
862.289  2.47087  0.0719588
863.182  2.4741  0.0714087
864.075  2.4773  0.0708656
864.968  2.48047  0.0703295
865.862  2.48359  0.0698001
866.755  2.48668  0.0692775
867.648  2.48973  0.0687615
868.541  2.49275  0.0682521
869.435  2.49574  0.067749
870.328  2.49869  0.0672524
871.221  2.50161  0.0667619
872.114  2.50449  0.0662777
873.008  2.50734  0.0657995
873.901  2.51016  0.0653272
874.794  2.51295  0.0648609
875.687  2.51571  0.0644004
876.58  2.51844  0.0639456
877.474  2.52113  0.0634964
878.367  2.5238  0.0630527
879.26  2.52644  0.0626145
880.153  2.52905  0.0621817
881.047  2.53163  0.0617542
881.94  2.53419  0.0613319
882.833  2.53672  0.0609148
883.726  2.53922  0.0605027
884.62  2.54169  0.0600956
885.513  2.54414  0.0596935
886.406  2.54656  0.0592962
887.299  2.54896  0.0589036
888.193  2.55133  0.0585157
889.086  2.55367  0.0581325
889.979  2.556  0.0577538
890.872  2.55829  0.0573797
891.766  2.56057  0.0570099
892.659  2.56282  0.0566445
893.552  2.56505  0.0562834
894.445  2.56726  0.0559265
895.339  2.56944  0.0555738
896.232  2.5716  0.0552252
897.125  2.57374  0.0548807
898.018  2.57586  0.0545401
898.912  2.57796  0.0542034
899.805  2.58004  0.0538706
900.698  2.5821  0.0535416
901.591  2.58414  0.0532164
902.485  2.58615  0.0528949
903.378  2.58815  0.052577
904.271  2.59013  0.0522627
905.164  2.59209  0.0519519
906.058  2.59403  0.0516446
906.951  2.59595  0.0513407
907.844  2.59786  0.0510403
908.737  2.59974  0.0507431
909.631  2.60161  0.0504493
910.524  2.60346  0.0501587
911.417  2.60529  0.0498712
912.31  2.60711  0.0495869
913.204  2.60891  0.0493058
914.097  2.61069  0.0490276
914.99  2.61246  0.0487525
915.883  2.61421  0.0484803
916.776  2.61595  0.0482111
917.67  2.61766  0.0479447
918.563  2.61937  0.0476812
919.456  2.62106  0.0474205
920.349  2.62273  0.0471625
921.243  2.62439  0.0469073
922.136  2.62603  0.0466547
923.029  2.62766  0.0464048
923.922  2.62927  0.0461575
924.816  2.63088  0.0459128
925.709  2.63246  0.0456706
926.602  2.63403  0.0454309
927.495  2.63559  0.0451936
928.389  2.63714  0.0449588
929.282  2.63867  0.0447264
930.175  2.64019  0.0444963
931.068  2.6417  0.0442686
931.962  2.64319  0.0440431
932.855  2.64467  0.0438199
933.748  2.64614  0.043599
934.641  2.6476  0.0433802
935.535  2.64904  0.0431636
936.428  2.65048  0.0429492
937.321  2.6519  0.0427369
938.214  2.6533  0.0425266
939.108  2.6547  0.0423184
940.001  2.65609  0.0421123
940.894  2.65746  0.0419081
941.787  2.65883  0.0417059
942.681  2.66018  0.0415056
943.574  2.66152  0.0413073
944.467  2.66285  0.0411108
945.36  2.66417  0.0409162
946.254  2.66548  0.0407235
947.147  2.66678  0.0405326
948.04  2.66807  0.0403434
948.933  2.66935  0.040156
949.827  2.67062  0.0399704
950.72  2.67188  0.0397865
951.613  2.67313  0.0396043
952.506  2.67438  0.0394237
953.399  2.67561  0.0392448
954.293  2.67683  0.0390675
955.186  2.67804  0.0388919
956.079  2.67925  0.0387178
956.972  2.68044  0.0385453
957.866  2.68163  0.0383743
958.759  2.6828  0.0382048
959.652  2.68397  0.0380369
960.545  2.68513  0.0378704
961.439  2.68628  0.0377054
962.332  2.68743  0.0375418
963.225  2.68856  0.0373796
964.118  2.68969  0.0372188
965.012  2.69081  0.0370595
965.905  2.69192  0.0369014
966.798  2.69302  0.0367448
967.691  2.69412  0.0365894
968.585  2.69521  0.0364354
969.478  2.69629  0.0362826
970.371  2.69736  0.0361311
971.264  2.69843  0.0359809
972.158  2.69948  0.0358319
973.051  2.70054  0.0356841
973.944  2.70158  0.0355375
974.837  2.70262  0.035392
975.731  2.70365  0.0352478
976.624  2.70467  0.0351047
977.517  2.70569  0.0349627
978.41  2.7067  0.0348218
979.304  2.70771  0.034682
980.197  2.7087  0.0345432
981.09  2.7097  0.0344055
981.983  2.71068  0.0342688
982.877  2.71166  0.0341331
983.77  2.71264  0.0339984
984.663  2.71361  0.0338647
985.556  2.71457  0.0337319
986.45  2.71553  0.0336
987.343  2.71648  0.0334689
988.236  2.71743  0.0333386
989.129  2.71837  0.0332091
990.023  2.71931  0.0330803
990.916  2.72025  0.032952
991.809  2.72119  0.0328237
992.702  2.72213  0.0326962
993.595  2.72305  0.0325698
994.489  2.72397  0.0324445
995.382  2.72489  0.0323204
996.275  2.72579  0.0321975
997.168  2.72669  0.0320756
998.062  2.72758  0.0319548
998.955  2.72847  0.0318351
999.848  2.72935  0.0317165
1000.74  2.73022  0.031599
1001.63  2.73109  0.0314824
1002.53  2.73195  0.031367
1003.42  2.7328  0.0312525
1004.31  2.73365  0.031139
1005.21  2.73449  0.0310266
1006.1  2.73532  0.0309151
1006.99  2.73615  0.0308045
1007.89  2.73698  0.030695
1008.78  2.73779  0.0305864
1009.67  2.7386  0.0304787
1010.57  2.73941  0.0303719
1011.46  2.74021  0.0302661
1012.35  2.741  0.0301611
1013.25  2.74179  0.0300571
1014.14  2.74257  0.0299539
1015.03  2.74335  0.0298516
1015.93  2.74412  0.0297501
1016.82  2.74488  0.0296495
1017.71  2.74565  0.0295498
1018.61  2.7464  0.0294509
1019.5  2.74715  0.0293527
1020.39  2.7479  0.0292555
1021.29  2.74863  0.029159
1022.18  2.74937  0.0290633
1023.07  2.7501  0.0289683
1023.97  2.75082  0.0288742
1024.86  2.75154  0.0287808
1025.75  2.75226  0.0286882
1026.65  2.75297  0.0285963
1027.54  2.75367  0.0285052
1028.43  2.75437  0.0284148
1029.33  2.75507  0.0283251
1030.22  2.75576  0.0282362
1031.11  2.75644  0.0281479
1032.01  2.75712  0.0280604
1032.9  2.7578  0.0279735
1033.79  2.75847  0.0278873
1034.68  2.75914  0.0278019
1035.58  2.75981  0.027717
1036.47  2.76047  0.0276329
1037.36  2.76112  0.0275493
1038.26  2.76177  0.0274665
1039.15  2.76242  0.0273843
1040.04  2.76306  0.0273027
1040.94  2.7637  0.0272217
1041.83  2.76433  0.0271414
1042.72  2.76496  0.0270617
1043.62  2.76559  0.0269825
1044.51  2.76621  0.026904
1045.4  2.76683  0.0268261
1046.3  2.76744  0.0267488
1047.19  2.76805  0.026672
1048.08  2.76866  0.0265958
1048.98  2.76926  0.0265202
1049.87  2.76986  0.0264452
1050.76  2.77045  0.0263707
1051.66  2.77104  0.0262968
1052.55  2.77163  0.0262234
1053.44  2.77221  0.0261505
1054.34  2.77279  0.0260782
1055.23  2.77337  0.0260065
1056.12  2.77394  0.0259352
1057.02  2.77451  0.0258645
1057.91  2.77508  0.0257942
1058.8  2.77564  0.0257245
1059.7  2.7762  0.0256553
1060.59  2.77675  0.0255866
1061.48  2.77731  0.0255184
1062.38  2.77786  0.0254507
1063.27  2.7784  0.0253834
1064.16  2.77894  0.0253166
1065.06  2.77948  0.0252504
1065.95  2.78002  0.0251845
1066.84  2.78055  0.0251192
1067.73  2.78108  0.0250543
1068.63  2.78161  0.0249898
1069.52  2.78213  0.0249258
1070.41  2.78265  0.0248623
1071.31  2.78316  0.0247992
1072.2  2.78368  0.0247365
1073.09  2.78419  0.0246743
1073.99  2.7847  0.0246125
1074.88  2.7852  0.0245511
1075.77  2.7857  0.0244901
1076.67  2.7862  0.0244296
1077.56  2.7867  0.0243695
1078.45  2.78719  0.0243097
1079.35  2.78768  0.0242504
1080.24  2.78817  0.0241915
1081.13  2.78865  0.024133
1082.03  2.78914  0.0240749
1082.92  2.78962  0.0240172
1083.81  2.79009  0.0239598
1084.71  2.79057  0.0239028
1085.6  2.79104  0.0238463
1086.49  2.79151  0.0237901
1087.39  2.79197  0.0237342
1088.28  2.79243  0.0236788
1089.17  2.79289  0.0236237
1090.07  2.79335  0.0235689
1090.96  2.79381  0.0235145
1091.85  2.79426  0.0234605
1092.75  2.79471  0.0234068
1093.64  2.79516  0.0233535
1094.53  2.7956  0.0233005
1095.43  2.79605  0.0232479
1096.32  2.79649  0.0231956
1097.21  2.79693  0.0231437
1098.11  2.79736  0.023092
1099  2.79779  0.0230407
1099.89  2.79823  0.0229898
1100.78  2.79865  0.0229391
1101.68  2.79908  0.0228888
1102.57  2.7995  0.0228388
1103.46  2.79993  0.0227891
1104.36  2.80035  0.0227397
1105.25  2.80076  0.0226907
1106.14  2.80118  0.0226419
1107.04  2.80159  0.0225935
1107.93  2.802  0.0225453
1108.82  2.80241  0.0224975
1109.72  2.80282  0.0224499
1110.61  2.80322  0.0224026
1111.5  2.80362  0.0223557
1112.4  2.80402  0.022309
1113.29  2.80442  0.0222626
1114.18  2.80481  0.0222165
1115.08  2.80521  0.0221707
1115.97  2.8056  0.0221251
1116.86  2.80599  0.0220799
1117.76  2.80638  0.0220349
1118.65  2.80676  0.0219901
1119.54  2.80714  0.0219457
1120.44  2.80753  0.0219015
1121.33  2.8079  0.0218576
1122.22  2.80828  0.0218139
1123.12  2.80866  0.0217705
1124.01  2.80903  0.0217274
1124.9  2.8094  0.0216845
1125.8  2.80977  0.0216419
1126.69  2.81014  0.0215995
1127.58  2.81051  0.0215574
1128.48  2.81087  0.0215155
1129.37  2.81123  0.0214739
1130.26  2.81159  0.0214325
1131.16  2.81195  0.0213914
1132.05  2.81231  0.0213505
1132.94  2.81266  0.0213098
1133.83  2.81302  0.0212694
1134.73  2.81337  0.0212292
1135.62  2.81372  0.0211892
1136.51  2.81407  0.0211495
1137.41  2.81441  0.02111
1138.3  2.81476  0.0210707
1139.19  2.8151  0.0210317
1140.09  2.81544  0.0209929
1140.98  2.81578  0.0209542
1141.87  2.81612  0.0209159
1142.77  2.81645  0.0208777
1143.66  2.81679  0.0208397
1144.55  2.81712  0.020802
1145.45  2.81745  0.0207645
1146.34  2.81778  0.0207272
1147.23  2.81811  0.0206901
1148.13  2.81844  0.0206532
1149.02  2.81876  0.0206165
1149.91  2.81909  0.02058
1150.81  2.81941  0.0205437
1151.7  2.81973  0.0205076
1152.59  2.82005  0.0204717
1153.49  2.82036  0.0204361
1154.38  2.82068  0.0204006
1155.27  2.82099  0.0203653
1156.17  2.82131  0.0203302
1157.06  2.82162  0.0202953
1157.95  2.82193  0.0202605
1158.85  2.82224  0.020226
1159.74  2.82254  0.0201917
1160.63  2.82285  0.0201575
1161.53  2.82315  0.0201235
1162.42  2.82346  0.0200898
1163.31  2.82376  0.0200562
1164.21  2.82406  0.0200227
1165.1  2.82436  0.0199895
1165.99  2.82465  0.0199564
1166.88  2.82495  0.0199235
1167.78  2.82524  0.0198908
1168.67  2.82553  0.0198583
1169.56  2.82583  0.0198259
1170.46  2.82612  0.0197937
1171.35  2.82641  0.0197617
1172.24  2.82669  0.0197298
1173.14  2.82698  0.0196981
1174.03  2.82726  0.0196666
1174.92  2.82755  0.0196353
1175.82  2.82783  0.0196041
1176.71  2.82811  0.019573
1177.6  2.82839  0.0195422
1178.5  2.82867  0.0195114
1179.39  2.82895  0.0194809
1180.28  2.82922  0.0194505
1181.18  2.8295  0.0194203
1182.07  2.82977  0.0193902
1182.96  2.83004  0.0193603
1183.86  2.83031  0.0193305
1184.75  2.83058  0.0193009
1185.64  2.83085  0.0192714
1186.54  2.83112  0.0192421
1187.43  2.83139  0.0192129
1188.32  2.83165  0.0191839
1189.22  2.83192  0.019155
1190.11  2.83218  0.0191263
1191  2.83244  0.0190977
1191.9  2.8327  0.0190692
1192.79  2.83296  0.0190409
1193.68  2.83322  0.0190128
1194.58  2.83348  0.0189848
1195.47  2.83373  0.0189569
1196.36  2.83399  0.0189292
1197.26  2.83424  0.0189016
1198.15  2.83449  0.0188741
1199.04  2.83475  0.0188468
1199.93  2.835  0.0188196
1200.83  2.83525  0.0187925
1201.72  2.83549  0.0187656
1202.61  2.83574  0.0187388
1203.51  2.83599  0.0187122
1204.4  2.83623  0.0186856
1205.29  2.83648  0.0186592
1206.19  2.83672  0.018633
1207.08  2.83696  0.0186068
1207.97  2.8372  0.0185808
1208.87  2.83744  0.0185549
1209.76  2.83768  0.0185291
1210.65  2.83792  0.0185035
1211.55  2.83816  0.018478
1212.44  2.83839  0.0184526
1213.33  2.83863  0.0184273
1214.23  2.83886  0.0184022
1215.12  2.8391  0.0183771
1216.01  2.83933  0.0183522
1216.91  2.83956  0.0183274
1217.8  2.83979  0.0183027
1218.69  2.84002  0.0182782
1219.59  2.84025  0.0182537
1220.48  2.84047  0.0182294
1221.37  2.8407  0.0182052
1222.27  2.84093  0.0181811
1223.16  2.84115  0.0181571
1224.05  2.84137  0.0181332
1224.95  2.8416  0.0181095
1225.84  2.84182  0.0180858
1226.73  2.84204  0.0180623
1227.63  2.84226  0.0180388
1228.52  2.84248  0.0180155
1229.41  2.8427  0.0179923
1230.31  2.84291  0.0179692
1231.2  2.84313  0.0179462
1232.09  2.84335  0.0179233
1232.98  2.84356  0.0179005
1233.88  2.84377  0.0178778
1234.77  2.84399  0.0178552
1235.66  2.8442  0.0178328
1236.56  2.84441  0.0178104
1237.45  2.84462  0.0177881
1238.34  2.84483  0.0177659
1239.24  2.84504  0.0177439
1240.13  2.84525  0.0177219
1241.02  2.84545  0.0177
1241.92  2.84566  0.0176783
1242.81  2.84586  0.0176566
1243.7  2.84607  0.017635
1244.6  2.84627  0.0176135
1245.49  2.84648  0.0175921
1246.38  2.84668  0.0175708
1247.28  2.84688  0.0175496
1248.17  2.84708  0.0175285
1249.06  2.84728  0.0175075
1249.96  2.84748  0.0174866
1250.85  2.84768  0.0174658
1251.74  2.84787  0.0174451
1252.64  2.84807  0.0174244
1253.53  2.84827  0.0174039
1254.42  2.84846  0.0173834
1255.32  2.84866  0.0173631
1256.21  2.84885  0.0173428
1257.1  2.84904  0.0173226
1258  2.84924  0.0173025
1258.89  2.84943  0.0172825
1259.78  2.84962  0.0172626
1260.68  2.84981  0.0172427
1261.57  2.85  0.017223
1262.46  2.85019  0.0172033
1263.36  2.85037  0.0171838
1264.25  2.85056  0.0171643
1265.14  2.85075  0.0171448
1266.04  2.85093  0.0171255
1266.93  2.85112  0.0171063
1267.82  2.8513  0.0170871
1268.71  2.85148  0.017068
1269.61  2.85167  0.017049
1270.5  2.85185  0.0170301
1271.39  2.85203  0.0170113
1272.29  2.85221  0.0169925
1273.18  2.85239  0.0169738
1274.07  2.85257  0.0169552
1274.97  2.85275  0.0169367
1275.86  2.85293  0.0169183
1276.75  2.85311  0.0168999
1277.65  2.85328  0.0168816
1278.54  2.85346  0.0168634
1279.43  2.85363  0.0168453
1280.33  2.85381  0.0168272
1281.22  2.85398  0.0168092
1282.11  2.85416  0.0167913
1283.01  2.85433  0.0167735
1283.9  2.8545  0.0167557
1284.79  2.85467  0.016738
1285.69  2.85484  0.0167204
1286.58  2.85501  0.0167029
1287.47  2.85518  0.0166854
1288.37  2.85535  0.016668
1289.26  2.85552  0.0166507
1290.15  2.85569  0.0166334
1291.05  2.85586  0.0166163
1291.94  2.85602  0.0165992
1292.83  2.85619  0.0165821
1293.73  2.85635  0.0165651
1294.62  2.85652  0.0165482
1295.51  2.85668  0.0165314
1296.41  2.85685  0.0165146
1297.3  2.85701  0.0164979
1298.19  2.85717  0.0164813
1299.09  2.85733  0.0164647
1299.98  2.8575  0.0164482
1300.87  2.85766  0.0164318
1301.76  2.85782  0.0164155
1302.66  2.85798  0.0163992
1303.55  2.85814  0.0163829
1304.44  2.85829  0.0163668
1305.34  2.85845  0.0163507
1306.23  2.85861  0.0163346
1307.12  2.85877  0.0163186
1308.02  2.85892  0.0163027
1308.91  2.85908  0.0162869
1309.8  2.85923  0.0162711
1310.7  2.85939  0.0162554
1311.59  2.85954  0.0162397
1312.48  2.85969  0.0162241
1313.38  2.85985  0.0162086
1314.27  2.86  0.0161931
1315.16  2.86015  0.0161777
1316.06  2.8603  0.0161623
1316.95  2.86045  0.016147
1317.84  2.8606  0.0161318
1318.74  2.86075  0.0161166
1319.63  2.8609  0.0161015
1320.52  2.86105  0.0160864
1321.42  2.8612  0.0160714
1322.31  2.86135  0.0160565
1323.2  2.8615  0.0160416
1324.1  2.86164  0.0160268
1324.99  2.86179  0.016012
1325.88  2.86193  0.0159973
1326.78  2.86208  0.0159827
1327.67  2.86222  0.0159681
1328.56  2.86237  0.0159535
1329.46  2.86251  0.015939
1330.35  2.86265  0.0159246
1331.24  2.8628  0.0159102
1332.14  2.86294  0.0158959
1333.03  2.86308  0.0158816
1333.92  2.86322  0.0158674
1334.81  2.86336  0.0158533
1335.71  2.8635  0.0158391
1336.6  2.86364  0.0158251
1337.49  2.86378  0.0158111
1338.39  2.86392  0.0157971
1339.28  2.86406  0.0157833
1340.17  2.8642  0.0157694
1341.07  2.86434  0.0157556
1341.96  2.86447  0.0157419
1342.85  2.86461  0.0157282
1343.75  2.86474  0.0157146
1344.64  2.86488  0.015701
1345.53  2.86502  0.0156874
1346.43  2.86515  0.015674
1347.32  2.86528  0.0156605
1348.21  2.86542  0.0156471
1349.11  2.86555  0.0156338
1350  2.86568  0.0156205
