279  -1.0443e-06  2.50957e-08
279.893  1.3036e-05  3.13312e-07
280.786  4.21395e-05  1.01294e-06
281.68  8.07509e-05  1.94134e-06
282.573  0.000126938  3.05214e-06
283.466  0.000179626  4.3196e-06
284.359  0.000238107  5.72674e-06
285.253  0.000301867  7.26124e-06
286.146  0.000370511  8.91368e-06
287.039  0.000443726  1.06765e-05
287.932  0.000521253  1.25437e-05
288.826  0.000602876  1.45099e-05
289.719  0.000688411  1.65708e-05
290.612  0.000777696  1.87227e-05
291.505  0.000870593  2.0962e-05
292.399  0.000966978  2.3286e-05
293.292  0.00106674  2.5692e-05
294.185  0.00116978  2.81776e-05
295.078  0.00127601  3.07407e-05
295.972  0.00138534  3.33793e-05
296.865  0.00149771  3.60919e-05
297.758  0.00161304  3.88766e-05
298.651  0.00173128  4.17321e-05
299.545  0.00185236  4.4657e-05
300.438  0.00197623  4.76501e-05
301.331  0.00210284  5.07101e-05
302.224  0.00223216  5.38361e-05
303.118  0.00236412  5.70269e-05
304.011  0.0024987  6.02818e-05
304.904  0.00263586  6.35997e-05
305.797  0.00277556  6.698e-05
306.691  0.00291776  7.04218e-05
307.584  0.00306245  7.39244e-05
308.477  0.00320959  7.74872e-05
309.37  0.00335915  8.11095e-05
310.264  0.00351111  8.47908e-05
311.157  0.00366544  8.85305e-05
312.05  0.00382212  9.23281e-05
312.943  0.00398113  9.61831e-05
313.837  0.00414246  0.000100095
314.73  0.00430607  0.000104063
315.623  0.00447196  0.000108088
316.516  0.0046401  0.000112168
317.41  0.00481048  0.000116304
318.303  0.00498309  0.000120495
319.196  0.00515791  0.00012474
320.089  0.00533493  0.00012904
320.982  0.00551413  0.000133394
321.876  0.00569551  0.000137802
322.769  0.00587905  0.000142264
323.662  0.00606475  0.000146779
324.555  0.00625258  0.000151348
325.449  0.00644255  0.000155969
326.342  0.00663465  0.000160644
327.235  0.00682886  0.000165371
328.128  0.00702518  0.000170151
329.022  0.0072236  0.000174983
329.915  0.00742412  0.000179867
330.808  0.00762673  0.000184804
331.701  0.00783143  0.000189792
332.595  0.0080382  0.000194833
333.488  0.00824705  0.000199926
334.381  0.00845797  0.00020507
335.274  0.00867096  0.000210267
336.168  0.00888601  0.000215515
337.061  0.00910312  0.000220814
337.954  0.00932229  0.000226166
338.847  0.00954352  0.000231569
339.741  0.00976679  0.000237023
340.634  0.00999212  0.000242529
341.527  0.0102195  0.000248087
342.42  0.0104489  0.000253697
343.314  0.0106804  0.000259358
344.207  0.0109139  0.000265071
345.1  0.0111495  0.000270835
345.993  0.0113871  0.000276651
346.887  0.0116268  0.000282519
347.78  0.0118685  0.000288439
348.673  0.0121123  0.000294411
349.566  0.0123581  0.000300435
350.46  0.012606  0.00030651
351.353  0.0128559  0.000312638
352.246  0.0131079  0.000318818
353.139  0.0133619  0.000325051
354.033  0.013618  0.000331336
354.926  0.0138762  0.000337673
355.819  0.0141365  0.000344063
356.712  0.0143988  0.000350506
357.606  0.0146631  0.000357001
358.499  0.0149296  0.00036355
359.392  0.0151982  0.000370151
360.285  0.0154688  0.000376806
361.178  0.0157415  0.000383515
362.072  0.0160163  0.000390277
362.965  0.0162932  0.000397093
363.858  0.0165722  0.000403962
364.751  0.0168534  0.000410886
365.645  0.0171366  0.000417864
366.538  0.0174219  0.000424896
367.431  0.0177094  0.000431983
368.324  0.017999  0.000439125
369.218  0.0182908  0.000446322
370.111  0.0185847  0.000453574
371.004  0.0188807  0.000460881
371.897  0.0191789  0.000468244
372.791  0.0194793  0.000475663
373.684  0.0197818  0.000483138
374.577  0.0200866  0.00049067
375.47  0.0203935  0.000498258
376.364  0.0207026  0.000505902
377.257  0.0210139  0.000513604
378.15  0.0213274  0.000521363
379.043  0.0216431  0.00052918
379.937  0.021961  0.000537054
380.83  0.0222812  0.000544986
381.723  0.0226037  0.000552977
382.616  0.0229283  0.000561026
383.51  0.0232553  0.000569135
384.403  0.0235845  0.000577302
385.296  0.023916  0.000585529
386.189  0.0242498  0.000593816
387.083  0.0245859  0.000602163
387.976  0.0249242  0.00061057
388.869  0.025265  0.000619038
389.762  0.025608  0.000627567
390.656  0.0259534  0.000636157
391.549  0.0263011  0.00064481
392.442  0.0266512  0.000653524
393.335  0.0270037  0.0006623
394.229  0.0273585  0.000671139
395.122  0.0277158  0.000680042
396.015  0.0280755  0.000689007
396.908  0.0284375  0.000698037
397.802  0.0288021  0.000707131
398.695  0.029169  0.000716289
399.588  0.0295384  0.000725512
400.481  0.0299103  0.000734801
401.374  0.0302847  0.000744155
402.268  0.0306616  0.000753576
403.161  0.0310409  0.000763063
404.054  0.0314228  0.000772617
404.947  0.0318073  0.000782238
405.841  0.0321942  0.000791927
406.734  0.0325838  0.000801684
407.627  0.0329759  0.00081151
408.52  0.0333706  0.000821405
409.414  0.0337679  0.00083137
410.307  0.0341679  0.000841405
411.2  0.0345705  0.00085151
412.093  0.0349757  0.000861686
412.987  0.0353836  0.000871934
413.88  0.0357942  0.000882253
414.773  0.0362075  0.000892645
415.666  0.0366235  0.00090311
416.56  0.0370422  0.000913648
417.453  0.0374637  0.00092426
418.346  0.0378879  0.000934946
419.239  0.0383149  0.000945708
420.133  0.0387447  0.000956545
421.026  0.0391774  0.000967458
421.919  0.0396128  0.000978447
422.812  0.0400512  0.000989514
423.706  0.0404923  0.00100066
424.599  0.0409364  0.00101188
425.492  0.0413834  0.00102318
426.385  0.0418333  0.00103456
427.279  0.0422862  0.00104602
428.172  0.042742  0.00105757
429.065  0.0432008  0.00106919
429.958  0.0436626  0.00108089
430.852  0.0441274  0.00109268
431.745  0.0445952  0.00110455
432.638  0.0450662  0.0011165
433.531  0.0455402  0.00112854
434.425  0.0460173  0.00114067
435.318  0.0464975  0.00115288
436.211  0.0469809  0.00116517
437.104  0.0474674  0.00117755
437.997  0.0479572  0.00119002
438.891  0.0484501  0.00120258
439.784  0.0489463  0.00121523
440.677  0.0494458  0.00122797
441.57  0.0499485  0.0012408
442.464  0.0504545  0.00125372
443.357  0.0509639  0.00126673
444.25  0.0514766  0.00127984
445.143  0.0519927  0.00129303
446.037  0.0525122  0.00130633
446.93  0.0530351  0.00131972
447.823  0.0535615  0.0013332
448.716  0.0540913  0.00134678
449.61  0.0546247  0.00136046
450.503  0.0551616  0.00137424
451.396  0.055702  0.00138812
452.289  0.056246  0.00140209
453.183  0.0567936  0.00141617
454.076  0.0573449  0.00143035
454.969  0.0578998  0.00144464
455.862  0.0584584  0.00145902
456.756  0.0590207  0.00147352
457.649  0.0595868  0.00148811
458.542  0.0601567  0.00150282
459.435  0.0607303  0.00151763
460.329  0.0613078  0.00153255
461.222  0.0618892  0.00154758
462.115  0.0624745  0.00156272
463.008  0.0630636  0.00157797
463.902  0.0636568  0.00159334
464.795  0.0642539  0.00160882
465.688  0.0648551  0.00162441
466.581  0.0654603  0.00164012
467.475  0.0660696  0.00165594
468.368  0.0666831  0.00167189
469.261  0.0673006  0.00168795
470.154  0.0679224  0.00170413
471.048  0.0685484  0.00172043
471.941  0.0691787  0.00173686
472.834  0.0698132  0.00175341
473.727  0.0704521  0.00177008
474.621  0.0710953  0.00178689
475.514  0.071743  0.00180381
476.407  0.072395  0.00182087
477.3  0.0730516  0.00183805
478.193  0.0737127  0.00185537
479.087  0.0743783  0.00187282
479.98  0.0750485  0.0018904
480.873  0.0757233  0.00190812
481.766  0.0764029  0.00192597
482.66  0.0770871  0.00194397
483.553  0.0777761  0.0019621
484.446  0.0784698  0.00198037
485.339  0.0791685  0.00199878
486.233  0.0798719  0.00201734
487.126  0.0805803  0.00203604
488.019  0.0812937  0.00205488
488.912  0.0820121  0.00207388
489.806  0.0827355  0.00209302
490.699  0.0834641  0.00211232
491.592  0.0841977  0.00213177
492.485  0.0849366  0.00215137
493.379  0.0856807  0.00217113
494.272  0.0864301  0.00219104
495.165  0.0871848  0.00221111
496.058  0.0879449  0.00223135
496.952  0.0887105  0.00225175
497.845  0.0894815  0.00227231
498.738  0.0902581  0.00229303
499.631  0.0910402  0.00231393
500.525  0.091828  0.00233499
501.418  0.0926214  0.00235623
502.311  0.0934206  0.00237764
503.204  0.0942256  0.00239922
504.098  0.0950365  0.00242098
504.991  0.0958532  0.00244292
505.884  0.0966759  0.00246504
506.777  0.0975047  0.00248735
507.671  0.0983395  0.00250984
508.564  0.0991804  0.00253252
509.457  0.100028  0.00255538
510.35  0.100881  0.00257844
511.244  0.101741  0.00260169
512.137  0.102607  0.00262514
513.03  0.103479  0.00264879
513.923  0.104358  0.00267263
514.817  0.105244  0.00269668
515.71  0.106136  0.00272094
516.603  0.107035  0.0027454
517.496  0.107941  0.00277007
518.389  0.108853  0.00279496
519.283  0.109773  0.00282006
520.176  0.110699  0.00284538
521.069  0.111633  0.00287091
521.962  0.112573  0.00289668
522.856  0.113521  0.00292266
523.749  0.114476  0.00294888
524.642  0.115438  0.00297532
525.535  0.116408  0.003002
526.429  0.117385  0.00302892
527.322  0.11837  0.00305608
528.215  0.119363  0.00308347
529.108  0.120363  0.00311112
530.002  0.121371  0.00313901
530.895  0.122387  0.00316716
531.788  0.12341  0.00319555
532.681  0.124442  0.00322421
533.575  0.125482  0.00325313
534.468  0.126531  0.00328231
535.361  0.127587  0.00331177
536.254  0.128652  0.00334149
537.148  0.129726  0.00337149
538.041  0.130808  0.00340176
538.934  0.131898  0.00343232
539.827  0.132998  0.00346317
540.721  0.134106  0.0034943
541.614  0.135224  0.00352573
542.507  0.13635  0.00355745
543.4  0.137485  0.00358947
544.294  0.13863  0.0036218
545.187  0.139785  0.00365444
546.08  0.140948  0.0036874
546.973  0.142121  0.00372066
547.867  0.143304  0.00375426
548.76  0.144497  0.00378817
549.653  0.1457  0.00382242
550.546  0.146913  0.003857
551.44  0.148135  0.00389192
552.333  0.149368  0.00392719
553.226  0.150612  0.0039628
554.119  0.151866  0.00399877
555.013  0.15313  0.0040351
555.906  0.154406  0.00407179
556.799  0.155692  0.00410885
557.692  0.156989  0.00414628
558.585  0.158297  0.00418409
559.479  0.159617  0.00422229
560.372  0.160948  0.00426087
561.265  0.16229  0.00429985
562.158  0.163644  0.00433923
563.052  0.16501  0.00437902
563.945  0.166388  0.00441923
564.838  0.167778  0.00445985
565.731  0.16918  0.00450089
566.625  0.170594  0.00454237
567.518  0.172021  0.00458428
568.411  0.173461  0.00462664
569.304  0.174914  0.00466945
570.198  0.176379  0.00471271
571.091  0.177858  0.00475644
571.984  0.17935  0.00480064
572.877  0.180855  0.00484532
573.771  0.182374  0.00489048
574.664  0.183907  0.00493613
575.557  0.185454  0.00498229
576.45  0.187015  0.00502895
577.344  0.188591  0.00507612
578.237  0.190181  0.00512382
579.13  0.191785  0.00517205
580.023  0.193405  0.00522082
580.917  0.19504  0.00527014
581.81  0.196689  0.00532002
582.703  0.198355  0.00537045
583.596  0.200036  0.00542147
584.49  0.201733  0.00547306
585.383  0.203446  0.00552525
586.276  0.205176  0.00557804
587.169  0.206922  0.00563144
588.063  0.208684  0.00568546
588.956  0.210464  0.00574011
589.849  0.212261  0.0057954
590.742  0.214075  0.00585135
591.636  0.215907  0.00590795
592.529  0.217757  0.00596523
593.422  0.219625  0.00602319
594.315  0.221511  0.00608185
595.209  0.223416  0.00614121
596.102  0.22534  0.0062013
596.995  0.227283  0.00626211
597.888  0.229246  0.00632366
598.781  0.231228  0.00638597
599.675  0.23323  0.00644904
600.568  0.235252  0.0065129
601.461  0.237295  0.00657754
602.354  0.239359  0.006643
603.248  0.241443  0.00670927
604.141  0.243549  0.00677638
605.034  0.245677  0.00684434
605.927  0.247827  0.00691316
606.821  0.249999  0.00698286
607.714  0.252193  0.00705345
608.607  0.254411  0.00712495
609.5  0.256652  0.00719737
610.394  0.258916  0.00727074
611.287  0.261205  0.00734506
612.18  0.263517  0.00742035
613.073  0.265855  0.00749664
613.967  0.268217  0.00757393
614.86  0.270605  0.00765225
615.753  0.273018  0.00773162
616.646  0.275458  0.00781204
617.54  0.277924  0.00789355
618.433  0.280417  0.00797616
619.326  0.282937  0.00805989
620.219  0.285485  0.00814477
621.113  0.288061  0.0082308
622.006  0.290666  0.00831801
622.899  0.2933  0.00840643
623.792  0.295963  0.00849608
624.686  0.298656  0.00858697
625.579  0.301379  0.00867913
626.472  0.304133  0.00877259
627.365  0.306918  0.00886737
628.259  0.309736  0.00896348
629.152  0.312585  0.00906097
630.045  0.315467  0.00915984
630.938  0.318382  0.00926013
631.832  0.321331  0.00936187
632.725  0.324314  0.00946507
633.618  0.327333  0.00956978
634.511  0.330386  0.009676
635.405  0.333475  0.00978378
636.298  0.336601  0.00989315
637.191  0.339764  0.0100041
638.084  0.342964  0.0101167
638.977  0.346203  0.010231
639.871  0.349481  0.010347
640.764  0.352798  0.0104647
641.657  0.356155  0.0105842
642.55  0.359552  0.0107055
643.444  0.362992  0.0108286
644.337  0.366473  0.0109536
645.23  0.369997  0.0110805
646.123  0.373564  0.0112094
647.017  0.377175  0.0113402
647.91  0.380832  0.011473
648.803  0.384533  0.0116079
649.696  0.388282  0.0117448
650.59  0.392077  0.0118839
651.483  0.39592  0.0120251
652.376  0.399811  0.0121686
653.269  0.403752  0.0123142
654.163  0.407743  0.0124622
655.056  0.411785  0.0126125
655.949  0.415879  0.0127652
656.842  0.420025  0.0129202
657.736  0.424225  0.0130777
658.629  0.42848  0.0132378
659.522  0.43279  0.0134003
660.415  0.437156  0.0135655
661.309  0.441579  0.0137333
662.202  0.44606  0.0139037
663.095  0.450601  0.0140769
663.988  0.455201  0.0142529
664.882  0.459862  0.0144316
665.775  0.464586  0.0146133
666.668  0.469372  0.0147978
667.561  0.474222  0.0149853
668.455  0.479138  0.0151759
669.348  0.484119  0.0153695
670.241  0.489168  0.0155662
671.134  0.494285  0.015766
672.028  0.499471  0.0159691
672.921  0.504728  0.0161754
673.814  0.510057  0.016385
674.707  0.515458  0.016598
675.601  0.520933  0.0168144
676.494  0.526484  0.0170342
677.387  0.532111  0.0172575
678.28  0.537815  0.0174844
679.173  0.543598  0.0177148
680.067  0.549461  0.0179489
680.96  0.555405  0.0181867
681.853  0.561432  0.0184282
682.746  0.567543  0.0186734
683.64  0.573738  0.0189225
684.533  0.58002  0.0191753
685.426  0.586389  0.0194321
686.319  0.592847  0.0196928
687.213  0.599396  0.0199574
688.106  0.606036  0.0202259
688.999  0.612768  0.0204985
689.892  0.619595  0.0207751
690.786  0.626517  0.0210558
691.679  0.633536  0.0213405
692.572  0.640653  0.0216293
693.465  0.647869  0.0219221
694.359  0.655186  0.0222191
695.252  0.662605  0.0225201
696.145  0.670127  0.0228253
697.038  0.677754  0.0231345
697.932  0.685486  0.0234477
698.825  0.693326  0.023765
699.718  0.701273  0.0240863
700.611  0.709331  0.0244116
701.505  0.717499  0.0247408
702.398  0.725778  0.0250739
703.291  0.734171  0.0254108
704.184  0.742678  0.0257515
705.078  0.7513  0.0260959
705.971  0.760038  0.0264438
706.864  0.768893  0.0267952
707.757  0.777866  0.02715
708.651  0.786958  0.0275081
709.544  0.79617  0.0278694
710.437  0.805502  0.0282336
711.33  0.814955  0.0286007
712.224  0.824531  0.0289705
713.117  0.834228  0.0293427
714.01  0.844049  0.0297173
714.903  0.853993  0.0300941
715.796  0.86406  0.0304727
716.69  0.874251  0.0308529
717.583  0.884566  0.0312346
718.476  0.895004  0.0316174
719.369  0.905567  0.0320012
720.263  0.916253  0.0323854
721.156  0.927062  0.03277
722.049  0.937994  0.0331545
722.942  0.949048  0.0335387
723.836  0.960223  0.0339221
724.729  0.97152  0.0343044
725.622  0.982935  0.0346852
726.515  0.99447  0.0350642
727.409  1.00612  0.0354408
728.302  1.01789  0.0358148
729.195  1.02977  0.0361857
730.088  1.04176  0.036553
730.982  1.05387  0.0369163
731.875  1.06608  0.0372751
732.768  1.0784  0.037629
733.661  1.09082  0.0379775
734.555  1.10334  0.0383201
735.448  1.11596  0.0386564
736.341  1.12868  0.0389857
737.234  1.14149  0.0393078
738.128  1.15439  0.0396221
739.021  1.16737  0.039928
739.914  1.18044  0.0402252
740.807  1.19358  0.0405132
741.701  1.2068  0.0407915
742.594  1.22008  0.0410597
743.487  1.23344  0.0413173
744.38  1.24685  0.0415639
745.274  1.26032  0.0417991
746.167  1.27385  0.0420226
747.06  1.28742  0.042234
747.953  1.30104  0.0424328
748.847  1.31469  0.0426189
749.74  1.32838  0.042792
750.633  1.3421  0.0429516
751.526  1.35583  0.0430977
752.42  1.36959  0.04323
753.313  1.38336  0.0433484
754.206  1.39714  0.0434526
755.099  1.41091  0.0435426
755.992  1.42469  0.0436182
756.886  1.43846  0.0436796
757.779  1.45221  0.0437265
758.672  1.46594  0.043759
759.565  1.47965  0.0437773
760.459  1.49334  0.0437813
761.352  1.50698  0.0437711
762.245  1.52059  0.043747
763.138  1.53415  0.043709
764.032  1.54767  0.0436574
764.925  1.56113  0.0435924
765.818  1.57454  0.0435143
766.711  1.58788  0.0434233
767.605  1.60115  0.0433196
768.498  1.61435  0.0432038
769.391  1.62748  0.043076
770.284  1.64053  0.0429366
771.178  1.6535  0.0427861
772.071  1.66638  0.0426247
772.964  1.67917  0.042453
773.857  1.69187  0.0422712
774.751  1.70447  0.0420799
775.644  1.71698  0.0418794
776.537  1.72938  0.0416701
777.43  1.74168  0.0414526
778.324  1.75387  0.0412273
779.217  1.76596  0.0409945
780.11  1.77793  0.0407547
781.003  1.78979  0.0405084
781.897  1.80153  0.040256
782.79  1.81316  0.0399979
783.683  1.82468  0.0397345
784.576  1.83607  0.0394662
785.47  1.84734  0.0391935
786.363  1.8585  0.0389167
787.256  1.86953  0.0386362
788.149  1.88044  0.0383525
789.043  1.89122  0.0380658
789.936  1.90189  0.0377765
790.829  1.91243  0.037485
791.722  1.92284  0.0371915
792.616  1.93314  0.0368965
793.509  1.94331  0.0366002
794.402  1.95335  0.0363028
795.295  1.96327  0.0360048
796.188  1.97307  0.0357063
797.082  1.98275  0.0354077
797.975  1.9923  0.035109
798.868  2.00173  0.0348107
799.761  2.01105  0.0345128
800.655  2.02024  0.0342157
801.548  2.02931  0.0339195
802.441  2.03826  0.0336243
803.334  2.0471  0.0333304
804.228  2.05582  0.033038
805.121  2.06442  0.0327471
806.014  2.07291  0.0324579
806.907  2.08128  0.0321705
807.801  2.08954  0.0318852
808.694  2.09769  0.0316019
809.587  2.10573  0.0313207
810.48  2.11366  0.0310419
811.374  2.12148  0.0307654
812.267  2.1292  0.0304914
813.16  2.13681  0.0302198
814.053  2.14432  0.0299509
814.947  2.15172  0.0296846
815.84  2.15902  0.0294209
816.733  2.16622  0.02916
817.626  2.17333  0.0289019
818.52  2.18033  0.0286466
819.413  2.18724  0.0283941
820.306  2.19405  0.0281445
821.199  2.20077  0.0278978
822.093  2.2074  0.0276539
822.986  2.21394  0.027413
823.879  2.22038  0.027175
824.772  2.22674  0.0269399
825.666  2.23301  0.0267077
826.559  2.23919  0.0264785
827.452  2.24529  0.0262521
828.345  2.25131  0.0260287
829.239  2.25725  0.0258082
830.132  2.2631  0.0255905
831.025  2.26887  0.0253758
831.918  2.27457  0.0251639
832.812  2.28019  0.0249548
833.705  2.28573  0.0247485
834.598  2.2912  0.024545
835.491  2.29659  0.0243443
836.384  2.30191  0.0241464
837.278  2.30716  0.0239512
838.171  2.31234  0.0237586
839.064  2.31746  0.0235688
839.957  2.3225  0.0233815
840.851  2.32747  0.0231969
841.744  2.33238  0.0230149
842.637  2.33723  0.0228354
843.53  2.34201  0.0226585
844.424  2.34673  0.022484
845.317  2.35139  0.022312
846.21  2.35599  0.0221425
847.103  2.36052  0.0219753
847.997  2.365  0.0218105
848.89  2.36942  0.021648
849.783  2.37379  0.0214878
850.676  2.37809  0.0213299
851.57  2.38235  0.0211743
852.463  2.38654  0.0210208
853.356  2.39069  0.0208695
854.249  2.39478  0.0207204
855.143  2.39882  0.0205733
856.036  2.40281  0.0204284
856.929  2.40676  0.0202854
857.822  2.41065  0.0201445
858.716  2.41449  0.0200056
859.609  2.41829  0.0198687
860.502  2.42204  0.0197336
861.395  2.42574  0.0196005
862.289  2.4294  0.0194692
863.182  2.43301  0.0193398
864.075  2.43658  0.0192121
864.968  2.4401  0.0190863
865.862  2.44359  0.0189622
866.755  2.44703  0.0188398
867.648  2.45043  0.0187191
868.541  2.45379  0.0186
869.435  2.45711  0.0184826
870.328  2.46039  0.0183668
871.221  2.46363  0.0182526
872.114  2.46684  0.01814
873.008  2.47001  0.0180289
873.901  2.47314  0.0179193
874.794  2.47623  0.0178112
875.687  2.47929  0.0177045
876.58  2.48231  0.0175993
877.474  2.4853  0.0174955
878.367  2.48825  0.017393
879.26  2.49118  0.017292
880.153  2.49406  0.0171923
881.047  2.49692  0.0170939
881.94  2.49974  0.0169968
882.833  2.50253  0.0169009
883.726  2.50529  0.0168064
884.62  2.50802  0.0167131
885.513  2.51072  0.0166209
886.406  2.5134  0.01653
887.299  2.51604  0.0164403
888.193  2.51865  0.0163517
889.086  2.52123  0.0162642
889.979  2.52379  0.0161779
890.872  2.52632  0.0160927
891.766  2.52882  0.0160085
892.659  2.53129  0.0159254
893.552  2.53374  0.0158434
894.445  2.53616  0.0157624
895.339  2.53856  0.0156824
896.232  2.54093  0.0156034
897.125  2.54328  0.0155254
898.018  2.5456  0.0154483
898.912  2.5479  0.0153722
899.805  2.55018  0.015297
900.698  2.55243  0.0152228
901.591  2.55465  0.0151494
902.485  2.55686  0.015077
903.378  2.55904  0.0150054
904.271  2.5612  0.0149347
905.164  2.56334  0.0148648
906.058  2.56546  0.0147957
906.951  2.56755  0.0147275
907.844  2.56963  0.0146601
908.737  2.57168  0.0145935
909.631  2.57372  0.0145276
910.524  2.57573  0.0144625
911.417  2.57773  0.0143982
912.31  2.5797  0.0143347
913.204  2.58166  0.0142718
914.097  2.58359  0.0142097
914.99  2.58551  0.0141483
915.883  2.58741  0.0140876
916.776  2.58929  0.0140276
917.67  2.59116  0.0139683
918.563  2.593  0.0139096
919.456  2.59483  0.0138516
920.349  2.59664  0.0137943
921.243  2.59843  0.0137376
922.136  2.60021  0.0136815
923.029  2.60197  0.013626
923.922  2.60372  0.0135712
924.816  2.60544  0.0135169
925.709  2.60716  0.0134632
926.602  2.60885  0.0134102
927.495  2.61053  0.0133577
928.389  2.6122  0.0133057
929.282  2.61385  0.0132543
930.175  2.61548  0.0132035
931.068  2.6171  0.0131532
931.962  2.61871  0.0131035
932.855  2.6203  0.0130542
933.748  2.62188  0.0130055
934.641  2.62344  0.0129573
935.535  2.62499  0.0129096
936.428  2.62653  0.0128624
937.321  2.62805  0.0128157
938.214  2.62956  0.0127694
939.108  2.63105  0.0127237
940.001  2.63254  0.0126784
940.894  2.63401  0.0126335
941.787  2.63546  0.0125892
942.681  2.63691  0.0125452
943.574  2.63834  0.0125017
944.467  2.63976  0.0124587
945.36  2.64117  0.0124161
946.254  2.64256  0.0123739
947.147  2.64395  0.0123321
948.04  2.64532  0.0122907
948.933  2.64668  0.0122497
949.827  2.64803  0.0122092
950.72  2.64937  0.012169
951.613  2.6507  0.0121292
952.506  2.65202  0.0120898
953.399  2.65332  0.0120508
954.293  2.65462  0.0120122
955.186  2.6559  0.0119739
956.079  2.65717  0.011936
956.972  2.65844  0.0118984
957.866  2.65969  0.0118612
958.759  2.66093  0.0118244
959.652  2.66217  0.0117879
960.545  2.66339  0.0117517
961.439  2.6646  0.0117159
962.332  2.66581  0.0116804
963.225  2.667  0.0116452
964.118  2.66819  0.0116104
965.012  2.66936  0.0115759
965.905  2.67053  0.0115417
966.798  2.67169  0.0115078
967.691  2.67284  0.0114742
968.585  2.67398  0.0114409
969.478  2.67511  0.0114079
970.371  2.67623  0.0113752
971.264  2.67734  0.0113428
972.158  2.67845  0.0113106
973.051  2.67954  0.0112788
973.944  2.68063  0.0112472
974.837  2.68171  0.011216
975.731  2.68278  0.011185
976.624  2.68384  0.0111542
977.517  2.6849  0.0111238
978.41  2.68595  0.0110935
979.304  2.68699  0.0110636
980.197  2.68802  0.0110339
981.09  2.68904  0.0110045
981.983  2.69006  0.0109753
982.877  2.69107  0.0109463
983.77  2.69207  0.0109177
984.663  2.69307  0.0108892
985.556  2.69405  0.010861
986.45  2.69503  0.010833
987.343  2.69601  0.0108053
988.236  2.69697  0.0107777
989.129  2.69793  0.0107505
990.023  2.69888  0.0107234
990.916  2.69983  0.0106966
991.809  2.70077  0.0106699
992.702  2.7017  0.0106435
993.595  2.70263  0.0106173
994.489  2.70354  0.0105914
995.382  2.70446  0.0105656
996.275  2.70536  0.01054
997.168  2.70626  0.0105147
998.062  2.70716  0.0104895
998.955  2.70804  0.0104645
999.848  2.70892  0.0104398
1000.74  2.7098  0.0104152
1001.63  2.71067  0.0103909
1002.53  2.71153  0.0103667
1003.42  2.71239  0.0103427
1004.31  2.71324  0.0103189
1005.21  2.71408  0.0102953
1006.1  2.71492  0.0102718
1006.99  2.71576  0.0102486
1007.89  2.71659  0.0102255
1008.78  2.71741  0.0102026
1009.67  2.71823  0.0101799
1010.57  2.71904  0.0101573
1011.46  2.71984  0.0101349
1012.35  2.72064  0.0101127
1013.25  2.72144  0.0100907
1014.14  2.72223  0.0100688
1015.03  2.72302  0.0100471
1015.93  2.7238  0.0100255
1016.82  2.72457  0.0100041
1017.71  2.72534  0.00998286
1018.61  2.7261  0.00996177
1019.5  2.72686  0.00994084
1020.39  2.72762  0.00992007
1021.29  2.72837  0.00989944
1022.18  2.72911  0.00987897
1023.07  2.72986  0.00985864
1023.97  2.73059  0.00983846
1024.86  2.73132  0.00981843
1025.75  2.73205  0.00979854
1026.65  2.73277  0.00977879
1027.54  2.73349  0.00975919
1028.43  2.7342  0.00973972
1029.33  2.73491  0.00972039
1030.22  2.73561  0.00970119
1031.11  2.73631  0.00968214
1032.01  2.73701  0.00966321
1032.9  2.7377  0.00964442
1033.79  2.73838  0.00962576
1034.68  2.73906  0.00960723
1035.58  2.73974  0.00958882
1036.47  2.74042  0.00957055
1037.36  2.74109  0.0095524
1038.26  2.74175  0.00953437
1039.15  2.74241  0.00951647
1040.04  2.74307  0.00949869
1040.94  2.74372  0.00948103
1041.83  2.74437  0.00946349
1042.72  2.74502  0.00944607
1043.62  2.74566  0.00942876
1044.51  2.7463  0.00941158
1045.4  2.74693  0.0093945
1046.3  2.74756  0.00937754
1047.19  2.74819  0.0093607
1048.08  2.74881  0.00934396
1048.98  2.74943  0.00932734
1049.87  2.75004  0.00931082
1050.76  2.75066  0.00929442
1051.66  2.75126  0.00927812
1052.55  2.75187  0.00926193
1053.44  2.75247  0.00924584
1054.34  2.75307  0.00922986
1055.23  2.75366  0.00921398
1056.12  2.75425  0.00919821
1057.02  2.75484  0.00918253
1057.91  2.75542  0.00916696
1058.8  2.756  0.00915148
1059.7  2.75658  0.00913611
1060.59  2.75715  0.00912083
1061.48  2.75772  0.00910565
1062.38  2.75829  0.00909057
1063.27  2.75885  0.00907558
1064.16  2.75941  0.00906068
1065.06  2.75997  0.00904588
1065.95  2.76053  0.00903117
1066.84  2.76108  0.00901655
1067.73  2.76163  0.00900203
1068.63  2.76217  0.00898759
1069.52  2.76271  0.00897324
1070.41  2.76325  0.00895898
1071.31  2.76379  0.00894481
1072.2  2.76432  0.00893072
1073.09  2.76485  0.00891673
1073.99  2.76538  0.00890281
1074.88  2.7659  0.00888898
1075.77  2.76642  0.00887524
1076.67  2.76694  0.00886158
1077.56  2.76746  0.008848
1078.45  2.76797  0.0088345
1079.35  2.76848  0.00882108
1080.24  2.76899  0.00880774
1081.13  2.76949  0.00879448
1082.03  2.76999  0.00878131
1082.92  2.77049  0.0087682
1083.81  2.77099  0.00875518
1084.71  2.77148  0.00874223
1085.6  2.77198  0.00872936
1086.49  2.77246  0.00871657
1087.39  2.77295  0.00870385
1088.28  2.77343  0.0086912
1089.17  2.77391  0.00867863
1090.07  2.77439  0.00866613
1090.96  2.77487  0.0086537
1091.85  2.77534  0.00864135
1092.75  2.77581  0.00862906
1093.64  2.77628  0.00861685
1094.53  2.77675  0.0086047
1095.43  2.77721  0.00859263
1096.32  2.77767  0.00858062
1097.21  2.77813  0.00856868
1098.11  2.77859  0.00855681
1099  2.77904  0.00854501
1099.89  2.77949  0.00853327
1100.78  2.77994  0.0085216
1101.68  2.78039  0.00850999
1102.57  2.78083  0.00849845
1103.46  2.78127  0.00848697
1104.36  2.78171  0.00847556
1105.25  2.78215  0.00846421
1106.14  2.78259  0.00845292
1107.04  2.78302  0.0084417
1107.93  2.78345  0.00843054
1108.82  2.78388  0.00841944
1109.72  2.78431  0.00840839
1110.61  2.78473  0.00839741
1111.5  2.78516  0.00838649
1112.4  2.78558  0.00837563
1113.29  2.786  0.00836483
1114.18  2.78641  0.00835409
1115.08  2.78683  0.0083434
1115.97  2.78724  0.00833277
1116.86  2.78765  0.0083222
1117.76  2.78806  0.00831168
1118.65  2.78846  0.00830122
1119.54  2.78887  0.00829082
1120.44  2.78927  0.00828047
1121.33  2.78967  0.00827018
1122.22  2.79007  0.00825994
1123.12  2.79046  0.00824976
1124.01  2.79086  0.00823963
1124.9  2.79125  0.00822955
1125.8  2.79164  0.00821952
1126.69  2.79203  0.00820955
1127.58  2.79242  0.00819963
1128.48  2.7928  0.00818976
1129.37  2.79319  0.00817994
1130.26  2.79357  0.00817017
1131.16  2.79395  0.00816046
1132.05  2.79432  0.00815079
1132.94  2.7947  0.00814117
1133.83  2.79507  0.0081316
1134.73  2.79545  0.00812209
1135.62  2.79582  0.00811261
1136.51  2.79619  0.00810319
1137.41  2.79655  0.00809382
1138.3  2.79692  0.00808449
1139.19  2.79728  0.00807521
1140.09  2.79765  0.00806598
1140.98  2.79801  0.00805679
1141.87  2.79836  0.00804765
1142.77  2.79872  0.00803856
1143.66  2.79908  0.00802951
1144.55  2.79943  0.0080205
1145.45  2.79978  0.00801154
1146.34  2.80013  0.00800263
1147.23  2.80048  0.00799376
1148.13  2.80083  0.00798493
1149.02  2.80118  0.00797614
1149.91  2.80152  0.0079674
1150.81  2.80186  0.00795871
1151.7  2.8022  0.00795005
1152.59  2.80254  0.00794144
1153.49  2.80288  0.00793287
1154.38  2.80322  0.00792434
1155.27  2.80355  0.00791585
1156.17  2.80388  0.0079074
1157.06  2.80422  0.007899
1157.95  2.80455  0.00789063
1158.85  2.80488  0.0078823
1159.74  2.8052  0.00787402
1160.63  2.80553  0.00786577
1161.53  2.80585  0.00785757
1162.42  2.80618  0.0078494
1163.31  2.8065  0.00784127
1164.21  2.80682  0.00783318
1165.1  2.80714  0.00782513
1165.99  2.80745  0.00781711
1166.88  2.80777  0.00780914
1167.78  2.80809  0.0078012
1168.67  2.8084  0.0077933
1169.56  2.80871  0.00778543
1170.46  2.80902  0.0077776
1171.35  2.80933  0.00776981
1172.24  2.80964  0.00776206
1173.14  2.80994  0.00775434
1174.03  2.81025  0.00774666
1174.92  2.81055  0.00773901
1175.82  2.81086  0.0077314
1176.71  2.81116  0.00772382
1177.6  2.81146  0.00771628
1178.5  2.81176  0.00770877
1179.39  2.81205  0.00770129
1180.28  2.81235  0.00769385
1181.18  2.81264  0.00768645
1182.07  2.81294  0.00767908
1182.96  2.81323  0.00767174
1183.86  2.81352  0.00766443
1184.75  2.81381  0.00765716
1185.64  2.8141  0.00764992
1186.54  2.81439  0.00764271
1187.43  2.81467  0.00763554
1188.32  2.81496  0.00762839
1189.22  2.81524  0.00762128
1190.11  2.81552  0.0076142
1191  2.81581  0.00760716
1191.9  2.81609  0.00760014
1192.79  2.81637  0.00759315
1193.68  2.81664  0.0075862
1194.58  2.81692  0.00757928
1195.47  2.8172  0.00757238
1196.36  2.81747  0.00756552
1197.26  2.81774  0.00755869
1198.15  2.81802  0.00755188
1199.04  2.81829  0.00754511
1199.93  2.81856  0.00753837
1200.83  2.81883  0.00753165
1201.72  2.81909  0.00752497
1202.61  2.81936  0.00751831
1203.51  2.81963  0.00751169
1204.4  2.81989  0.00750509
1205.29  2.82015  0.00749852
1206.19  2.82042  0.00749197
1207.08  2.82068  0.00748546
1207.97  2.82094  0.00747897
1208.87  2.8212  0.00747252
1209.76  2.82146  0.00746609
1210.65  2.82171  0.00745968
1211.55  2.82197  0.00745331
1212.44  2.82222  0.00744696
1213.33  2.82248  0.00744064
1214.23  2.82273  0.00743434
1215.12  2.82298  0.00742807
1216.01  2.82324  0.00742183
1216.91  2.82349  0.00741561
1217.8  2.82373  0.00740942
1218.69  2.82398  0.00740326
1219.59  2.82423  0.00739712
1220.48  2.82448  0.00739101
1221.37  2.82472  0.00738492
1222.27  2.82497  0.00737886
1223.16  2.82521  0.00737282
1224.05  2.82545  0.00736681
1224.95  2.82569  0.00736082
1225.84  2.82593  0.00735486
1226.73  2.82617  0.00734892
1227.63  2.82641  0.00734301
1228.52  2.82665  0.00733712
1229.41  2.82689  0.00733125
1230.31  2.82712  0.00732541
1231.2  2.82736  0.00731959
1232.09  2.82759  0.0073138
1232.98  2.82782  0.00730803
1233.88  2.82806  0.00730228
1234.77  2.82829  0.00729656
1235.66  2.82852  0.00729086
1236.56  2.82875  0.00728518
1237.45  2.82898  0.00727953
1238.34  2.8292  0.00727389
1239.24  2.82943  0.00726828
1240.13  2.82966  0.0072627
1241.02  2.82988  0.00725713
1241.92  2.83011  0.00725159
1242.81  2.83033  0.00724607
1243.7  2.83055  0.00724057
1244.6  2.83077  0.0072351
1245.49  2.831  0.00722964
1246.38  2.83122  0.00722421
1247.28  2.83143  0.00721879
1248.17  2.83165  0.0072134
1249.06  2.83187  0.00720803
1249.96  2.83209  0.00720269
1250.85  2.8323  0.00719736
1251.74  2.83252  0.00719205
1252.64  2.83273  0.00718677
1253.53  2.83295  0.0071815
1254.42  2.83316  0.00717626
1255.32  2.83337  0.00717103
1256.21  2.83358  0.00716583
1257.1  2.83379  0.00716064
1258  2.834  0.00715548
1258.89  2.83421  0.00715034
1259.78  2.83442  0.00714521
1260.68  2.83463  0.00714011
1261.57  2.83484  0.00713502
1262.46  2.83504  0.00712996
1263.36  2.83525  0.00712491
1264.25  2.83545  0.00711988
1265.14  2.83566  0.00711487
1266.04  2.83586  0.00710989
1266.93  2.83606  0.00710492
1267.82  2.83626  0.00709997
1268.71  2.83646  0.00709503
1269.61  2.83666  0.00709012
1270.5  2.83686  0.00708522
1271.39  2.83706  0.00708035
1272.29  2.83726  0.00707549
1273.18  2.83746  0.00707065
1274.07  2.83765  0.00706583
1274.97  2.83785  0.00706102
1275.86  2.83804  0.00705624
1276.75  2.83824  0.00705147
1277.65  2.83843  0.00704672
1278.54  2.83863  0.00704199
1279.43  2.83882  0.00703727
1280.33  2.83901  0.00703257
1281.22  2.8392  0.00702789
1282.11  2.83939  0.00702323
1283.01  2.83958  0.00701858
1283.9  2.83977  0.00701395
1284.79  2.83996  0.00700934
1285.69  2.84015  0.00700475
1286.58  2.84033  0.00700017
1287.47  2.84052  0.00699561
1288.37  2.84071  0.00699106
1289.26  2.84089  0.00698653
1290.15  2.84108  0.00698202
1291.05  2.84126  0.00697752
1291.94  2.84144  0.00697305
1292.83  2.84163  0.00696858
1293.73  2.84181  0.00696414
1294.62  2.84199  0.0069597
1295.51  2.84217  0.00695529
1296.41  2.84235  0.00695089
1297.3  2.84253  0.00694651
1298.19  2.84271  0.00694214
1299.09  2.84289  0.00693779
1299.98  2.84306  0.00693345
1300.87  2.84324  0.00692913
1301.76  2.84342  0.00692482
1302.66  2.84359  0.00692053
1303.55  2.84377  0.00691626
1304.44  2.84394  0.006912
1305.34  2.84412  0.00690775
1306.23  2.84429  0.00690352
1307.12  2.84446  0.00689931
1308.02  2.84464  0.00689511
1308.91  2.84481  0.00689092
1309.8  2.84498  0.00688675
1310.7  2.84515  0.0068826
1311.59  2.84532  0.00687845
1312.48  2.84549  0.00687433
1313.38  2.84566  0.00687021
1314.27  2.84583  0.00686612
1315.16  2.84599  0.00686203
1316.06  2.84616  0.00685796
1316.95  2.84633  0.00685391
1317.84  2.84649  0.00684986
1318.74  2.84666  0.00684584
1319.63  2.84682  0.00684182
1320.52  2.84699  0.00683782
1321.42  2.84715  0.00683383
1322.31  2.84732  0.00682986
1323.2  2.84748  0.0068259
1324.1  2.84764  0.00682196
1324.99  2.8478  0.00681802
1325.88  2.84796  0.00681411
1326.78  2.84812  0.0068102
1327.67  2.84828  0.00680631
1328.56  2.84844  0.00680243
1329.46  2.8486  0.00679856
1330.35  2.84876  0.00679471
1331.24  2.84892  0.00679087
1332.14  2.84908  0.00678704
1333.03  2.84923  0.00678323
1333.92  2.84939  0.00677943
1334.81  2.84955  0.00677564
1335.71  2.8497  0.00677187
1336.6  2.84986  0.0067681
1337.49  2.85001  0.00676435
1338.39  2.85017  0.00676062
1339.28  2.85032  0.00675689
1340.17  2.85047  0.00675318
1341.07  2.85063  0.00674948
1341.96  2.85078  0.00674579
1342.85  2.85093  0.00674211
1343.75  2.85108  0.00673845
1344.64  2.85123  0.0067348
1345.53  2.85138  0.00673116
1346.43  2.85153  0.00672753
1347.32  2.85168  0.00672391
1348.21  2.85183  0.00672031
1349.11  2.85198  0.00671672
1350  2.85213  0.00671314
