279  -1.03591e-06  2.47251e-08
279.893  1.29313e-05  3.08684e-07
280.786  4.18009e-05  9.97967e-07
281.68  8.01021e-05  1.91264e-06
282.573  0.000125918  3.007e-06
283.466  0.000178183  4.2557e-06
284.359  0.000236195  5.64199e-06
285.253  0.000299442  7.15374e-06
286.146  0.000367535  8.78166e-06
287.039  0.000440162  1.05184e-05
287.932  0.000517066  1.23578e-05
288.826  0.000598033  1.42948e-05
289.719  0.000682881  1.63251e-05
290.612  0.000771449  1.84449e-05
291.505  0.0008636  2.06509e-05
292.399  0.00095921  2.29403e-05
293.292  0.00105817  2.53103e-05
294.185  0.00116038  2.77589e-05
295.078  0.00126576  3.02837e-05
295.972  0.00137421  3.2883e-05
296.865  0.00148568  3.5555e-05
297.758  0.00160008  3.82981e-05
298.651  0.00171737  4.11109e-05
299.545  0.00183748  4.3992e-05
300.438  0.00196036  4.69402e-05
301.331  0.00208596  4.99544e-05
302.224  0.00221423  5.30334e-05
303.118  0.00234514  5.61764e-05
304.011  0.00247863  5.93824e-05
304.904  0.00261469  6.26505e-05
305.797  0.00275327  6.59799e-05
306.691  0.00289434  6.93699e-05
307.584  0.00303786  7.28198e-05
308.477  0.00318382  7.63289e-05
309.37  0.00333218  7.98966e-05
310.264  0.00348292  8.35224e-05
311.157  0.00363601  8.72056e-05
312.05  0.00379144  9.09459e-05
312.943  0.00394917  9.47426e-05
313.837  0.0041092  9.85953e-05
314.73  0.0042715  0.000102504
315.623  0.00443606  0.000106467
316.516  0.00460285  0.000110486
317.41  0.00477187  0.000114559
318.303  0.00494309  0.000118686
319.196  0.00511651  0.000122867
320.089  0.00529211  0.000127102
320.982  0.00546988  0.00013139
321.876  0.0056498  0.000135731
322.769  0.00583187  0.000140124
323.662  0.00601608  0.000144571
324.555  0.00620241  0.00014907
325.449  0.00639086  0.000153621
326.342  0.00658141  0.000158224
327.235  0.00677407  0.000162879
328.128  0.00696882  0.000167585
329.022  0.00716565  0.000172344
329.915  0.00736457  0.000177153
330.808  0.00756556  0.000182014
331.701  0.00776861  0.000186927
332.595  0.00797373  0.00019189
333.488  0.00818091  0.000196905
334.381  0.00839014  0.00020197
335.274  0.00860143  0.000207086
336.168  0.00881476  0.000212254
337.061  0.00903013  0.000217472
337.954  0.00924755  0.000222741
338.847  0.009467  0.000228061
339.741  0.00968849  0.000233431
340.634  0.00991202  0.000238853
341.527  0.0101376  0.000244325
342.42  0.0103652  0.000249847
343.314  0.0105948  0.000255421
344.207  0.0108265  0.000261045
345.1  0.0110602  0.000266721
345.993  0.0112959  0.000272447
346.887  0.0115336  0.000278224
347.78  0.0117734  0.000284052
348.673  0.0120152  0.000289931
349.566  0.0122591  0.000295861
350.46  0.012505  0.000301842
351.353  0.0127529  0.000307875
352.246  0.0130029  0.000313959
353.139  0.0132549  0.000320094
354.033  0.013509  0.000326281
354.926  0.0137651  0.00033252
355.819  0.0140233  0.00033881
356.712  0.0142835  0.000345152
357.606  0.0145458  0.000351546
358.499  0.0148101  0.000357992
359.392  0.0150765  0.00036449
360.285  0.015345  0.000371041
361.178  0.0156155  0.000377644
362.072  0.0158881  0.0003843
362.965  0.0161628  0.000391009
363.858  0.0164396  0.000397771
364.751  0.0167185  0.000404586
365.645  0.0169995  0.000411454
366.538  0.0172826  0.000418376
367.431  0.0175678  0.000425351
368.324  0.0178551  0.00043238
369.218  0.0181445  0.000439464
370.111  0.0184361  0.000446601
371.004  0.0187298  0.000453793
371.897  0.0190256  0.00046104
372.791  0.0193236  0.000468341
373.684  0.0196237  0.000475698
374.577  0.019926  0.00048311
375.47  0.0202305  0.000490578
376.364  0.0205371  0.000498101
377.257  0.0208459  0.000505681
378.15  0.021157  0.000513316
379.043  0.0214702  0.000521009
379.937  0.0217856  0.000528758
380.83  0.0221032  0.000536564
381.723  0.0224231  0.000544427
382.616  0.0227452  0.000552349
383.51  0.0230696  0.000560328
384.403  0.0233962  0.000568365
385.296  0.023725  0.00057646
386.189  0.0240562  0.000584614
387.083  0.0243896  0.000592828
387.976  0.0247253  0.0006011
388.869  0.0250633  0.000609433
389.762  0.0254037  0.000617825
390.656  0.0257463  0.000626278
391.549  0.0260913  0.000634791
392.442  0.0264386  0.000643365
393.335  0.0267883  0.000652
394.229  0.0271404  0.000660697
395.122  0.0274948  0.000669456
396.015  0.0278516  0.000678278
396.908  0.0282108  0.000687161
397.802  0.0285725  0.000696109
398.695  0.0289365  0.000705119
399.588  0.029303  0.000714193
400.481  0.029672  0.000723332
401.374  0.0300434  0.000732535
402.268  0.0304173  0.000741802
403.161  0.0307937  0.000751136
404.054  0.0311726  0.000760535
404.947  0.031554  0.00077
405.841  0.0319379  0.000779532
406.734  0.0323244  0.00078913
407.627  0.0327134  0.000798797
408.52  0.033105  0.000808531
409.414  0.0334992  0.000818333
410.307  0.033896  0.000828204
411.2  0.0342954  0.000838145
412.093  0.0346975  0.000848155
412.987  0.0351022  0.000858235
413.88  0.0355095  0.000868386
414.773  0.0359195  0.000878608
415.666  0.0363323  0.000888901
416.56  0.0367477  0.000899267
417.453  0.0371659  0.000909705
418.346  0.0375868  0.000920216
419.239  0.0380105  0.000930801
420.133  0.0384369  0.00094146
421.026  0.0388662  0.000952194
421.919  0.0392982  0.000963003
422.812  0.0397331  0.000973887
423.706  0.0401708  0.000984848
424.599  0.0406114  0.000995886
425.492  0.0410549  0.001007
426.385  0.0415013  0.00101819
427.279  0.0419506  0.00102947
428.172  0.0424029  0.00104082
429.065  0.0428581  0.00105225
429.958  0.0433163  0.00106376
430.852  0.0437775  0.00107535
431.745  0.0442417  0.00108702
432.638  0.0447089  0.00109878
433.531  0.0451792  0.00111062
434.425  0.0456526  0.00112254
435.318  0.0461291  0.00113455
436.211  0.0466087  0.00114664
437.104  0.0470915  0.00115881
437.997  0.0475774  0.00117108
438.891  0.0480666  0.00118343
439.784  0.0485589  0.00119586
440.677  0.0490545  0.00120839
441.57  0.0495533  0.00122101
442.464  0.0500554  0.00123371
443.357  0.0505608  0.0012465
444.25  0.0510695  0.00125939
445.143  0.0515816  0.00127237
446.037  0.0520971  0.00128544
446.93  0.052616  0.0012986
447.823  0.0531383  0.00131186
448.716  0.053664  0.00132522
449.61  0.0541932  0.00133867
450.503  0.0547259  0.00135221
451.396  0.0552622  0.00136586
452.289  0.055802  0.0013796
453.183  0.0563454  0.00139344
454.076  0.0568924  0.00140738
454.969  0.057443  0.00142143
455.862  0.0579973  0.00143557
456.756  0.0585553  0.00144982
457.649  0.0591171  0.00146417
458.542  0.0596825  0.00147863
459.435  0.0602518  0.00149319
460.329  0.0608248  0.00150786
461.222  0.0614017  0.00152263
462.115  0.0619825  0.00153752
463.008  0.0625672  0.00155251
463.902  0.0631557  0.00156762
464.795  0.0637483  0.00158283
465.688  0.0643449  0.00159816
466.581  0.0649454  0.0016136
467.475  0.0655501  0.00162916
468.368  0.0661588  0.00164483
469.261  0.0667717  0.00166062
470.154  0.0673887  0.00167653
471.048  0.0680099  0.00169256
471.941  0.0686353  0.0017087
472.834  0.069265  0.00172497
473.727  0.069899  0.00174136
474.621  0.0705374  0.00175788
475.514  0.0711801  0.00177452
476.407  0.0718272  0.00179128
477.3  0.0724788  0.00180817
478.193  0.0731348  0.00182519
479.087  0.0737954  0.00184235
479.98  0.0744605  0.00185963
480.873  0.0751302  0.00187704
481.766  0.0758046  0.00189459
482.66  0.0764836  0.00191228
483.553  0.0771674  0.0019301
484.446  0.0778559  0.00194806
485.339  0.0785492  0.00196615
486.233  0.0792474  0.00198439
487.126  0.0799505  0.00200277
488.019  0.0806585  0.0020213
488.912  0.0813714  0.00203997
489.806  0.0820894  0.00205878
490.699  0.0828125  0.00207775
491.592  0.0835406  0.00209686
492.485  0.0842739  0.00211613
493.379  0.0850124  0.00213554
494.272  0.0857562  0.00215512
495.165  0.0865053  0.00217485
496.058  0.0872597  0.00219473
496.952  0.0880195  0.00221478
497.845  0.0887847  0.00223499
498.738  0.0895555  0.00225536
499.631  0.0903318  0.00227589
500.525  0.0911137  0.0022966
501.418  0.0919012  0.00231747
502.311  0.0926944  0.00233851
503.204  0.0934935  0.00235972
504.098  0.0942983  0.00238111
504.991  0.0951089  0.00240267
505.884  0.0959256  0.00242441
506.777  0.0967481  0.00244633
507.671  0.0975768  0.00246844
508.564  0.0984115  0.00249072
509.457  0.0992524  0.0025132
510.35  0.100099  0.00253586
511.244  0.100953  0.00255871
512.137  0.101813  0.00258175
513.03  0.102679  0.00260499
513.923  0.103551  0.00262843
514.817  0.10443  0.00265206
515.71  0.105316  0.0026759
516.603  0.106208  0.00269994
517.496  0.107107  0.00272419
518.389  0.108013  0.00274865
519.283  0.108926  0.00277332
520.176  0.109846  0.0027982
521.069  0.110772  0.0028233
521.962  0.111706  0.00284862
522.856  0.112647  0.00287416
523.749  0.113595  0.00289992
524.642  0.11455  0.00292591
525.535  0.115513  0.00295214
526.429  0.116483  0.00297859
527.322  0.117461  0.00300528
528.215  0.118446  0.00303221
529.108  0.119439  0.00305938
530.002  0.12044  0.00308679
530.895  0.121448  0.00311446
531.788  0.122464  0.00314237
532.681  0.123489  0.00317054
533.575  0.124522  0.00319896
534.468  0.125562  0.00322764
535.361  0.126611  0.00325659
536.254  0.127669  0.00328581
537.148  0.128734  0.00331529
538.041  0.129809  0.00334505
538.934  0.130892  0.00337509
539.827  0.131983  0.00340541
540.721  0.133084  0.00343601
541.614  0.134193  0.0034669
542.507  0.135312  0.00349809
543.4  0.136439  0.00352957
544.294  0.137576  0.00356135
545.187  0.138722  0.00359344
546.08  0.139877  0.00362583
546.973  0.141042  0.00365854
547.867  0.142217  0.00369156
548.76  0.143401  0.0037249
549.653  0.144596  0.00375857
550.546  0.1458  0.00379257
551.44  0.147014  0.0038269
552.333  0.148239  0.00386158
553.226  0.149474  0.00389659
554.119  0.150719  0.00393196
555.013  0.151975  0.00396767
555.906  0.153241  0.00400375
556.799  0.154518  0.00404019
557.692  0.155806  0.00407699
558.585  0.157106  0.00411418
559.479  0.158416  0.00415174
560.372  0.159738  0.00418968
561.265  0.161071  0.00422801
562.158  0.162416  0.00426674
563.052  0.163773  0.00430587
563.945  0.165141  0.00434541
564.838  0.166521  0.00438536
565.731  0.167914  0.00442573
566.625  0.169319  0.00446653
567.518  0.170736  0.00450775
568.411  0.172166  0.00454942
569.304  0.173609  0.00459153
570.198  0.175065  0.00463408
571.091  0.176534  0.0046771
571.984  0.178016  0.00472058
572.877  0.179511  0.00476454
573.771  0.18102  0.00480897
574.664  0.182543  0.00485389
575.557  0.184079  0.0048993
576.45  0.18563  0.00494521
577.344  0.187195  0.00499163
578.237  0.188775  0.00503857
579.13  0.190369  0.00508603
580.023  0.191978  0.00513403
580.917  0.193602  0.00518257
581.81  0.195241  0.00523165
582.703  0.196896  0.0052813
583.596  0.198566  0.00533151
584.49  0.200252  0.0053823
585.383  0.201955  0.00543367
586.276  0.203673  0.00548564
587.169  0.205408  0.00553821
588.063  0.207159  0.0055914
588.956  0.208928  0.00564521
589.849  0.210713  0.00569966
590.742  0.212516  0.00575475
591.636  0.214337  0.00581049
592.529  0.216175  0.0058669
593.422  0.218031  0.00592399
594.315  0.219906  0.00598176
595.209  0.221799  0.00604024
596.102  0.223711  0.00609942
596.995  0.225642  0.00615933
597.888  0.227593  0.00621998
598.781  0.229563  0.00628137
599.675  0.231552  0.00634352
600.568  0.233562  0.00640644
601.461  0.235593  0.00647016
602.354  0.237644  0.00653467
603.248  0.239716  0.00659999
604.141  0.24181  0.00666614
605.034  0.243925  0.00673314
605.927  0.246062  0.00680099
606.821  0.248221  0.00686971
607.714  0.250403  0.00693932
608.607  0.252607  0.00700982
609.5  0.254835  0.00708125
610.394  0.257087  0.00715361
611.287  0.259362  0.00722693
612.18  0.261661  0.00730121
613.073  0.263985  0.00737647
613.967  0.266334  0.00745273
614.86  0.268709  0.00753002
615.753  0.271108  0.00760835
616.646  0.273534  0.00768773
617.54  0.275987  0.00776818
618.433  0.278466  0.00784974
619.326  0.280973  0.00793241
620.219  0.283507  0.00801621
621.113  0.286069  0.00810117
622.006  0.28866  0.00818731
622.899  0.291279  0.00827465
623.792  0.293928  0.00836321
624.686  0.296607  0.00845301
625.579  0.299316  0.00854408
626.472  0.302056  0.00863644
627.365  0.304827  0.00873011
628.259  0.30763  0.00882512
629.152  0.310464  0.0089215
630.045  0.313332  0.00901926
630.938  0.316233  0.00911844
631.832  0.319167  0.00921906
632.725  0.322135  0.00932115
633.618  0.325139  0.00942474
634.511  0.328177  0.00952985
635.405  0.331252  0.00963651
636.298  0.334363  0.00974476
637.191  0.337511  0.00985461
638.084  0.340696  0.00996611
638.977  0.34392  0.0100793
639.871  0.347182  0.0101942
640.764  0.350484  0.0103108
641.657  0.353826  0.0104292
642.55  0.357209  0.0105494
643.444  0.360633  0.0106714
644.337  0.364099  0.0107953
645.23  0.367608  0.0109211
646.123  0.37116  0.0110488
647.017  0.374757  0.0111786
647.91  0.378398  0.0113103
648.803  0.382084  0.0114442
649.696  0.385817  0.0115801
650.59  0.389597  0.0117181
651.483  0.393425  0.0118583
652.376  0.397302  0.0120008
653.269  0.401228  0.0121454
654.163  0.405204  0.0122924
655.056  0.409231  0.0124418
655.949  0.41331  0.0125935
656.842  0.417442  0.0127476
657.736  0.421627  0.0129043
658.629  0.425867  0.0130634
659.522  0.430163  0.0132251
660.415  0.434514  0.0133895
661.309  0.438923  0.0135564
662.202  0.443391  0.0137261
663.095  0.447917  0.0138986
663.988  0.452503  0.0140738
664.882  0.457151  0.0142519
665.775  0.461861  0.014433
666.668  0.466634  0.0146169
667.561  0.471471  0.0148039
668.455  0.476374  0.0149939
669.348  0.481342  0.0151871
670.241  0.486379  0.0153833
671.134  0.491483  0.0155828
672.028  0.496658  0.0157856
672.921  0.501903  0.0159917
673.814  0.507221  0.0162011
674.707  0.512611  0.0164139
675.601  0.518076  0.0166303
676.494  0.523616  0.0168501
677.387  0.529233  0.0170735
678.28  0.534927  0.0173005
679.173  0.540701  0.0175312
680.067  0.546556  0.0177656
680.96  0.552492  0.0180038
681.853  0.558511  0.0182457
682.746  0.564614  0.0184916
683.64  0.570803  0.0187413
684.533  0.577078  0.018995
685.426  0.583442  0.0192526
686.319  0.589896  0.0195143
687.213  0.59644  0.01978
688.106  0.603076  0.0200498
688.999  0.609806  0.0203238
689.892  0.61663  0.0206019
690.786  0.623551  0.0208842
691.679  0.630569  0.0211706
692.572  0.637687  0.0214613
693.465  0.644904  0.0217563
694.359  0.652223  0.0220555
695.252  0.659645  0.0223589
696.145  0.667171  0.0226666
697.038  0.674803  0.0229785
697.932  0.682542  0.0232946
698.825  0.690389  0.023615
699.718  0.698345  0.0239396
700.611  0.706412  0.0242683
701.505  0.714591  0.0246012
702.398  0.722883  0.0249382
703.291  0.731289  0.0252791
704.184  0.73981  0.0256241
705.078  0.748449  0.0259729
705.971  0.757205  0.0263256
706.864  0.766079  0.026682
707.757  0.775073  0.027042
708.651  0.784188  0.0274055
709.544  0.793424  0.0277724
710.437  0.802782  0.0281425
711.33  0.812263  0.0285158
712.224  0.821868  0.0288919
713.117  0.831597  0.0292709
714.01  0.84145  0.0296524
714.903  0.851429  0.0300362
715.796  0.861534  0.0304223
716.69  0.871764  0.0308102
717.583  0.88212  0.0311998
718.476  0.892602  0.0315908
719.369  0.90321  0.0319829
720.263  0.913944  0.0323759
721.156  0.924803  0.0327694
722.049  0.935787  0.0331631
722.942  0.946896  0.0335566
723.836  0.958128  0.0339496
724.729  0.969484  0.0343418
725.622  0.980961  0.0347327
726.515  0.992559  0.0351219
727.409  1.00428  0.0355091
728.302  1.01611  0.0358937
729.195  1.02806  0.0362754
730.088  1.04013  0.0366537
730.982  1.05231  0.0370281
731.875  1.0646  0.0373982
732.768  1.077  0.0377635
733.661  1.08951  0.0381234
734.555  1.10211  0.0384776
735.448  1.11482  0.0388254
736.341  1.12763  0.0391664
737.234  1.14053  0.0395002
738.128  1.15352  0.0398261
739.021  1.1666  0.0401437
739.914  1.17976  0.0404525
740.807  1.19301  0.040752
741.701  1.20633  0.0410417
742.594  1.21972  0.0413212
743.487  1.23318  0.04159
744.38  1.2467  0.0418477
745.274  1.26028  0.0420938
746.167  1.27392  0.0423279
747.06  1.2876  0.0425497
747.953  1.30133  0.0427587
748.847  1.3151  0.0429547
749.74  1.3289  0.0431374
750.633  1.34273  0.0433064
751.526  1.35658  0.0434615
752.42  1.37045  0.0436024
753.313  1.38434  0.0437291
754.206  1.39823  0.0438412
755.099  1.41213  0.0439387
755.992  1.42602  0.0440216
756.886  1.43991  0.0440896
757.779  1.45378  0.0441429
758.672  1.46763  0.0441813
759.565  1.48145  0.0442051
760.459  1.49525  0.0442141
761.352  1.50901  0.0442086
762.245  1.52273  0.0441886
763.138  1.53641  0.0441544
764.032  1.55004  0.0441061
764.925  1.56361  0.044044
765.818  1.57712  0.0439683
766.711  1.59057  0.0438793
767.605  1.60395  0.0437773
768.498  1.61726  0.0436627
769.391  1.63049  0.0435357
770.284  1.64364  0.0433968
771.178  1.65671  0.0432463
772.071  1.66968  0.0430847
772.964  1.68257  0.0429123
773.857  1.69536  0.0427296
774.751  1.70806  0.042537
775.644  1.72065  0.0423349
776.537  1.73314  0.0421238
777.43  1.74552  0.0419042
778.324  1.75779  0.0416764
779.217  1.76996  0.041441
780.11  1.78201  0.0411983
781.003  1.79394  0.0409489
781.897  1.80576  0.0406932
782.79  1.81746  0.0404316
783.683  1.82904  0.0401645
784.576  1.8405  0.0398924
785.47  1.85184  0.0396157
786.363  1.86305  0.0393348
787.256  1.87414  0.0390501
788.149  1.88511  0.038762
789.043  1.89595  0.0384709
789.936  1.90666  0.0381771
790.829  1.91725  0.037881
791.722  1.92772  0.0375829
792.616  1.93805  0.0372831
793.509  1.94827  0.0369821
794.402  1.95835  0.0366799
795.295  1.96831  0.0363771
796.188  1.97815  0.0360738
797.082  1.98786  0.0357702
797.975  1.99745  0.0354667
798.868  2.00691  0.0351635
799.761  2.01626  0.0348608
800.655  2.02547  0.0345588
801.548  2.03457  0.0342578
802.441  2.04355  0.0339578
803.334  2.05241  0.0336591
804.228  2.06115  0.0333619
805.121  2.06977  0.0330663
806.014  2.07828  0.0327724
806.907  2.08667  0.0324804
807.801  2.09495  0.0321904
808.694  2.10311  0.0319026
809.587  2.11117  0.0316169
810.48  2.11911  0.0313336
811.374  2.12694  0.0310527
812.267  2.13467  0.0307743
813.16  2.14229  0.0304985
814.053  2.1498  0.0302252
814.947  2.15721  0.0299547
815.84  2.16452  0.0296869
816.733  2.17173  0.029422
817.626  2.17883  0.0291598
818.52  2.18584  0.0289005
819.413  2.19275  0.0286441
820.306  2.19956  0.0283906
821.199  2.20628  0.0281401
822.093  2.21291  0.0278925
822.986  2.21945  0.0276478
823.879  2.22589  0.0274062
824.772  2.23225  0.0271675
825.666  2.23851  0.0269318
826.559  2.24469  0.0266991
827.452  2.25079  0.0264693
828.345  2.2568  0.0262425
829.239  2.26273  0.0260187
830.132  2.26858  0.0257978
831.025  2.27435  0.0255798
831.918  2.28004  0.0253647
832.812  2.28565  0.0251525
833.705  2.29118  0.0249432
834.598  2.29664  0.0247367
835.491  2.30203  0.0245331
836.384  2.30734  0.0243322
837.278  2.31258  0.0241341
838.171  2.31775  0.0239388
839.064  2.32285  0.0237462
839.957  2.32789  0.0235562
840.851  2.33285  0.0233689
841.744  2.33775  0.0231842
842.637  2.34259  0.0230022
843.53  2.34736  0.0228227
844.424  2.35206  0.0226457
845.317  2.35671  0.0224712
846.21  2.3613  0.0222992
847.103  2.36582  0.0221297
847.997  2.37029  0.0219625
848.89  2.3747  0.0217977
849.783  2.37905  0.0216352
850.676  2.38334  0.0214751
851.57  2.38758  0.0213172
852.463  2.39177  0.0211616
853.356  2.3959  0.0210082
854.249  2.39998  0.0208569
855.143  2.40401  0.0207078
856.036  2.40799  0.0205608
856.929  2.41191  0.0204159
857.822  2.41579  0.020273
858.716  2.41962  0.0201321
859.609  2.4234  0.0199933
860.502  2.42714  0.0198563
861.395  2.43083  0.0197213
862.289  2.43447  0.0195882
863.182  2.43807  0.019457
864.075  2.44163  0.0193276
864.968  2.44514  0.0192
865.862  2.44861  0.0190741
866.755  2.45204  0.01895
867.648  2.45543  0.0188277
868.541  2.45877  0.018707
869.435  2.46208  0.018588
870.328  2.46535  0.0184706
871.221  2.46857  0.0183548
872.114  2.47177  0.0182406
873.008  2.47492  0.018128
873.901  2.47804  0.0180169
874.794  2.48112  0.0179073
875.687  2.48416  0.0177991
876.58  2.48717  0.0176925
877.474  2.49015  0.0175872
878.367  2.49309  0.0174834
879.26  2.49599  0.017381
880.153  2.49887  0.0172799
881.047  2.50171  0.0171802
881.94  2.50452  0.0170817
882.833  2.5073  0.0169846
883.726  2.51005  0.0168888
884.62  2.51276  0.0167942
885.513  2.51545  0.0167008
886.406  2.51811  0.0166087
887.299  2.52074  0.0165177
888.193  2.52333  0.0164279
889.086  2.52591  0.0163393
889.979  2.52845  0.0162518
890.872  2.53096  0.0161654
891.766  2.53345  0.0160801
892.659  2.53592  0.0159959
893.552  2.53835  0.0159127
894.445  2.54076  0.0158306
895.339  2.54314  0.0157496
896.232  2.5455  0.0156695
897.125  2.54784  0.0155904
898.018  2.55015  0.0155124
898.912  2.55243  0.0154352
899.805  2.5547  0.015359
900.698  2.55694  0.0152838
901.591  2.55915  0.0152095
902.485  2.56134  0.015136
903.378  2.56351  0.0150635
904.271  2.56566  0.0149918
905.164  2.56779  0.014921
906.058  2.5699  0.014851
906.951  2.57198  0.0147819
907.844  2.57404  0.0147136
908.737  2.57609  0.0146461
909.631  2.57811  0.0145794
910.524  2.58011  0.0145134
911.417  2.58209  0.0144483
912.31  2.58406  0.0143839
913.204  2.586  0.0143202
914.097  2.58793  0.0142573
914.99  2.58983  0.0141951
915.883  2.59172  0.0141336
916.776  2.59359  0.0140728
917.67  2.59544  0.0140127
918.563  2.59728  0.0139532
919.456  2.5991  0.0138945
920.349  2.6009  0.0138364
921.243  2.60268  0.0137789
922.136  2.60445  0.0137221
923.029  2.6062  0.0136659
923.922  2.60793  0.0136103
924.816  2.60965  0.0135554
925.709  2.61135  0.013501
926.602  2.61303  0.0134472
927.495  2.6147  0.013394
928.389  2.61636  0.0133414
929.282  2.618  0.0132894
930.175  2.61962  0.0132379
931.068  2.62123  0.0131869
931.962  2.62283  0.0131365
932.855  2.62441  0.0130867
933.748  2.62598  0.0130373
934.641  2.62753  0.0129885
935.535  2.62907  0.0129402
936.428  2.6306  0.0128923
937.321  2.63211  0.012845
938.214  2.63361  0.0127982
939.108  2.6351  0.0127518
940.001  2.63657  0.012706
940.894  2.63803  0.0126606
941.787  2.63948  0.0126156
942.681  2.64091  0.0125711
943.574  2.64234  0.0125271
944.467  2.64375  0.0124835
945.36  2.64515  0.0124403
946.254  2.64653  0.0123976
947.147  2.64791  0.0123552
948.04  2.64927  0.0123134
948.933  2.65062  0.0122719
949.827  2.65196  0.0122308
950.72  2.65329  0.0121901
951.613  2.65461  0.0121498
952.506  2.65592  0.0121099
953.399  2.65722  0.0120704
954.293  2.6585  0.0120313
955.186  2.65978  0.0119925
956.079  2.66105  0.0119542
956.972  2.6623  0.0119161
957.866  2.66355  0.0118785
958.759  2.66478  0.0118412
959.652  2.66601  0.0118042
960.545  2.66722  0.0117676
961.439  2.66843  0.0117313
962.332  2.66962  0.0116954
963.225  2.67081  0.0116598
964.118  2.67199  0.0116245
965.012  2.67315  0.0115895
965.905  2.67431  0.0115549
966.798  2.67546  0.0115206
967.691  2.6766  0.0114866
968.585  2.67773  0.0114529
969.478  2.67886  0.0114195
970.371  2.67997  0.0113864
971.264  2.68108  0.0113536
972.158  2.68217  0.0113211
973.051  2.68326  0.0112888
973.944  2.68434  0.0112569
974.837  2.68541  0.0112252
975.731  2.68648  0.0111938
976.624  2.68753  0.0111627
977.517  2.68858  0.0111319
978.41  2.68962  0.0111013
979.304  2.69066  0.011071
980.197  2.69168  0.011041
981.09  2.6927  0.0110112
981.983  2.69371  0.0109816
982.877  2.69471  0.0109523
983.77  2.6957  0.0109233
984.663  2.69669  0.0108945
985.556  2.69767  0.010866
986.45  2.69865  0.0108376
987.343  2.69961  0.0108096
988.236  2.70057  0.0107817
989.129  2.70152  0.0107541
990.023  2.70247  0.0107267
990.916  2.70341  0.0106996
991.809  2.70434  0.0106726
992.702  2.70526  0.0106459
993.595  2.70618  0.0106194
994.489  2.7071  0.0105931
995.382  2.708  0.0105671
996.275  2.7089  0.0105412
997.168  2.70979  0.0105155
998.062  2.71068  0.0104901
998.955  2.71156  0.0104648
999.848  2.71244  0.0104398
1000.74  2.71331  0.0104149
1001.63  2.71417  0.0103903
1002.53  2.71502  0.0103658
1003.42  2.71588  0.0103416
1004.31  2.71672  0.0103175
1005.21  2.71756  0.0102936
1006.1  2.71839  0.0102699
1006.99  2.71922  0.0102463
1007.89  2.72004  0.010223
1008.78  2.72086  0.0101998
1009.67  2.72167  0.0101769
1010.57  2.72248  0.010154
1011.46  2.72328  0.0101314
1012.35  2.72407  0.0101089
1013.25  2.72486  0.0100866
1014.14  2.72565  0.0100645
1015.03  2.72643  0.0100425
1015.93  2.7272  0.0100207
1016.82  2.72797  0.00999909
1017.71  2.72873  0.00997761
1018.61  2.72949  0.00995629
1019.5  2.73025  0.00993512
1020.39  2.731  0.00991411
1021.29  2.73174  0.00989326
1022.18  2.73248  0.00987256
1023.07  2.73322  0.009852
1023.97  2.73395  0.0098316
1024.86  2.73467  0.00981134
1025.75  2.73539  0.00979123
1026.65  2.73611  0.00977126
1027.54  2.73682  0.00975144
1028.43  2.73753  0.00973176
1029.33  2.73823  0.00971221
1030.22  2.73893  0.00969281
1031.11  2.73962  0.00967354
1032.01  2.74031  0.00965441
1032.9  2.741  0.00963541
1033.79  2.74168  0.00961654
1034.68  2.74236  0.00959781
1035.58  2.74303  0.00957921
1036.47  2.7437  0.00956073
1037.36  2.74436  0.00954238
1038.26  2.74502  0.00952416
1039.15  2.74568  0.00950607
1040.04  2.74633  0.00948809
1040.94  2.74698  0.00947024
1041.83  2.74762  0.00945252
1042.72  2.74826  0.00943491
1043.62  2.7489  0.00941742
1044.51  2.74953  0.00940004
1045.4  2.75016  0.00938279
1046.3  2.75079  0.00936565
1047.19  2.75141  0.00934862
1048.08  2.75203  0.00933171
1048.98  2.75264  0.00931491
1049.87  2.75325  0.00929822
1050.76  2.75386  0.00928164
1051.66  2.75446  0.00926517
1052.55  2.75506  0.00924881
1053.44  2.75566  0.00923255
1054.34  2.75625  0.0092164
1055.23  2.75684  0.00920036
1056.12  2.75743  0.00918442
1057.02  2.75801  0.00916858
1057.91  2.75859  0.00915285
1058.8  2.75917  0.00913721
1059.7  2.75974  0.00912168
1060.59  2.76031  0.00910624
1061.48  2.76087  0.0090909
1062.38  2.76144  0.00907566
1063.27  2.762  0.00906052
1064.16  2.76255  0.00904547
1065.06  2.76311  0.00903051
1065.95  2.76366  0.00901565
1066.84  2.7642  0.00900089
1067.73  2.76475  0.00898621
1068.63  2.76529  0.00897163
1069.52  2.76583  0.00895713
1070.41  2.76636  0.00894273
1071.31  2.76689  0.00892841
1072.2  2.76742  0.00891419
1073.09  2.76795  0.00890005
1073.99  2.76847  0.00888599
1074.88  2.76899  0.00887202
1075.77  2.76951  0.00885814
1076.67  2.77002  0.00884434
1077.56  2.77054  0.00883063
1078.45  2.77104  0.00881699
1079.35  2.77155  0.00880344
1080.24  2.77205  0.00878997
1081.13  2.77256  0.00877658
1082.03  2.77305  0.00876327
1082.92  2.77355  0.00875004
1083.81  2.77404  0.00873689
1084.71  2.77453  0.00872381
1085.6  2.77502  0.00871082
1086.49  2.7755  0.0086979
1087.39  2.77599  0.00868505
1088.28  2.77647  0.00867228
1089.17  2.77694  0.00865958
1090.07  2.77742  0.00864696
1090.96  2.77789  0.00863441
1091.85  2.77836  0.00862194
1092.75  2.77883  0.00860953
1093.64  2.77929  0.0085972
1094.53  2.77975  0.00858494
1095.43  2.78021  0.00857275
1096.32  2.78067  0.00856063
1097.21  2.78113  0.00854857
1098.11  2.78158  0.00853659
1099  2.78203  0.00852467
1099.89  2.78248  0.00851282
1100.78  2.78292  0.00850104
1101.68  2.78337  0.00848932
1102.57  2.78381  0.00847767
1103.46  2.78425  0.00846609
1104.36  2.78468  0.00845457
1105.25  2.78512  0.00844311
1106.14  2.78555  0.00843172
1107.04  2.78598  0.00842038
1107.93  2.78641  0.00840912
1108.82  2.78683  0.00839791
1109.72  2.78726  0.00838677
1110.61  2.78768  0.00837568
1111.5  2.7881  0.00836466
1112.4  2.78851  0.0083537
1113.29  2.78893  0.0083428
1114.18  2.78934  0.00833195
1115.08  2.78975  0.00832117
1115.97  2.79016  0.00831044
1116.86  2.79057  0.00829977
1117.76  2.79098  0.00828916
1118.65  2.79138  0.0082786
1119.54  2.79178  0.0082681
1120.44  2.79218  0.00825766
1121.33  2.79258  0.00824727
1122.22  2.79297  0.00823694
1123.12  2.79336  0.00822667
1124.01  2.79376  0.00821644
1124.9  2.79415  0.00820627
1125.8  2.79453  0.00819616
1126.69  2.79492  0.00818609
1127.58  2.7953  0.00817608
1128.48  2.79568  0.00816613
1129.37  2.79607  0.00815622
1130.26  2.79644  0.00814636
1131.16  2.79682  0.00813656
1132.05  2.79719  0.00812681
1132.94  2.79757  0.0081171
1133.83  2.79794  0.00810745
1134.73  2.79831  0.00809785
1135.62  2.79868  0.00808829
1136.51  2.79904  0.00807879
1137.41  2.79941  0.00806933
1138.3  2.79977  0.00805992
1139.19  2.80013  0.00805056
1140.09  2.80049  0.00804124
1140.98  2.80085  0.00803198
1141.87  2.8012  0.00802276
1142.77  2.80156  0.00801358
1143.66  2.80191  0.00800445
1144.55  2.80226  0.00799537
1145.45  2.80261  0.00798633
1146.34  2.80296  0.00797734
1147.23  2.8033  0.00796839
1148.13  2.80365  0.00795949
1149.02  2.80399  0.00795063
1149.91  2.80433  0.00794181
1150.81  2.80467  0.00793304
1151.7  2.80501  0.00792431
1152.59  2.80535  0.00791562
1153.49  2.80568  0.00790698
1154.38  2.80602  0.00789838
1155.27  2.80635  0.00788982
1156.17  2.80668  0.0078813
1157.06  2.80701  0.00787282
1157.95  2.80734  0.00786438
1158.85  2.80766  0.00785599
1159.74  2.80799  0.00784763
1160.63  2.80831  0.00783932
1161.53  2.80863  0.00783104
1162.42  2.80895  0.0078228
1163.31  2.80927  0.00781461
1164.21  2.80959  0.00780645
1165.1  2.80991  0.00779833
1165.99  2.81022  0.00779025
1166.88  2.81054  0.00778221
1167.78  2.81085  0.0077742
1168.67  2.81116  0.00776623
1169.56  2.81147  0.00775831
1170.46  2.81178  0.00775041
1171.35  2.81208  0.00774256
1172.24  2.81239  0.00773474
1173.14  2.81269  0.00772696
1174.03  2.81299  0.00771921
1174.92  2.8133  0.0077115
1175.82  2.8136  0.00770382
1176.71  2.81389  0.00769619
1177.6  2.81419  0.00768858
1178.5  2.81449  0.00768101
1179.39  2.81478  0.00767348
1180.28  2.81508  0.00766598
1181.18  2.81537  0.00765851
1182.07  2.81566  0.00765108
1182.96  2.81595  0.00764368
1183.86  2.81624  0.00763632
1184.75  2.81653  0.00762899
1185.64  2.81681  0.00762169
1186.54  2.8171  0.00761442
1187.43  2.81738  0.00760719
1188.32  2.81767  0.00759999
1189.22  2.81795  0.00759283
1190.11  2.81823  0.00758569
1191  2.81851  0.00757859
1191.9  2.81878  0.00757151
1192.79  2.81906  0.00756447
1193.68  2.81934  0.00755747
1194.58  2.81961  0.00755049
1195.47  2.81989  0.00754354
1196.36  2.82016  0.00753662
1197.26  2.82043  0.00752974
1198.15  2.8207  0.00752288
1199.04  2.82097  0.00751606
1199.93  2.82124  0.00750926
1200.83  2.8215  0.00750249
1201.72  2.82177  0.00749576
1202.61  2.82203  0.00748905
1203.51  2.8223  0.00748237
1204.4  2.82256  0.00747572
1205.29  2.82282  0.0074691
1206.19  2.82308  0.00746251
1207.08  2.82334  0.00745594
1207.97  2.8236  0.00744941
1208.87  2.82386  0.0074429
1209.76  2.82411  0.00743642
1210.65  2.82437  0.00742997
1211.55  2.82462  0.00742354
1212.44  2.82487  0.00741715
1213.33  2.82513  0.00741078
1214.23  2.82538  0.00740443
1215.12  2.82563  0.00739812
1216.01  2.82588  0.00739183
1216.91  2.82612  0.00738557
1217.8  2.82637  0.00737933
1218.69  2.82662  0.00737312
1219.59  2.82686  0.00736693
1220.48  2.82711  0.00736078
1221.37  2.82735  0.00735464
1222.27  2.82759  0.00734854
1223.16  2.82783  0.00734245
1224.05  2.82807  0.0073364
1224.95  2.82831  0.00733037
1225.84  2.82855  0.00732436
1226.73  2.82879  0.00731838
1227.63  2.82903  0.00731242
1228.52  2.82926  0.00730649
1229.41  2.8295  0.00730058
1230.31  2.82973  0.00729469
1231.2  2.82996  0.00728883
1232.09  2.8302  0.007283
1232.98  2.83043  0.00727719
1233.88  2.83066  0.0072714
1234.77  2.83089  0.00726563
1235.66  2.83112  0.00725989
1236.56  2.83134  0.00725417
1237.45  2.83157  0.00724848
1238.34  2.8318  0.0072428
1239.24  2.83202  0.00723715
1240.13  2.83225  0.00723153
1241.02  2.83247  0.00722592
1241.92  2.83269  0.00722034
1242.81  2.83291  0.00721478
1243.7  2.83313  0.00720924
1244.6  2.83335  0.00720373
1245.49  2.83357  0.00719823
1246.38  2.83379  0.00719276
1247.28  2.83401  0.00718731
1248.17  2.83423  0.00718188
1249.06  2.83444  0.00717647
1249.96  2.83466  0.00717109
1250.85  2.83487  0.00716572
1251.74  2.83509  0.00716038
1252.64  2.8353  0.00715506
1253.53  2.83551  0.00714975
1254.42  2.83572  0.00714447
1255.32  2.83593  0.00713921
1256.21  2.83614  0.00713397
1257.1  2.83635  0.00712875
1258  2.83656  0.00712355
1258.89  2.83677  0.00711837
1259.78  2.83697  0.00711321
1260.68  2.83718  0.00710807
1261.57  2.83738  0.00710295
1262.46  2.83759  0.00709785
1263.36  2.83779  0.00709277
1264.25  2.838  0.00708771
1265.14  2.8382  0.00708267
1266.04  2.8384  0.00707764
1266.93  2.8386  0.00707264
1267.82  2.8388  0.00706766
1268.71  2.839  0.00706269
1269.61  2.8392  0.00705774
1270.5  2.8394  0.00705281
1271.39  2.83959  0.00704791
1272.29  2.83979  0.00704301
1273.18  2.83998  0.00703814
1274.07  2.84018  0.00703329
1274.97  2.84037  0.00702845
1275.86  2.84057  0.00702363
1276.75  2.84076  0.00701883
1277.65  2.84095  0.00701405
1278.54  2.84114  0.00700929
1279.43  2.84133  0.00700454
1280.33  2.84152  0.00699981
1281.22  2.84171  0.0069951
1282.11  2.8419  0.0069904
1283.01  2.84209  0.00698573
1283.9  2.84228  0.00698107
1284.79  2.84247  0.00697642
1285.69  2.84265  0.0069718
1286.58  2.84284  0.00696719
1287.47  2.84302  0.0069626
1288.37  2.84321  0.00695802
1289.26  2.84339  0.00695347
1290.15  2.84357  0.00694892
1291.05  2.84376  0.0069444
1291.94  2.84394  0.00693989
1292.83  2.84412  0.0069354
1293.73  2.8443  0.00693092
1294.62  2.84448  0.00692646
1295.51  2.84466  0.00692202
1296.41  2.84484  0.00691759
1297.3  2.84502  0.00691318
1298.19  2.84519  0.00690878
1299.09  2.84537  0.0069044
1299.98  2.84555  0.00690004
1300.87  2.84572  0.00689569
1301.76  2.8459  0.00689136
1302.66  2.84607  0.00688704
1303.55  2.84624  0.00688274
1304.44  2.84642  0.00687845
1305.34  2.84659  0.00687418
1306.23  2.84676  0.00686992
1307.12  2.84693  0.00686568
1308.02  2.8471  0.00686145
1308.91  2.84728  0.00685724
1309.8  2.84744  0.00685304
1310.7  2.84761  0.00684886
1311.59  2.84778  0.00684469
1312.48  2.84795  0.00684054
1313.38  2.84812  0.0068364
1314.27  2.84829  0.00683228
1315.16  2.84845  0.00682817
1316.06  2.84862  0.00682407
1316.95  2.84878  0.00681999
1317.84  2.84895  0.00681593
1318.74  2.84911  0.00681187
1319.63  2.84928  0.00680783
1320.52  2.84944  0.00680381
1321.42  2.8496  0.0067998
1322.31  2.84976  0.0067958
1323.2  2.84992  0.00679182
1324.1  2.85009  0.00678785
1324.99  2.85025  0.00678389
1325.88  2.85041  0.00677995
1326.78  2.85057  0.00677602
1327.67  2.85072  0.0067721
1328.56  2.85088  0.0067682
1329.46  2.85104  0.00676431
1330.35  2.8512  0.00676044
1331.24  2.85135  0.00675657
1332.14  2.85151  0.00675272
1333.03  2.85167  0.00674889
1333.92  2.85182  0.00674506
1334.81  2.85198  0.00674125
1335.71  2.85213  0.00673745
1336.6  2.85228  0.00673367
1337.49  2.85244  0.00672989
1338.39  2.85259  0.00672613
1339.28  2.85274  0.00672239
1340.17  2.85289  0.00671865
1341.07  2.85305  0.00671493
1341.96  2.8532  0.00671122
1342.85  2.85335  0.00670752
1343.75  2.8535  0.00670384
1344.64  2.85365  0.00670016
1345.53  2.8538  0.0066965
1346.43  2.85394  0.00669285
1347.32  2.85409  0.00668922
1348.21  2.85424  0.00668559
1349.11  2.85439  0.00668198
1350  2.85453  0.00667838
