279  -1.04153e-06  3.01804e-08
279.893  1.30014e-05  3.76773e-07
280.786  4.20275e-05  1.21804e-06
281.68  8.05363e-05  2.3343e-06
282.573  0.0001266  3.66976e-06
283.466  0.000179149  5.19343e-06
284.359  0.000237474  6.88484e-06
285.253  0.000301064  8.72919e-06
286.146  0.000369525  1.07151e-05
287.039  0.000442544  1.28335e-05
287.932  0.000519865  1.5077e-05
288.826  0.00060127  1.74394e-05
289.719  0.000686575  1.99153e-05
290.612  0.000775622  2.25001e-05
291.505  0.00086827  2.51899e-05
292.399  0.000964397  2.7981e-05
293.292  0.00106389  3.08702e-05
294.185  0.00116665  3.38548e-05
295.078  0.0012726  3.69322e-05
295.972  0.00138164  4.01e-05
296.865  0.0014937  4.3356e-05
297.758  0.00160873  4.66984e-05
298.651  0.00172664  5.01254e-05
299.545  0.0018474  5.36353e-05
300.438  0.00197094  5.72266e-05
301.331  0.00209721  6.08978e-05
302.224  0.00222617  6.46478e-05
303.118  0.00235778  6.84751e-05
304.011  0.002492  7.23788e-05
304.904  0.00262878  7.63577e-05
305.797  0.0027681  8.04108e-05
306.691  0.00290993  8.45373e-05
307.584  0.00305422  8.87362e-05
308.477  0.00320096  9.30067e-05
309.37  0.00335012  9.73481e-05
310.264  0.00350166  0.00010176
311.157  0.00365557  0.000106241
312.05  0.00381183  0.00011079
312.943  0.00397041  0.000115408
313.837  0.00413129  0.000120094
314.73  0.00429446  0.000124847
315.623  0.0044599  0.000129666
316.516  0.00462758  0.000134551
317.41  0.0047975  0.000139502
318.303  0.00496963  0.000144519
319.196  0.00514398  0.0001496
320.089  0.00532051  0.000154745
320.982  0.00549922  0.000159955
321.876  0.00568011  0.000165229
322.769  0.00586314  0.000170566
323.662  0.00604833  0.000175966
324.555  0.00623565  0.000181429
325.449  0.0064251  0.000186955
326.342  0.00661666  0.000192544
327.235  0.00681034  0.000198194
328.128  0.00700612  0.000203907
329.022  0.007204  0.000209681
329.915  0.00740397  0.000215517
330.808  0.00760602  0.000221415
331.701  0.00781015  0.000227373
332.595  0.00801635  0.000233394
333.488  0.00822462  0.000239475
334.381  0.00843496  0.000245617
335.274  0.00864736  0.00025182
336.168  0.00886181  0.000258083
337.061  0.00907832  0.000264408
337.954  0.00929688  0.000270792
338.847  0.00951749  0.000277238
339.741  0.00974014  0.000283744
340.634  0.00996485  0.000290311
341.527  0.0101916  0.000296937
342.42  0.0104204  0.000303625
343.314  0.0106512  0.000310373
344.207  0.0108841  0.000317181
345.1  0.011119  0.000324049
345.993  0.011356  0.000330978
346.887  0.011595  0.000337968
347.78  0.011836  0.000345018
348.673  0.0120791  0.000352128
349.566  0.0123242  0.0003593
350.46  0.0125714  0.000366531
351.353  0.0128206  0.000373824
352.246  0.0130719  0.000381177
353.139  0.0133252  0.000388591
354.033  0.0135806  0.000396066
354.926  0.0138381  0.000403602
355.819  0.0140976  0.000411198
356.712  0.0143591  0.000418857
357.606  0.0146228  0.000426576
358.499  0.0148885  0.000434357
359.392  0.0151562  0.0004422
360.285  0.0154261  0.000450104
361.178  0.015698  0.00045807
362.072  0.0159721  0.000466098
362.965  0.0162482  0.000474188
363.858  0.0165264  0.00048234
364.751  0.0168067  0.000490555
365.645  0.0170892  0.000498832
366.538  0.0173737  0.000507172
367.431  0.0176604  0.000515575
368.324  0.0179492  0.000524041
369.218  0.0182401  0.00053257
370.111  0.0185331  0.000541163
371.004  0.0188283  0.00054982
371.897  0.0191257  0.00055854
372.791  0.0194252  0.000567325
373.684  0.0197269  0.000576174
374.577  0.0200307  0.000585087
375.47  0.0203367  0.000594065
376.364  0.0206449  0.000603108
377.257  0.0209553  0.000612217
378.15  0.0212679  0.000621391
379.043  0.0215827  0.000630631
379.937  0.0218998  0.000639936
380.83  0.022219  0.000649308
381.723  0.0225405  0.000658747
382.616  0.0228643  0.000668252
383.51  0.0231903  0.000677824
384.403  0.0235185  0.000687464
385.296  0.023849  0.000697171
386.189  0.0241818  0.000706946
387.083  0.0245169  0.00071679
387.976  0.0248544  0.000726702
388.869  0.0251941  0.000736682
389.762  0.0255361  0.000746732
390.656  0.0258805  0.000756852
391.549  0.0262272  0.000767041
392.442  0.0265763  0.0007773
393.335  0.0269277  0.00078763
394.229  0.0272815  0.00079803
395.122  0.0276377  0.000808502
396.015  0.0279963  0.000819045
396.908  0.0283573  0.00082966
397.802  0.0287208  0.000840348
398.695  0.0290867  0.000851107
399.588  0.029455  0.00086194
400.481  0.0298258  0.000872846
401.374  0.030199  0.000883826
402.268  0.0305748  0.00089488
403.161  0.030953  0.000906009
404.054  0.0313338  0.000917212
404.947  0.0317171  0.000928491
405.841  0.0321029  0.000939845
406.734  0.0324913  0.000951276
407.627  0.0328822  0.000962783
408.52  0.0332758  0.000974367
409.414  0.0336719  0.000986028
410.307  0.0340706  0.000997768
411.2  0.034472  0.00100959
412.093  0.034876  0.00102148
412.987  0.0352827  0.00103346
413.88  0.035692  0.00104551
414.773  0.0361041  0.00105765
415.666  0.0365188  0.00106987
416.56  0.0369363  0.00108216
417.453  0.0373565  0.00109454
418.346  0.0377794  0.001107
419.239  0.0382052  0.00111955
420.133  0.0386337  0.00113217
421.026  0.039065  0.00114488
421.919  0.0394991  0.00115768
422.812  0.0399361  0.00117056
423.706  0.040376  0.00118352
424.599  0.0408187  0.00119657
425.492  0.0412643  0.00120971
426.385  0.0417128  0.00122293
427.279  0.0421643  0.00123624
428.172  0.0426187  0.00124964
429.065  0.0430761  0.00126313
429.958  0.0435365  0.00127671
430.852  0.0439999  0.00129037
431.745  0.0444663  0.00130413
432.638  0.0449358  0.00131798
433.531  0.0454083  0.00133192
434.425  0.0458839  0.00134595
435.318  0.0463627  0.00136008
436.211  0.0468446  0.00137429
437.104  0.0473296  0.00138861
437.997  0.0478178  0.00140301
438.891  0.0483093  0.00141751
439.784  0.0488039  0.00143211
440.677  0.0493018  0.00144681
441.57  0.0498029  0.0014616
442.464  0.0503074  0.00147649
443.357  0.0508152  0.00149148
444.25  0.0513263  0.00150657
445.143  0.0518407  0.00152176
446.037  0.0523586  0.00153705
446.93  0.0528799  0.00155244
447.823  0.0534046  0.00156793
448.716  0.0539328  0.00158353
449.61  0.0544644  0.00159923
450.503  0.0549996  0.00161503
451.396  0.0555383  0.00163095
452.289  0.0560806  0.00164696
453.183  0.0566265  0.00166309
454.076  0.057176  0.00167932
454.969  0.0577291  0.00169566
455.862  0.058286  0.00171211
456.756  0.0588465  0.00172867
457.649  0.0594108  0.00174534
458.542  0.0599788  0.00176212
459.435  0.0605506  0.00177902
460.329  0.0611263  0.00179603
461.222  0.0617058  0.00181315
462.115  0.0622891  0.00183039
463.008  0.0628764  0.00184775
463.902  0.0634677  0.00186522
464.795  0.0640629  0.00188281
465.688  0.0646621  0.00190052
466.581  0.0652653  0.00191835
467.475  0.0658727  0.0019363
468.368  0.0664841  0.00195437
469.261  0.0670997  0.00197257
470.154  0.0677194  0.00199089
471.048  0.0683434  0.00200933
471.941  0.0689715  0.0020279
472.834  0.069604  0.0020466
473.727  0.0702408  0.00206542
474.621  0.0708819  0.00208438
475.514  0.0715274  0.00210346
476.407  0.0721774  0.00212268
477.3  0.0728317  0.00214202
478.193  0.0734906  0.0021615
479.087  0.0741541  0.00218112
479.98  0.074822  0.00220087
480.873  0.0754946  0.00222075
481.766  0.0761719  0.00224078
482.66  0.0768539  0.00226094
483.553  0.0775405  0.00228124
484.446  0.078232  0.00230169
485.339  0.0789283  0.00232227
486.233  0.0796294  0.002343
487.126  0.0803354  0.00236388
488.019  0.0810464  0.0023849
488.912  0.0817624  0.00240606
489.806  0.0824834  0.00242738
490.699  0.0832094  0.00244885
491.592  0.0839406  0.00247046
492.485  0.084677  0.00249223
493.379  0.0854186  0.00251416
494.272  0.0861654  0.00253624
495.165  0.0869176  0.00255847
496.058  0.0876751  0.00258086
496.952  0.088438  0.00260342
497.845  0.0892064  0.00262613
498.738  0.0899803  0.002649
499.631  0.0907597  0.00267204
500.525  0.0915448  0.00269524
501.418  0.0923355  0.00271861
502.311  0.093132  0.00274215
503.204  0.0939342  0.00276586
504.098  0.0947422  0.00278974
504.991  0.0955561  0.00281379
505.884  0.096376  0.00283801
506.777  0.0972018  0.00286241
507.671  0.0980338  0.00288699
508.564  0.0988718  0.00291174
509.457  0.0997159  0.00293668
510.35  0.100566  0.0029618
511.244  0.101423  0.0029871
512.137  0.102286  0.00301258
513.03  0.103156  0.00303826
513.923  0.104032  0.00306412
514.817  0.104914  0.00309018
515.71  0.105803  0.00311642
516.603  0.106699  0.00314286
517.496  0.107601  0.0031695
518.389  0.108511  0.00319634
519.283  0.109427  0.00322337
520.176  0.11035  0.00325061
521.069  0.11128  0.00327804
521.962  0.112217  0.00330569
522.856  0.113161  0.00333354
523.749  0.114113  0.0033616
524.642  0.115072  0.00338988
525.535  0.116038  0.00341836
526.429  0.117012  0.00344707
527.322  0.117993  0.00347598
528.215  0.118982  0.00350512
529.108  0.119978  0.00353448
530.002  0.120983  0.00356407
530.895  0.121995  0.00359388
531.788  0.123015  0.00362392
532.681  0.124043  0.00365419
533.575  0.125079  0.00368469
534.468  0.126124  0.00371543
535.361  0.127176  0.0037464
536.254  0.128237  0.00377762
537.148  0.129307  0.00380907
538.041  0.130385  0.00384077
538.934  0.131472  0.00387272
539.827  0.132567  0.00390492
540.721  0.133671  0.00393736
541.614  0.134784  0.00397007
542.507  0.135907  0.00400302
543.4  0.137038  0.00403624
544.294  0.138178  0.00406972
545.187  0.139328  0.00410347
546.08  0.140488  0.00413748
546.973  0.141656  0.00417176
547.867  0.142835  0.00420631
548.76  0.144023  0.00424114
549.653  0.145221  0.00427625
550.546  0.146429  0.00431164
551.44  0.147647  0.00434731
552.333  0.148876  0.00438327
553.226  0.150114  0.00441952
554.119  0.151364  0.00445606
555.013  0.152623  0.00449289
555.906  0.153894  0.00453003
556.799  0.155175  0.00456746
557.692  0.156467  0.0046052
558.585  0.15777  0.00464325
559.479  0.159084  0.00468161
560.372  0.16041  0.00472028
561.265  0.161747  0.00475927
562.158  0.163096  0.00479858
563.052  0.164457  0.00483822
563.945  0.165829  0.00487818
564.838  0.167213  0.00491847
565.731  0.16861  0.00495909
566.625  0.170019  0.00500006
567.518  0.17144  0.00504136
568.411  0.172874  0.00508301
569.304  0.174321  0.005125
570.198  0.17578  0.00516735
571.091  0.177253  0.00521005
571.984  0.178739  0.00525311
572.877  0.180239  0.00529654
573.771  0.181752  0.00534032
574.664  0.183278  0.00538448
575.557  0.184819  0.00542902
576.45  0.186374  0.00547393
577.344  0.187943  0.00551922
578.237  0.189526  0.0055649
579.13  0.191124  0.00561097
580.023  0.192737  0.00565743
580.917  0.194365  0.00570429
581.81  0.196008  0.00575155
582.703  0.197667  0.00579921
583.596  0.199341  0.00584729
584.49  0.201031  0.00589578
585.383  0.202737  0.00594469
586.276  0.204459  0.00599402
587.169  0.206198  0.00604378
588.063  0.207954  0.00609397
588.956  0.209726  0.00614459
589.849  0.211515  0.00619566
590.742  0.213322  0.00624717
591.636  0.215146  0.00629913
592.529  0.216988  0.00635154
593.422  0.218848  0.00640441
594.315  0.220726  0.00645775
595.209  0.222623  0.00651155
596.102  0.224539  0.00656582
596.995  0.226474  0.00662057
597.888  0.228428  0.00667581
598.781  0.230401  0.00673153
599.675  0.232395  0.00678774
600.568  0.234408  0.00684444
601.461  0.236442  0.00690165
602.354  0.238497  0.00695936
603.248  0.240573  0.00701758
604.141  0.242669  0.00707632
605.034  0.244788  0.00713557
605.927  0.246928  0.00719536
606.821  0.249091  0.00725567
607.714  0.251276  0.00731652
608.607  0.253483  0.0073779
609.5  0.255714  0.00743983
610.394  0.257969  0.00750231
611.287  0.260247  0.00756535
612.18  0.262549  0.00762894
613.073  0.264876  0.0076931
613.967  0.267228  0.00775783
614.86  0.269605  0.00782313
615.753  0.272008  0.00788901
616.646  0.274436  0.00795548
617.54  0.276891  0.00802253
618.433  0.279373  0.00809018
619.326  0.281882  0.00815842
620.219  0.284418  0.00822727
621.113  0.286983  0.00829672
622.006  0.289575  0.00836678
622.899  0.292197  0.00843747
623.792  0.294848  0.00850877
624.686  0.297529  0.00858069
625.579  0.300239  0.00865325
626.472  0.302981  0.00872644
627.365  0.305753  0.00880026
628.259  0.308557  0.00887473
629.152  0.311393  0.00894984
630.045  0.314262  0.0090256
630.938  0.317163  0.00910201
631.832  0.320099  0.00917908
632.725  0.323068  0.0092568
633.618  0.326072  0.00933519
634.511  0.329111  0.00941424
635.405  0.332186  0.00949395
636.298  0.335297  0.00957434
637.191  0.338445  0.0096554
638.084  0.34163  0.00973713
638.977  0.344853  0.00981953
639.871  0.348115  0.00990261
640.764  0.351416  0.00998637
641.657  0.354757  0.0100708
642.55  0.358139  0.0101559
643.444  0.361561  0.0102417
644.337  0.365026  0.0103282
645.23  0.368533  0.0104153
646.123  0.372083  0.0105031
647.017  0.375677  0.0105916
647.91  0.379315  0.0106808
648.803  0.382999  0.0107706
649.696  0.386729  0.0108611
650.59  0.390505  0.0109522
651.483  0.394329  0.0110441
652.376  0.398202  0.0111365
653.269  0.402123  0.0112296
654.163  0.406095  0.0113234
655.056  0.410117  0.0114177
655.949  0.414191  0.0115127
656.842  0.418317  0.0116083
657.736  0.422496  0.0117045
658.629  0.42673  0.0118013
659.522  0.431018  0.0118987
660.415  0.435363  0.0119967
661.309  0.439764  0.0120952
662.202  0.444223  0.0121942
663.095  0.448741  0.0122938
663.988  0.453318  0.0123938
664.882  0.457956  0.0124944
665.775  0.462656  0.0125954
666.668  0.467419  0.0126968
667.561  0.472245  0.0127987
668.455  0.477136  0.012901
669.348  0.482092  0.0130036
670.241  0.487116  0.0131066
671.134  0.492207  0.0132099
672.028  0.497368  0.0133134
672.921  0.502599  0.0134172
673.814  0.507901  0.0135213
674.707  0.513275  0.0136254
675.601  0.518723  0.0137297
676.494  0.524246  0.0138341
677.387  0.529845  0.0139386
678.28  0.535521  0.014043
679.173  0.541275  0.0141473
680.067  0.547109  0.0142516
680.96  0.553024  0.0143557
681.853  0.559021  0.0144595
682.746  0.565101  0.0145631
683.64  0.571266  0.0146663
684.533  0.577517  0.0147691
685.426  0.583855  0.0148714
686.319  0.590281  0.0149731
687.213  0.596797  0.0150741
688.106  0.603405  0.0151745
688.999  0.610105  0.015274
689.892  0.616898  0.0153726
690.786  0.623787  0.0154702
691.679  0.630772  0.0155666
692.572  0.637855  0.0156619
693.465  0.645036  0.0157559
694.359  0.652319  0.0158484
695.252  0.659702  0.0159394
696.145  0.667189  0.0160288
697.038  0.67478  0.0161163
697.932  0.682476  0.0162019
698.825  0.69028  0.0162855
699.718  0.698191  0.0163669
700.611  0.706211  0.0164459
701.505  0.714342  0.0165225
702.398  0.722585  0.0165964
703.291  0.73094  0.0166675
704.184  0.739409  0.0167357
705.078  0.747993  0.0168007
705.971  0.756693  0.0168624
706.864  0.76551  0.0169206
707.757  0.774445  0.0169752
708.651  0.783499  0.0170259
709.544  0.792672  0.0170726
710.437  0.801966  0.0171151
711.33  0.811382  0.0171531
712.224  0.820919  0.0171866
713.117  0.830578  0.0172152
714.01  0.84036  0.0172387
714.903  0.850266  0.0172571
715.796  0.860296  0.01727
716.69  0.870449  0.0172772
717.583  0.880727  0.0172786
718.476  0.891128  0.0172739
719.369  0.901654  0.017263
720.263  0.912304  0.0172456
721.156  0.923077  0.0172215
722.049  0.933974  0.0171905
722.942  0.944994  0.0171525
723.836  0.956135  0.0171072
724.729  0.967398  0.0170545
725.622  0.978781  0.0169942
726.515  0.990283  0.0169261
727.409  1.0019  0.01685
728.302  1.01364  0.0167659
729.195  1.02549  0.0166735
730.088  1.03746  0.0165728
730.982  1.04953  0.0164636
731.875  1.06172  0.0163459
732.768  1.07401  0.0162196
733.661  1.08641  0.0160846
734.555  1.09891  0.0159409
735.448  1.11151  0.0157884
736.341  1.12421  0.0156272
737.234  1.137  0.0154572
738.128  1.14988  0.0152786
739.021  1.16284  0.0150914
739.914  1.17589  0.0148956
740.807  1.18902  0.0146915
741.701  1.20223  0.0144792
742.594  1.21551  0.0142588
743.487  1.22886  0.0140306
744.38  1.24226  0.0137947
745.274  1.25573  0.0135516
746.167  1.26926  0.0133014
747.06  1.28283  0.0130445
747.953  1.29645  0.0127814
748.847  1.3101  0.0125123
749.74  1.3238  0.0122378
750.633  1.33752  0.0119583
751.526  1.35127  0.0116743
752.42  1.36503  0.0113864
753.313  1.37881  0.0110952
754.206  1.3926  0.0108013
755.099  1.4064  0.0105054
755.992  1.42019  0.0102083
756.886  1.43398  0.00991062
757.779  1.44775  0.00961331
758.672  1.46151  0.00931721
759.565  1.47525  0.00902325
760.459  1.48896  0.00873243
761.352  1.50263  0.0084458
762.245  1.51627  0.00816448
763.138  1.52987  0.00788966
764.032  1.54341  0.0076226
764.925  1.55691  0.00736462
765.818  1.57035  0.0071171
766.711  1.58373  0.0068815
767.605  1.59704  0.0066593
768.498  1.61029  0.00645201
769.391  1.62346  0.00626114
770.284  1.63655  0.00608815
771.178  1.64956  0.00593443
772.071  1.66248  0.00580122
772.964  1.67532  0.00568958
773.857  1.68806  0.00560031
774.751  1.70071  0.00553394
775.644  1.71327  0.00549064
776.537  1.72572  0.00547021
777.43  1.73806  0.00547214
778.324  1.7503  0.00549555
779.217  1.76244  0.00553928
780.11  1.77446  0.00560195
781.003  1.78637  0.005682
781.897  1.79817  0.00577775
782.79  1.80985  0.0058875
783.683  1.82141  0.00600954
784.576  1.83285  0.00614222
785.47  1.84418  0.00628397
786.363  1.85538  0.0064333
787.256  1.86646  0.00658886
788.149  1.87742  0.00674939
789.043  1.88826  0.00691376
789.936  1.89898  0.00708095
790.829  1.90957  0.00725007
791.722  1.92003  0.0074203
792.616  1.93037  0.00759092
793.509  1.94059  0.00776131
794.402  1.95069  0.00793092
795.295  1.96066  0.00809927
796.188  1.9705  0.00826593
797.082  1.98023  0.00843056
797.975  1.98983  0.00859282
798.868  1.99931  0.00875247
799.761  2.00867  0.00890927
800.655  2.0179  0.00906302
801.548  2.02702  0.00921358
802.441  2.03602  0.0093608
803.334  2.0449  0.00950459
804.228  2.05366  0.00964486
805.121  2.0623  0.00978154
806.014  2.07084  0.00991459
806.907  2.07925  0.010044
807.801  2.08755  0.0101697
808.694  2.09575  0.0102917
809.587  2.10382  0.0104101
810.48  2.11179  0.0105248
811.374  2.11966  0.0106358
812.267  2.12741  0.0107433
813.16  2.13506  0.0108471
814.053  2.1426  0.0109475
814.947  2.15004  0.0110444
815.84  2.15738  0.0111378
816.733  2.16462  0.0112279
817.626  2.17175  0.0113147
818.52  2.17879  0.0113982
819.413  2.18574  0.0114785
820.306  2.19258  0.0115557
821.199  2.19933  0.0116299
822.093  2.20599  0.0117011
822.986  2.21256  0.0117693
823.879  2.21904  0.0118348
824.772  2.22543  0.0118974
825.666  2.23173  0.0119573
826.559  2.23794  0.0120146
827.452  2.24407  0.0120693
828.345  2.25011  0.0121215
829.239  2.25608  0.0121712
830.132  2.26196  0.0122186
831.025  2.26776  0.0122637
831.918  2.27348  0.0123065
832.812  2.27912  0.0123471
833.705  2.28469  0.0123857
834.598  2.29018  0.0124221
835.491  2.2956  0.0124566
836.384  2.30095  0.0124892
837.278  2.30622  0.0125198
838.171  2.31143  0.0125487
839.064  2.31656  0.0125758
839.957  2.32162  0.0126011
840.851  2.32662  0.0126249
841.744  2.33155  0.012647
842.637  2.33642  0.0126675
843.53  2.34122  0.0126866
844.424  2.34596  0.0127042
845.317  2.35064  0.0127204
846.21  2.35526  0.0127352
847.103  2.35981  0.0127488
847.997  2.36431  0.012761
848.89  2.36875  0.012772
849.783  2.37313  0.0127819
850.676  2.37745  0.0127905
851.57  2.38172  0.0127981
852.463  2.38594  0.0128046
853.356  2.3901  0.0128101
854.249  2.39421  0.0128145
855.143  2.39827  0.012818
856.036  2.40228  0.0128206
856.929  2.40623  0.0128223
857.822  2.41014  0.0128231
858.716  2.414  0.012823
859.609  2.41781  0.0128222
860.502  2.42157  0.0128206
861.395  2.42529  0.0128182
862.289  2.42896  0.0128151
863.182  2.43258  0.0128113
864.075  2.43617  0.0128069
864.968  2.43971  0.0128018
865.862  2.4432  0.012796
866.755  2.44666  0.0127897
867.648  2.45007  0.0127828
868.541  2.45344  0.0127753
869.435  2.45677  0.0127674
870.328  2.46007  0.0127589
871.221  2.46332  0.0127499
872.114  2.46654  0.0127404
873.008  2.46971  0.0127305
873.901  2.47286  0.0127201
874.794  2.47596  0.0127093
875.687  2.47903  0.0126981
876.58  2.48206  0.0126866
877.474  2.48506  0.0126746
878.367  2.48803  0.0126623
879.26  2.49096  0.0126497
880.153  2.49385  0.0126367
881.047  2.49672  0.0126235
881.94  2.49955  0.0126099
882.833  2.50235  0.012596
883.726  2.50512  0.0125819
884.62  2.50786  0.0125675
885.513  2.51057  0.0125528
886.406  2.51325  0.0125379
887.299  2.5159  0.0125228
888.193  2.51852  0.0125075
889.086  2.52111  0.0124919
889.979  2.52367  0.0124762
890.872  2.52621  0.0124603
891.766  2.52872  0.0124442
892.659  2.5312  0.0124279
893.552  2.53366  0.0124115
894.445  2.53609  0.0123949
895.339  2.53849  0.0123781
896.232  2.54087  0.0123613
897.125  2.54322  0.0123443
898.018  2.54555  0.0123271
898.912  2.54786  0.0123099
899.805  2.55014  0.0122925
900.698  2.5524  0.0122751
901.591  2.55463  0.0122575
902.485  2.55684  0.0122399
903.378  2.55903  0.0122222
904.271  2.5612  0.0122044
905.164  2.56334  0.0121865
906.058  2.56546  0.0121686
906.951  2.56757  0.0121506
907.844  2.56965  0.0121325
908.737  2.57171  0.0121144
909.631  2.57375  0.0120962
910.524  2.57577  0.012078
911.417  2.57777  0.0120598
912.31  2.57975  0.0120415
913.204  2.58171  0.0120232
914.097  2.58365  0.0120049
914.99  2.58557  0.0119865
915.883  2.58748  0.0119682
916.776  2.58936  0.0119498
917.67  2.59123  0.0119314
918.563  2.59308  0.0119129
919.456  2.59491  0.0118945
920.349  2.59673  0.0118761
921.243  2.59853  0.0118577
922.136  2.60031  0.0118393
923.029  2.60207  0.0118208
923.922  2.60382  0.0118024
924.816  2.60555  0.011784
925.709  2.60727  0.0117656
926.602  2.60897  0.0117473
927.495  2.61065  0.0117289
928.389  2.61232  0.0117106
929.282  2.61397  0.0116923
930.175  2.61561  0.011674
931.068  2.61724  0.0116557
931.962  2.61885  0.0116374
932.855  2.62044  0.0116192
933.748  2.62202  0.0116011
934.641  2.62359  0.0115829
935.535  2.62514  0.0115648
936.428  2.62668  0.0115467
937.321  2.62821  0.0115286
938.214  2.62972  0.0115106
939.108  2.63122  0.0114927
940.001  2.6327  0.0114747
940.894  2.63418  0.0114568
941.787  2.63564  0.011439
942.681  2.63709  0.0114212
943.574  2.63852  0.0114034
944.467  2.63994  0.0113857
945.36  2.64136  0.0113681
946.254  2.64275  0.0113504
947.147  2.64414  0.0113329
948.04  2.64552  0.0113154
948.933  2.64688  0.0112979
949.827  2.64823  0.0112805
950.72  2.64957  0.0112631
951.613  2.6509  0.0112458
952.506  2.65222  0.0112285
953.399  2.65353  0.0112113
954.293  2.65483  0.0111942
955.186  2.65612  0.0111771
956.079  2.65739  0.01116
956.972  2.65866  0.011143
957.866  2.65991  0.0111261
958.759  2.66116  0.0111092
959.652  2.6624  0.0110924
960.545  2.66362  0.0110757
961.439  2.66484  0.011059
962.332  2.66604  0.0110423
963.225  2.66724  0.0110257
964.118  2.66843  0.0110092
965.012  2.6696  0.0109928
965.905  2.67077  0.0109764
966.798  2.67193  0.01096
967.691  2.67308  0.0109437
968.585  2.67422  0.0109275
969.478  2.67536  0.0109114
970.371  2.67648  0.0108953
971.264  2.6776  0.0108792
972.158  2.6787  0.0108632
973.051  2.6798  0.0108473
973.944  2.68089  0.0108315
974.837  2.68197  0.0108157
975.731  2.68305  0.0107999
976.624  2.68411  0.0107843
977.517  2.68517  0.0107687
978.41  2.68622  0.0107531
979.304  2.68726  0.0107376
980.197  2.68829  0.0107222
981.09  2.68932  0.0107068
981.983  2.69034  0.0106915
982.877  2.69135  0.0106763
983.77  2.69235  0.0106611
984.663  2.69335  0.010646
985.556  2.69434  0.010631
986.45  2.69532  0.010616
987.343  2.69629  0.0106011
988.236  2.69726  0.0105862
989.129  2.69822  0.0105714
990.023  2.69917  0.0105566
990.916  2.70012  0.010542
991.809  2.70106  0.0105273
992.702  2.70199  0.0105128
993.595  2.70292  0.0104983
994.489  2.70384  0.0104838
995.382  2.70476  0.0104695
996.275  2.70566  0.0104552
997.168  2.70656  0.0104409
998.062  2.70746  0.0104267
998.955  2.70835  0.0104126
999.848  2.70923  0.0103985
1000.74  2.7101  0.0103845
1001.63  2.71097  0.0103705
1002.53  2.71184  0.0103566
1003.42  2.7127  0.0103428
1004.31  2.71355  0.010329
1005.21  2.7144  0.0103153
1006.1  2.71524  0.0103016
1006.99  2.71607  0.010288
1007.89  2.7169  0.0102745
1008.78  2.71772  0.010261
1009.67  2.71854  0.0102476
1010.57  2.71936  0.0102342
1011.46  2.72016  0.0102209
1012.35  2.72096  0.0102077
1013.25  2.72176  0.0101945
1014.14  2.72255  0.0101814
1015.03  2.72334  0.0101683
1015.93  2.72412  0.0101553
1016.82  2.7249  0.0101423
1017.71  2.72567  0.0101294
1018.61  2.72643  0.0101165
1019.5  2.72719  0.0101037
1020.39  2.72795  0.010091
1021.29  2.7287  0.0100783
1022.18  2.72945  0.0100657
1023.07  2.73019  0.0100531
1023.97  2.73092  0.0100406
1024.86  2.73166  0.0100281
1025.75  2.73238  0.0100157
1026.65  2.73311  0.0100034
1027.54  2.73382  0.00999106
1028.43  2.73454  0.00997881
1029.33  2.73525  0.00996661
1030.22  2.73595  0.00995447
1031.11  2.73665  0.00994238
1032.01  2.73735  0.00993035
1032.9  2.73804  0.00991837
1033.79  2.73872  0.00990643
1034.68  2.73941  0.00989455
1035.58  2.74009  0.00988273
1036.47  2.74076  0.00987095
1037.36  2.74143  0.00985923
1038.26  2.7421  0.00984755
1039.15  2.74276  0.00983593
1040.04  2.74342  0.00982436
1040.94  2.74407  0.00981284
1041.83  2.74472  0.00980137
1042.72  2.74537  0.00978995
1043.62  2.74601  0.00977858
1044.51  2.74665  0.00976725
1045.4  2.74728  0.00975598
1046.3  2.74791  0.00974476
1047.19  2.74854  0.00973358
1048.08  2.74916  0.00972246
1048.98  2.74978  0.00971138
1049.87  2.7504  0.00970035
1050.76  2.75101  0.00968937
1051.66  2.75162  0.00967843
1052.55  2.75222  0.00966754
1053.44  2.75283  0.0096567
1054.34  2.75342  0.00964591
1055.23  2.75402  0.00963516
1056.12  2.75461  0.00962446
1057.02  2.7552  0.00961381
1057.91  2.75578  0.0096032
1058.8  2.75636  0.00959264
1059.7  2.75694  0.00958212
1060.59  2.75751  0.00957165
1061.48  2.75808  0.00956122
1062.38  2.75865  0.00955084
1063.27  2.75922  0.0095405
1064.16  2.75978  0.00953021
1065.06  2.76034  0.00951996
1065.95  2.76089  0.00950976
1066.84  2.76144  0.0094996
1067.73  2.76199  0.00948948
1068.63  2.76254  0.0094794
1069.52  2.76308  0.00946937
1070.41  2.76362  0.00945938
1071.31  2.76416  0.00944944
1072.2  2.76469  0.00943953
1073.09  2.76522  0.00942967
1073.99  2.76575  0.00941985
1074.88  2.76627  0.00941007
1075.77  2.76679  0.00940034
1076.67  2.76731  0.00939064
1077.56  2.76783  0.00938099
1078.45  2.76834  0.00937137
1079.35  2.76885  0.0093618
1080.24  2.76936  0.00935227
1081.13  2.76987  0.00934277
1082.03  2.77037  0.00933332
1082.92  2.77087  0.00932391
1083.81  2.77136  0.00931454
1084.71  2.77186  0.0093052
1085.6  2.77235  0.00929591
1086.49  2.77284  0.00928665
1087.39  2.77333  0.00927743
1088.28  2.77381  0.00926826
1089.17  2.77429  0.00925912
1090.07  2.77477  0.00925001
1090.96  2.77524  0.00924095
1091.85  2.77572  0.00923192
1092.75  2.77619  0.00922294
1093.64  2.77666  0.00921398
1094.53  2.77712  0.00920507
1095.43  2.77759  0.00919619
1096.32  2.77805  0.00918735
1097.21  2.77851  0.00917855
1098.11  2.77897  0.00916978
1099  2.77942  0.00916105
1099.89  2.77987  0.00915235
1100.78  2.78032  0.0091437
1101.68  2.78077  0.00913507
1102.57  2.78121  0.00912648
1103.46  2.78166  0.00911793
1104.36  2.7821  0.00910941
1105.25  2.78253  0.00910093
1106.14  2.78297  0.00909248
1107.04  2.7834  0.00908407
1107.93  2.78384  0.00907569
1108.82  2.78427  0.00906734
1109.72  2.78469  0.00905903
1110.61  2.78512  0.00905075
1111.5  2.78554  0.00904251
1112.4  2.78596  0.00903429
1113.29  2.78638  0.00902612
1114.18  2.7868  0.00901797
1115.08  2.78721  0.00900986
1115.97  2.78762  0.00900178
1116.86  2.78803  0.00899374
1117.76  2.78844  0.00898572
1118.65  2.78885  0.00897774
1119.54  2.78925  0.00896979
1120.44  2.78966  0.00896187
1121.33  2.79006  0.00895399
1122.22  2.79046  0.00894613
1123.12  2.79085  0.00893831
1124.01  2.79125  0.00893052
1124.9  2.79164  0.00892275
1125.8  2.79203  0.00891502
1126.69  2.79242  0.00890733
1127.58  2.79281  0.00889966
1128.48  2.79319  0.00889202
1129.37  2.79358  0.00888441
1130.26  2.79396  0.00887683
1131.16  2.79434  0.00886928
1132.05  2.79471  0.00886177
1132.94  2.79509  0.00885428
1133.83  2.79547  0.00884682
1134.73  2.79584  0.00883939
1135.62  2.79621  0.00883199
1136.51  2.79658  0.00882461
1137.41  2.79695  0.00881727
1138.3  2.79731  0.00880996
1139.19  2.79768  0.00880267
1140.09  2.79804  0.00879541
1140.98  2.7984  0.00878819
1141.87  2.79876  0.00878099
1142.77  2.79911  0.00877381
1143.66  2.79947  0.00876667
1144.55  2.79982  0.00875955
1145.45  2.80018  0.00875246
1146.34  2.80053  0.0087454
1147.23  2.80088  0.00873836
1148.13  2.80122  0.00873135
1149.02  2.80157  0.00872437
1149.91  2.80191  0.00871742
1150.81  2.80226  0.00871049
1151.7  2.8026  0.00870359
1152.59  2.80294  0.00869672
1153.49  2.80327  0.00868987
1154.38  2.80361  0.00868305
1155.27  2.80395  0.00867625
1156.17  2.80428  0.00866948
1157.06  2.80461  0.00866273
1157.95  2.80494  0.00865602
1158.85  2.80527  0.00864932
1159.74  2.8056  0.00864265
1160.63  2.80592  0.00863601
1161.53  2.80625  0.00862939
1162.42  2.80657  0.0086228
1163.31  2.80689  0.00861623
1164.21  2.80722  0.00860969
1165.1  2.80753  0.00860317
1165.99  2.80785  0.00859668
1166.88  2.80817  0.00859021
1167.78  2.80848  0.00858376
1168.67  2.8088  0.00857734
1169.56  2.80911  0.00857094
1170.46  2.80942  0.00856457
1171.35  2.80973  0.00855822
1172.24  2.81004  0.00855189
1173.14  2.81034  0.00854559
1174.03  2.81065  0.00853931
1174.92  2.81095  0.00853306
1175.82  2.81125  0.00852682
1176.71  2.81156  0.00852061
1177.6  2.81186  0.00851443
1178.5  2.81215  0.00850826
1179.39  2.81245  0.00850212
1180.28  2.81275  0.008496
1181.18  2.81304  0.00848991
1182.07  2.81334  0.00848383
1182.96  2.81363  0.00847778
1183.86  2.81392  0.00847175
1184.75  2.81421  0.00846574
1185.64  2.8145  0.00845976
1186.54  2.81479  0.00845379
1187.43  2.81507  0.00844785
1188.32  2.81536  0.00844193
1189.22  2.81564  0.00843603
1190.11  2.81592  0.00843015
1191  2.81621  0.0084243
1191.9  2.81649  0.00841846
1192.79  2.81677  0.00841265
1193.68  2.81704  0.00840685
1194.58  2.81732  0.00840108
1195.47  2.8176  0.00839533
1196.36  2.81787  0.0083896
1197.26  2.81814  0.00838389
1198.15  2.81842  0.0083782
1199.04  2.81869  0.00837253
1199.93  2.81896  0.00836688
1200.83  2.81923  0.00836125
1201.72  2.8195  0.00835564
1202.61  2.81976  0.00835005
1203.51  2.82003  0.00834448
1204.4  2.82029  0.00833893
1205.29  2.82056  0.0083334
1206.19  2.82082  0.00832789
1207.08  2.82108  0.0083224
1207.97  2.82134  0.00831693
1208.87  2.8216  0.00831147
1209.76  2.82186  0.00830604
1210.65  2.82212  0.00830063
1211.55  2.82237  0.00829523
1212.44  2.82263  0.00828986
1213.33  2.82288  0.0082845
1214.23  2.82313  0.00827916
1215.12  2.82339  0.00827384
1216.01  2.82364  0.00826854
1216.91  2.82389  0.00826325
1217.8  2.82414  0.00825799
1218.69  2.82439  0.00825274
1219.59  2.82463  0.00824752
1220.48  2.82488  0.00824231
1221.37  2.82512  0.00823711
1222.27  2.82537  0.00823194
1223.16  2.82561  0.00822678
1224.05  2.82585  0.00822164
1224.95  2.8261  0.00821652
1225.84  2.82634  0.00821142
1226.73  2.82658  0.00820634
1227.63  2.82681  0.00820127
1228.52  2.82705  0.00819622
1229.41  2.82729  0.00819118
1230.31  2.82752  0.00818617
1231.2  2.82776  0.00818117
1232.09  2.82799  0.00817618
1232.98  2.82823  0.00817122
1233.88  2.82846  0.00816627
1234.77  2.82869  0.00816134
1235.66  2.82892  0.00815642
1236.56  2.82915  0.00815153
1237.45  2.82938  0.00814664
1238.34  2.82961  0.00814178
1239.24  2.82983  0.00813693
1240.13  2.83006  0.0081321
1241.02  2.83029  0.00812728
1241.92  2.83051  0.00812248
1242.81  2.83073  0.0081177
1243.7  2.83096  0.00811293
1244.6  2.83118  0.00810818
1245.49  2.8314  0.00810344
1246.38  2.83162  0.00809872
1247.28  2.83184  0.00809402
1248.17  2.83206  0.00808933
1249.06  2.83228  0.00808465
1249.96  2.83249  0.00808
1250.85  2.83271  0.00807535
1251.74  2.83292  0.00807073
1252.64  2.83314  0.00806611
1253.53  2.83335  0.00806152
1254.42  2.83357  0.00805694
1255.32  2.83378  0.00805237
1256.21  2.83399  0.00804782
1257.1  2.8342  0.00804328
1258  2.83441  0.00803876
1258.89  2.83462  0.00803426
1259.78  2.83483  0.00802976
1260.68  2.83503  0.00802529
1261.57  2.83524  0.00802082
1262.46  2.83545  0.00801638
1263.36  2.83565  0.00801194
1264.25  2.83586  0.00800752
1265.14  2.83606  0.00800312
1266.04  2.83626  0.00799873
1266.93  2.83647  0.00799435
1267.82  2.83667  0.00798999
1268.71  2.83687  0.00798564
1269.61  2.83707  0.00798131
1270.5  2.83727  0.00797699
1271.39  2.83747  0.00797268
1272.29  2.83767  0.00796839
1273.18  2.83786  0.00796411
1274.07  2.83806  0.00795985
1274.97  2.83826  0.0079556
1275.86  2.83845  0.00795136
1276.75  2.83865  0.00794714
1277.65  2.83884  0.00794293
1278.54  2.83903  0.00793873
1279.43  2.83922  0.00793455
1280.33  2.83942  0.00793038
1281.22  2.83961  0.00792622
1282.11  2.8398  0.00792208
1283.01  2.83999  0.00791794
1283.9  2.84018  0.00791383
1284.79  2.84037  0.00790972
1285.69  2.84055  0.00790563
1286.58  2.84074  0.00790155
1287.47  2.84093  0.00789749
1288.37  2.84111  0.00789343
1289.26  2.8413  0.00788939
1290.15  2.84148  0.00788537
1291.05  2.84167  0.00788135
1291.94  2.84185  0.00787735
1292.83  2.84203  0.00787336
1293.73  2.84221  0.00786938
1294.62  2.8424  0.00786542
1295.51  2.84258  0.00786146
1296.41  2.84276  0.00785752
1297.3  2.84294  0.0078536
1298.19  2.84311  0.00784968
1299.09  2.84329  0.00784578
1299.98  2.84347  0.00784188
1300.87  2.84365  0.007838
1301.76  2.84382  0.00783414
1302.66  2.844  0.00783028
1303.55  2.84418  0.00782644
1304.44  2.84435  0.00782261
1305.34  2.84452  0.00781879
1306.23  2.8447  0.00781498
1307.12  2.84487  0.00781118
1308.02  2.84504  0.00780739
1308.91  2.84521  0.00780362
1309.8  2.84539  0.00779986
1310.7  2.84556  0.00779611
1311.59  2.84573  0.00779237
1312.48  2.8459  0.00778864
1313.38  2.84606  0.00778493
1314.27  2.84623  0.00778122
1315.16  2.8464  0.00777753
1316.06  2.84657  0.00777384
1316.95  2.84673  0.00777017
1317.84  2.8469  0.00776651
1318.74  2.84707  0.00776286
1319.63  2.84723  0.00775922
1320.52  2.8474  0.0077556
1321.42  2.84756  0.00775198
1322.31  2.84772  0.00774837
1323.2  2.84789  0.00774478
1324.1  2.84805  0.00774119
1324.99  2.84821  0.00773762
1325.88  2.84837  0.00773406
1326.78  2.84853  0.00773051
1327.67  2.84869  0.00772697
1328.56  2.84885  0.00772343
1329.46  2.84901  0.00771991
1330.35  2.84917  0.0077164
1331.24  2.84933  0.0077129
1332.14  2.84948  0.00770942
1333.03  2.84964  0.00770594
1333.92  2.8498  0.00770247
1334.81  2.84995  0.00769901
1335.71  2.85011  0.00769556
1336.6  2.85026  0.00769212
1337.49  2.85042  0.0076887
1338.39  2.85057  0.00768528
1339.28  2.85073  0.00768187
1340.17  2.85088  0.00767847
1341.07  2.85103  0.00767509
1341.96  2.85118  0.00767171
1342.85  2.85134  0.00766834
1343.75  2.85149  0.00766498
1344.64  2.85164  0.00766164
1345.53  2.85179  0.0076583
1346.43  2.85194  0.00765497
1347.32  2.85209  0.00765165
1348.21  2.85224  0.00764834
1349.11  2.85238  0.00764504
1350  2.85253  0.00764175
