0.07856  -nan  -nan
0.0786696  1.71678e-05  4.18324e-07
0.0787792  4.86164e-05  1.18482e-06
0.0788889  8.9422e-05  2.17965e-06
0.0789985  0.000137841  3.36043e-06
0.0791081  0.000192874  4.70286e-06
0.0792177  0.000253851  6.1907e-06
0.0793274  0.000320283  7.81212e-06
0.079437  0.000391795  9.55804e-06
0.0795466  0.000468088  1.14212e-05
0.0796562  0.000548917  1.33957e-05
0.0797659  0.000634075  1.54766e-05
0.0798755  0.000723387  1.76597e-05
0.0799851  0.000816703  1.99413e-05
0.0800947  0.00091389  2.23183e-05
0.0802044  0.00101483  2.47878e-05
0.080314  0.00111943  2.73475e-05
0.0804236  0.00122758  2.9995e-05
0.0805332  0.00133921  3.27286e-05
0.0806429  0.00145424  3.55463e-05
0.0807525  0.0015726  3.84465e-05
0.0808621  0.00169423  4.14278e-05
0.0809717  0.00181908  4.44889e-05
0.0810814  0.00194709  4.76285e-05
0.081191  0.00207821  5.08456e-05
0.0813006  0.0022124  5.4139e-05
0.0814102  0.00234962  5.75079e-05
0.0815199  0.00248983  6.09513e-05
0.0816295  0.002633  6.44685e-05
0.0817391  0.00277909  6.80588e-05
0.0818487  0.00292808  7.17214e-05
0.0819584  0.00307993  7.54558e-05
0.082068  0.00323462  7.92613e-05
0.0821776  0.00339212  8.31374e-05
0.0822872  0.00355242  8.70836e-05
0.0823969  0.00371549  9.10995e-05
0.0825065  0.00388132  9.51847e-05
0.0826161  0.00404987  9.93386e-05
0.0827257  0.00422115  0.000103561
0.0828354  0.00439513  0.000107852
0.082945  0.00457179  0.00011221
0.0830546  0.00475113  0.000116636
0.0831642  0.00493313  0.00012113
0.0832739  0.00511778  0.00012569
0.0833835  0.00530506  0.000130318
0.0834931  0.00549498  0.000135012
0.0836027  0.00568752  0.000139773
0.0837124  0.00588266  0.0001446
0.083822  0.00608042  0.000149494
0.0839316  0.00628077  0.000154453
0.0840412  0.00648371  0.000159479
0.0841509  0.00668923  0.000164571
0.0842605  0.00689734  0.000169729
0.0843701  0.00710802  0.000174953
0.0844797  0.00732127  0.000180243
0.0845894  0.0075371  0.000185599
0.084699  0.00775549  0.00019102
0.0848086  0.00797644  0.000196508
0.0849182  0.00819996  0.000202061
0.0850279  0.00842604  0.000207681
0.0851375  0.00865468  0.000213367
0.0852471  0.00888588  0.000219118
0.0853567  0.00911964  0.000224936
0.0854664  0.00935596  0.000230821
0.085576  0.00959484  0.000236771
0.0856856  0.00983629  0.000242788
0.0857952  0.0100803  0.000248872
0.0859049  0.0103269  0.000255023
0.0860145  0.010576  0.00026124
0.0861241  0.0108277  0.000267525
0.0862337  0.011082  0.000273876
0.0863434  0.0113389  0.000280295
0.086453  0.0115984  0.000286782
0.0865626  0.0118604  0.000293336
0.0866722  0.0121251  0.000299959
0.0867819  0.0123923  0.000306649
0.0868915  0.0126621  0.000313408
0.0870011  0.0129346  0.000320235
0.0871107  0.0132096  0.000327132
0.0872204  0.0134873  0.000334097
0.08733  0.0137676  0.000341132
0.0874396  0.0140506  0.000348236
0.0875492  0.0143361  0.00035541
0.0876588  0.0146244  0.000362655
0.0877685  0.0149153  0.000369969
0.0878781  0.0152088  0.000377355
0.0879877  0.015505  0.000384811
0.0880973  0.0158039  0.000392339
0.088207  0.0161055  0.000399939
0.0883166  0.0164098  0.000407611
0.0884262  0.0167168  0.000415355
0.0885358  0.0170265  0.000423171
0.0886455  0.0173389  0.000431061
0.0887551  0.0176541  0.000439024
0.0888647  0.017972  0.000447061
0.0889743  0.0182927  0.000455172
0.089084  0.0186161  0.000463358
0.0891936  0.0189423  0.000471619
0.0893032  0.0192713  0.000479955
0.0894128  0.0196032  0.000488367
0.0895225  0.0199378  0.000496855
0.0896321  0.0202753  0.000505419
0.0897417  0.0206156  0.000514061
0.0898513  0.0209587  0.000522781
0.089961  0.0213048  0.000531578
0.0900706  0.0216537  0.000540454
0.0901802  0.0220055  0.000549409
0.0902898  0.0223602  0.000558443
0.0903995  0.0227178  0.000567557
0.0905091  0.0230784  0.000576752
0.0906187  0.0234419  0.000586028
0.0907283  0.0238084  0.000595385
0.090838  0.0241778  0.000604824
0.0909476  0.0245503  0.000614346
0.0910572  0.0249258  0.00062395
0.0911668  0.0253043  0.000633639
0.0912765  0.0256858  0.000643412
0.0913861  0.0260704  0.000653269
0.0914957  0.0264581  0.000663212
0.0916053  0.0268489  0.000673241
0.091715  0.0272428  0.000683357
0.0918246  0.0276399  0.00069356
0.0919342  0.02804  0.00070385
0.0920438  0.0284434  0.00071423
0.0921535  0.0288499  0.000724698
0.0922631  0.0292597  0.000735256
0.0923727  0.0296727  0.000745905
0.0924823  0.0300889  0.000756645
0.092592  0.0305084  0.000767477
0.0927016  0.0309311  0.000778402
0.0928112  0.0313572  0.000789419
0.0929208  0.0317866  0.000800531
0.0930305  0.0322194  0.000811738
0.0931401  0.0326555  0.00082304
0.0932497  0.033095  0.000834438
0.0933593  0.0335379  0.000845934
0.093469  0.0339843  0.000857527
0.0935786  0.0344341  0.000869219
0.0936882  0.0348874  0.00088101
0.0937978  0.0353442  0.000892902
0.0939075  0.0358046  0.000904895
0.0940171  0.0362685  0.00091699
0.0941267  0.036736  0.000929187
0.0942363  0.037207  0.000941489
0.094346  0.0376817  0.000953894
0.0944556  0.0381601  0.000966406
0.0945652  0.0386421  0.000979024
0.0946748  0.0391279  0.000991749
0.0947845  0.0396173  0.00100458
0.0948941  0.0401106  0.00101753
0.0950037  0.0406076  0.00103058
0.0951133  0.0411084  0.00104374
0.095223  0.0416131  0.00105702
0.0953326  0.0421216  0.00107041
0.0954422  0.0426341  0.00108391
0.0955518  0.0431504  0.00109753
0.0956615  0.0436708  0.00111127
0.0957711  0.0441951  0.00112512
0.0958807  0.0447234  0.00113909
0.0959903  0.0452558  0.00115318
0.0960999  0.0457923  0.0011674
0.0962096  0.0463329  0.00118173
0.0963192  0.0468776  0.00119619
0.0964288  0.0474265  0.00121077
0.0965384  0.0479796  0.00122548
0.0966481  0.048537  0.00124031
0.0967577  0.0490986  0.00125527
0.0968673  0.0496646  0.00127036
0.0969769  0.0502349  0.00128558
0.0970866  0.0508096  0.00130094
0.0971962  0.0513887  0.00131643
0.0973058  0.0519723  0.00133205
0.0974154  0.0525603  0.0013478
0.0975251  0.0531529  0.0013637
0.0976347  0.0537501  0.00137973
0.0977443  0.0543519  0.0013959
0.0978539  0.0549583  0.00141222
0.0979636  0.0555694  0.00142868
0.0980732  0.0561852  0.00144528
0.0981828  0.0568058  0.00146203
0.0982924  0.0574312  0.00147892
0.0984021  0.0580615  0.00149597
0.0985117  0.0586966  0.00151316
0.0986213  0.0593367  0.00153051
0.0987309  0.0599817  0.00154801
0.0988406  0.0606318  0.00156567
0.0989502  0.061287  0.00158348
0.0990598  0.0619472  0.00160146
0.0991694  0.0626126  0.00161959
0.0992791  0.0632832  0.00163789
0.0993887  0.0639591  0.00165635
0.0994983  0.0646403  0.00167497
0.0996079  0.0653268  0.00169377
0.0997176  0.0660187  0.00171274
0.0998272  0.0667161  0.00173187
0.0999368  0.067419  0.00175118
0.100046  0.0681274  0.00177067
0.100156  0.0688414  0.00179033
0.100266  0.069561  0.00181018
0.100375  0.0702864  0.0018302
0.100485  0.0710176  0.00185041
0.100595  0.0717545  0.00187081
0.100704  0.0724973  0.0018914
0.100814  0.0732461  0.00191217
0.100923  0.0740008  0.00193314
0.101033  0.0747616  0.0019543
0.101143  0.0755285  0.00197566
0.101252  0.0763016  0.00199722
0.101362  0.0770808  0.00201899
0.101472  0.0778664  0.00204095
0.101581  0.0786583  0.00206313
0.101691  0.0794566  0.00208551
0.1018  0.0802614  0.00210811
0.10191  0.0810728  0.00213092
0.10202  0.0818907  0.00215395
0.102129  0.0827153  0.0021772
0.102239  0.0835467  0.00220067
0.102349  0.0843849  0.00222437
0.102458  0.0852299  0.0022483
0.102568  0.0860819  0.00227246
0.102677  0.086941  0.00229685
0.102787  0.0878071  0.00232148
0.102897  0.0886804  0.00234635
0.103006  0.0895609  0.00237147
0.103116  0.0904488  0.00239683
0.103226  0.0913441  0.00242244
0.103335  0.0922468  0.00244831
0.103445  0.0931571  0.00247443
0.103554  0.0940751  0.00250082
0.103664  0.0950008  0.00252746
0.103774  0.0959343  0.00255438
0.103883  0.0968756  0.00258156
0.103993  0.097825  0.00260902
0.104103  0.0987824  0.00263676
0.104212  0.099748  0.00266478
0.104322  0.100722  0.00269308
0.104431  0.101704  0.00272168
0.104541  0.102695  0.00275056
0.104651  0.103694  0.00277975
0.10476  0.104701  0.00280924
0.10487  0.105718  0.00283903
0.10498  0.106743  0.00286913
0.105089  0.107777  0.00289955
0.105199  0.10882  0.00293029
0.105308  0.109873  0.00296135
0.105418  0.110934  0.00299274
0.105528  0.112005  0.00302446
0.105637  0.113085  0.00305652
0.105747  0.114175  0.00308893
0.105857  0.115275  0.00312168
0.105966  0.116384  0.00315478
0.106076  0.117503  0.00318824
0.106185  0.118632  0.00322206
0.106295  0.119772  0.00325626
0.106405  0.120921  0.00329082
0.106514  0.122081  0.00332577
0.106624  0.123252  0.0033611
0.106734  0.124433  0.00339682
0.106843  0.125624  0.00343294
0.106953  0.126827  0.00346946
0.107062  0.128041  0.00350639
0.107172  0.129266  0.00354374
0.107282  0.130502  0.00358151
0.107391  0.131749  0.00361971
0.107501  0.133009  0.00365834
0.107611  0.13428  0.00369741
0.10772  0.135562  0.00373693
0.10783  0.136857  0.00377691
0.107939  0.138164  0.00381735
0.108049  0.139483  0.00385826
0.108159  0.140815  0.00389964
0.108268  0.142159  0.00394152
0.108378  0.143516  0.00398388
0.108488  0.144886  0.00402675
0.108597  0.14627  0.00407013
0.108707  0.147666  0.00411402
0.108816  0.149076  0.00415844
0.108926  0.1505  0.00420339
0.109036  0.151938  0.00424889
0.109145  0.153389  0.00429494
0.109255  0.154855  0.00434155
0.109365  0.156335  0.00438873
0.109474  0.15783  0.00443649
0.109584  0.159339  0.00448484
0.109693  0.160864  0.00453379
0.109803  0.162404  0.00458336
0.109913  0.163959  0.00463354
0.110022  0.165529  0.00468435
0.110132  0.167116  0.00473581
0.110242  0.168719  0.00478792
0.110351  0.170337  0.00484069
0.110461  0.171973  0.00489415
0.11057  0.173625  0.00494828
0.11068  0.175294  0.00500312
0.11079  0.17698  0.00505868
0.110899  0.178684  0.00511495
0.111009  0.180405  0.00517197
0.111119  0.182144  0.00522973
0.111228  0.183902  0.00528827
0.111338  0.185677  0.00534758
0.111447  0.187472  0.00540768
0.111557  0.189286  0.00546859
0.111667  0.191119  0.00553032
0.111776  0.192971  0.00559289
0.111886  0.194843  0.00565631
0.111996  0.196736  0.0057206
0.112105  0.198649  0.00578577
0.112215  0.200582  0.00585184
0.112324  0.202537  0.00591883
0.112434  0.204513  0.00598676
0.112544  0.20651  0.00605563
0.112653  0.20853  0.00612548
0.112763  0.210572  0.00619632
0.112873  0.212637  0.00626816
0.112982  0.214724  0.00634103
0.113092  0.216836  0.00641495
0.113201  0.21897  0.00648993
0.113311  0.221129  0.006566
0.113421  0.223313  0.00664318
0.11353  0.225521  0.00672149
0.11364  0.227755  0.00680095
0.11375  0.230014  0.00688159
0.113859  0.232299  0.00696342
0.113969  0.234611  0.00704648
0.114078  0.23695  0.00713078
0.114188  0.239315  0.00721635
0.114298  0.241709  0.00730322
0.114407  0.244131  0.00739142
0.114517  0.246582  0.00748096
0.114627  0.249061  0.00757188
0.114736  0.251571  0.0076642
0.114846  0.25411  0.00775795
0.114955  0.25668  0.00785317
0.115065  0.259281  0.00794988
0.115175  0.261914  0.00804811
0.115284  0.264579  0.0081479
0.115394  0.267277  0.00824927
0.115504  0.270007  0.00835226
0.115613  0.272772  0.0084569
0.115723  0.275571  0.00856324
0.115832  0.278405  0.00867129
0.115942  0.281274  0.0087811
0.116052  0.284179  0.00889271
0.116161  0.287121  0.00900615
0.116271  0.290101  0.00912147
0.116381  0.293119  0.00923869
0.11649  0.296175  0.00935787
0.1166  0.299271  0.00947904
0.116709  0.302406  0.00960225
0.116819  0.305583  0.00972754
0.116929  0.3088  0.00985495
0.117038  0.312061  0.00998453
0.117148  0.315364  0.0101163
0.117258  0.31871  0.0102504
0.117367  0.322101  0.0103868
0.117477  0.325538  0.0105255
0.117586  0.32902  0.0106667
0.117696  0.33255  0.0108103
0.117806  0.336127  0.0109564
0.117915  0.339752  0.0111051
0.118025  0.343428  0.0112565
0.118135  0.347153  0.0114105
0.118244  0.35093  0.0115673
0.118354  0.354759  0.0117269
0.118463  0.358641  0.0118893
0.118573  0.362578  0.0120547
0.118683  0.36657  0.012223
0.118792  0.370617  0.0123944
0.118902  0.374722  0.0125689
0.119012  0.378886  0.0127467
0.119121  0.383108  0.0129276
0.119231  0.387391  0.0131119
0.11934  0.391736  0.0132996
0.11945  0.396144  0.0134908
0.11956  0.400615  0.0136855
0.119669  0.405151  0.0138838
0.119779  0.409754  0.0140858
0.119889  0.414424  0.0142916
0.119998  0.419163  0.0145012
0.120108  0.423973  0.0147148
0.120217  0.428853  0.0149324
0.120327  0.433807  0.015154
0.120437  0.438834  0.0153798
0.120546  0.443937  0.0156099
0.120656  0.449117  0.0158444
0.120766  0.454376  0.0160832
0.120875  0.459714  0.0163266
0.120985  0.465134  0.0165746
0.121094  0.470636  0.0168273
0.121204  0.476223  0.0170848
0.121314  0.481896  0.0173471
0.121423  0.487657  0.0176144
0.121533  0.493507  0.0178868
0.121643  0.499447  0.0181642
0.121752  0.505481  0.018447
0.121862  0.511608  0.018735
0.121971  0.517832  0.0190284
0.122081  0.524153  0.0193274
0.122191  0.530573  0.0196319
0.1223  0.537096  0.019942
0.12241  0.543721  0.0202579
0.122519  0.550451  0.0205797
0.122629  0.557288  0.0209073
0.122739  0.564234  0.021241
0.122848  0.57129  0.0215807
0.122958  0.578459  0.0219265
0.123068  0.585742  0.0222785
0.123177  0.593142  0.0226367
0.123287  0.60066  0.0230013
0.123396  0.608298  0.0233722
0.123506  0.616059  0.0237495
0.123616  0.623944  0.0241332
0.123725  0.631955  0.0245235
0.123835  0.640094  0.0249202
0.123945  0.648363  0.0253234
0.124054  0.656765  0.0257331
0.124164  0.6653  0.0261493
0.124273  0.673972  0.026572
0.124383  0.682781  0.0270012
0.124493  0.69173  0.0274368
0.124602  0.700821  0.0278787
0.124712  0.710055  0.028327
0.124822  0.719434  0.0287814
0.124931  0.72896  0.0292419
0.125041  0.738634  0.0297084
0.12515  0.748459  0.0301807
0.12526  0.758435  0.0306587
0.12537  0.768565  0.0311422
0.125479  0.778849  0.031631
0.125589  0.789289  0.0321248
0.125699  0.799886  0.0326235
0.125808  0.810641  0.0331267
0.125918  0.821556  0.0336341
0.126027  0.83263  0.0341454
0.126137  0.843865  0.0346603
0.126247  0.855262  0.0351783
0.126356  0.86682  0.0356991
0.126466  0.87854  0.0362222
0.126576  0.890422  0.0367471
0.126685  0.902467  0.0372733
0.126795  0.914673  0.0378002
0.126904  0.92704  0.0383274
0.127014  0.939568  0.0388542
0.127124  0.952256  0.03938
0.127233  0.965102  0.039904
0.127343  0.978105  0.0404257
0.127453  0.991264  0.0409443
0.127562  1.00458  0.041459
0.127672  1.01804  0.0419691
0.127781  1.03165  0.0424738
0.127891  1.04541  0.0429722
0.128001  1.05932  0.0434636
0.12811  1.07336  0.043947
0.12822  1.08754  0.0444217
0.12833  1.10185  0.0448866
0.128439  1.11629  0.0453411
0.128549  1.13086  0.045784
0.128658  1.14555  0.0462147
0.128768  1.16035  0.0466321
0.128878  1.17526  0.0470355
0.128987  1.19027  0.047424
0.129097  1.20538  0.0477966
0.129207  1.22059  0.0481527
0.129316  1.23587  0.0484914
0.129426  1.25124  0.0488121
0.129535  1.26668  0.0491138
0.129645  1.28219  0.0493961
0.129755  1.29776  0.0496582
0.129864  1.31337  0.0498997
0.129974  1.32903  0.0501199
0.130084  1.34473  0.0503184
0.130193  1.36045  0.0504948
0.130303  1.3762  0.0506488
0.130412  1.39195  0.05078
0.130522  1.40772  0.0508884
0.130632  1.42348  0.0509737
0.130741  1.43922  0.0510358
0.130851  1.45495  0.0510748
0.130961  1.47066  0.0510907
0.13107  1.48633  0.0510837
0.13118  1.50195  0.0510539
0.131289  1.51753  0.0510017
0.131399  1.53305  0.0509273
0.131509  1.54851  0.0508311
0.131618  1.5639  0.0507137
0.131728  1.57921  0.0505754
0.131838  1.59443  0.0504168
0.131947  1.60957  0.0502386
0.132057  1.62461  0.0500413
0.132166  1.63954  0.0498257
0.132276  1.65437  0.0495923
0.132386  1.66909  0.0493421
0.132495  1.68368  0.0490757
0.132605  1.69816  0.0487939
0.132715  1.7125  0.0484974
0.132824  1.72671  0.0481872
0.132934  1.74079  0.047864
0.133043  1.75473  0.0475287
0.133153  1.76853  0.0471819
0.133263  1.78218  0.0468247
0.133372  1.79568  0.0464577
0.133482  1.80903  0.0460817
0.133592  1.82223  0.0456976
0.133701  1.83527  0.0453061
0.133811  1.84816  0.044908
0.13392  1.86089  0.0445039
0.13403  1.87346  0.0440946
0.13414  1.88586  0.0436808
0.134249  1.89811  0.0432631
0.134359  1.9102  0.0428421
0.134469  1.92212  0.0424186
0.134578  1.93389  0.041993
0.134688  1.94549  0.0415659
0.134797  1.95693  0.0411379
0.134907  1.9682  0.0407094
0.135017  1.97932  0.0402809
0.135126  1.99028  0.0398529
0.135236  2.00107  0.0394258
0.135346  2.01171  0.0389999
0.135455  2.0222  0.0385757
0.135565  2.03252  0.0381536
0.135674  2.04269  0.0377337
0.135784  2.05271  0.0373165
0.135894  2.06258  0.0369021
0.136003  2.07229  0.0364909
0.136113  2.08186  0.0360831
0.136223  2.09128  0.0356789
0.136332  2.10055  0.0352785
0.136442  2.10969  0.034882
0.136551  2.11867  0.0344896
0.136661  2.12752  0.0341015
0.136771  2.13623  0.0337178
0.13688  2.14481  0.0333386
0.13699  2.15325  0.032964
0.1371  2.16156  0.032594
0.137209  2.16973  0.0322288
0.137319  2.17778  0.0318684
0.137428  2.18571  0.0315128
0.137538  2.1935  0.0311622
0.137648  2.20118  0.0308164
0.137757  2.20873  0.0304756
0.137867  2.21617  0.0301397
0.137977  2.22349  0.0298088
0.138086  2.23069  0.0294828
0.138196  2.23779  0.0291618
0.138305  2.24477  0.0288456
0.138415  2.25164  0.0285344
0.138525  2.2584  0.028228
0.138634  2.26506  0.0279265
0.138744  2.27162  0.0276298
0.138854  2.27807  0.0273378
0.138963  2.28443  0.0270506
0.139073  2.29069  0.0267681
0.139182  2.29685  0.0264901
0.139292  2.30291  0.0262168
0.139402  2.30889  0.0259479
0.139511  2.31477  0.0256836
0.139621  2.32056  0.0254236
0.139731  2.32626  0.025168
0.13984  2.33188  0.0249167
0.13995  2.33742  0.0246696
0.140059  2.34287  0.0244267
0.140169  2.34824  0.024188
0.140279  2.35353  0.0239532
0.140388  2.35874  0.0237224
0.140498  2.36387  0.0234956
0.140608  2.36893  0.0232726
0.140717  2.37391  0.0230534
0.140827  2.37882  0.022838
0.140936  2.38366  0.0226262
0.141046  2.38843  0.022418
0.141156  2.39313  0.0222133
0.141265  2.39776  0.0220121
0.141375  2.40233  0.0218144
0.141485  2.40683  0.02162
0.141594  2.41127  0.0214289
0.141704  2.41564  0.021241
0.141813  2.41995  0.0210563
0.141923  2.4242  0.0208747
0.142033  2.42839  0.0206962
0.142142  2.43253  0.0205207
0.142252  2.4366  0.0203481
0.142362  2.44062  0.0201784
0.142471  2.44459  0.0200116
0.142581  2.4485  0.0198475
0.14269  2.45236  0.0196861
0.1428  2.45616  0.0195275
0.14291  2.45992  0.0193714
0.143019  2.46362  0.0192179
0.143129  2.46727  0.019067
0.143239  2.47088  0.0189185
0.143348  2.47443  0.0187725
0.143458  2.47795  0.0186288
0.143567  2.48141  0.0184875
0.143677  2.48483  0.0183484
0.143787  2.4882  0.0182116
0.143896  2.49153  0.018077
0.144006  2.49482  0.0179445
0.144116  2.49807  0.0178142
0.144225  2.50127  0.0176859
0.144335  2.50443  0.0175597
0.144444  2.50756  0.0174354
0.144554  2.51064  0.0173131
0.144664  2.51369  0.0171928
0.144773  2.51669  0.0170743
0.144883  2.51966  0.0169576
0.144993  2.5226  0.0168428
0.145102  2.52549  0.0167297
0.145212  2.52836  0.0166183
0.145321  2.53118  0.0165087
0.145431  2.53397  0.0164007
0.145541  2.53673  0.0162944
0.14565  2.53946  0.0161897
0.14576  2.54215  0.0160865
0.14587  2.54481  0.0159849
0.145979  2.54744  0.0158848
0.146089  2.55004  0.0157862
0.146198  2.55261  0.015689
0.146308  2.55515  0.0155933
0.146418  2.55765  0.015499
0.146527  2.56013  0.015406
0.146637  2.56258  0.0153145
0.146747  2.565  0.0152242
0.146856  2.5674  0.0151352
0.146966  2.56977  0.0150475
0.147075  2.57211  0.0149611
0.147185  2.57442  0.0148759
0.147295  2.57671  0.0147919
0.147404  2.57897  0.014709
0.147514  2.58121  0.0146274
0.147624  2.58342  0.0145468
0.147733  2.58561  0.0144674
0.147843  2.58777  0.0143891
0.147952  2.58991  0.0143119
0.148062  2.59203  0.0142357
0.148172  2.59413  0.0141606
0.148281  2.5962  0.0140864
0.148391  2.59825  0.0140133
0.148501  2.60027  0.0139412
0.14861  2.60228  0.01387
0.14872  2.60426  0.0137998
0.148829  2.60623  0.0137305
0.148939  2.60817  0.0136621
0.149049  2.61009  0.0135947
0.149158  2.612  0.0135281
0.149268  2.61388  0.0134623
0.149378  2.61574  0.0133975
0.149487  2.61759  0.0133334
0.149597  2.61941  0.0132702
0.149706  2.62122  0.0132078
0.149816  2.62301  0.0131462
0.149926  2.62478  0.0130854
0.150035  2.62653  0.0130253
0.150145  2.62827  0.012966
0.150255  2.62999  0.0129074
0.150364  2.63169  0.0128496
0.150474  2.63337  0.0127924
0.150583  2.63504  0.012736
0.150693  2.63669  0.0126803
0.150803  2.63832  0.0126252
0.150912  2.63994  0.0125708
0.151022  2.64155  0.0125171
0.151132  2.64314  0.012464
0.151241  2.64471  0.0124116
0.151351  2.64627  0.0123598
0.15146  2.64781  0.0123085
0.15157  2.64934  0.0122579
0.15168  2.65085  0.0122079
0.151789  2.65235  0.0121585
0.151899  2.65384  0.0121097
0.152009  2.65531  0.0120614
0.152118  2.65676  0.0120137
0.152228  2.65821  0.0119665
0.152337  2.65964  0.0119199
0.152447  2.66106  0.0118738
0.152557  2.66246  0.0118282
0.152666  2.66386  0.0117831
0.152776  2.66523  0.0117386
0.152886  2.6666  0.0116945
0.152995  2.66796  0.011651
0.153105  2.6693  0.0116079
0.153214  2.67063  0.0115653
0.153324  2.67195  0.0115231
0.153434  2.67326  0.0114815
0.153543  2.67455  0.0114402
0.153653  2.67583  0.0113995
0.153763  2.67711  0.0113591
0.153872  2.67837  0.0113192
0.153982  2.67962  0.0112798
0.154091  2.68086  0.0112407
0.154201  2.68209  0.0112021
0.154311  2.68331  0.0111638
0.15442  2.68452  0.011126
0.15453  2.68571  0.0110886
0.15464  2.6869  0.0110515
0.154749  2.68808  0.0110149
0.154859  2.68925  0.0109786
0.154968  2.69041  0.0109427
0.155078  2.69155  0.0109071
0.155188  2.69269  0.010872
0.155297  2.69382  0.0108371
0.155407  2.69494  0.0108027
0.155517  2.69605  0.0107686
0.155626  2.69715  0.0107348
0.155736  2.69825  0.0107013
0.155845  2.69933  0.0106682
0.155955  2.7004  0.0106355
0.156065  2.70147  0.010603
0.156174  2.70253  0.0105709
0.156284  2.70358  0.010539
0.156394  2.70462  0.0105075
0.156503  2.70565  0.0104763
0.156613  2.70667  0.0104454
0.156722  2.70769  0.0104148
0.156832  2.7087  0.0103845
0.156942  2.7097  0.0103545
0.157051  2.71069  0.0103247
0.157161  2.71167  0.0102953
0.157271  2.71265  0.0102661
0.15738  2.71362  0.0102372
0.15749  2.71458  0.0102085
0.157599  2.71553  0.0101802
0.157709  2.71648  0.0101521
0.157819  2.71742  0.0101242
0.157928  2.71835  0.0100966
0.158038  2.71928  0.0100693
0.158148  2.72019  0.0100422
0.158257  2.72111  0.0100154
0.158367  2.72201  0.00998875
0.158476  2.72291  0.00996239
0.158586  2.7238  0.00993627
0.158696  2.72468  0.00991038
0.158805  2.72556  0.00988472
0.158915  2.72643  0.00985928
0.159025  2.7273  0.00983407
0.159134  2.72815  0.00980909
0.159244  2.72901  0.00978432
0.159353  2.72985  0.00975977
0.159463  2.73069  0.00973543
0.159573  2.73153  0.00971131
0.159682  2.73235  0.00968739
0.159792  2.73317  0.00966368
0.159902  2.73399  0.00964017
0.160011  2.7348  0.00961686
0.160121  2.7356  0.00959375
0.16023  2.7364  0.00957083
0.16034  2.7372  0.00954811
0.16045  2.73798  0.00952558
0.160559  2.73876  0.00950324
0.160669  2.73954  0.00948108
0.160779  2.74031  0.00945911
0.160888  2.74108  0.00943732
0.160998  2.74183  0.00941571
0.161107  2.74259  0.00939428
0.161217  2.74334  0.00937303
0.161327  2.74408  0.00935194
0.161436  2.74482  0.00933103
0.161546  2.74556  0.00931029
0.161656  2.74628  0.00928971
0.161765  2.74701  0.0092693
0.161875  2.74773  0.00924906
0.161984  2.74844  0.00922897
0.162094  2.74915  0.00920905
0.162204  2.74986  0.00918928
0.162313  2.75056  0.00916967
0.162423  2.75125  0.00915021
0.162533  2.75194  0.00913091
0.162642  2.75263  0.00911176
0.162752  2.75331  0.00909275
0.162861  2.75399  0.0090739
0.162971  2.75466  0.00905518
0.163081  2.75533  0.00903662
0.16319  2.75599  0.00901819
0.1633  2.75665  0.00899991
0.16341  2.7573  0.00898176
0.163519  2.75795  0.00896376
0.163629  2.7586  0.00894589
0.163738  2.75924  0.00892815
0.163848  2.75988  0.00891055
0.163958  2.76052  0.00889308
0.164067  2.76115  0.00887574
0.164177  2.76177  0.00885853
0.164287  2.76239  0.00884144
0.164396  2.76301  0.00882448
0.164506  2.76363  0.00880765
0.164615  2.76424  0.00879094
0.164725  2.76484  0.00877436
0.164835  2.76545  0.00875789
0.164944  2.76605  0.00874154
0.165054  2.76664  0.00872531
0.165164  2.76723  0.0087092
0.165273  2.76782  0.00869321
0.165383  2.7684  0.00867733
0.165492  2.76898  0.00866156
0.165602  2.76956  0.0086459
0.165712  2.77013  0.00863036
0.165821  2.7707  0.00861492
0.165931  2.77127  0.0085996
0.166041  2.77183  0.00858438
0.16615  2.77239  0.00856927
0.16626  2.77295  0.00855426
0.166369  2.7735  0.00853936
0.166479  2.77405  0.00852456
0.166589  2.7746  0.00850987
0.166698  2.77514  0.00849527
0.166808  2.77568  0.00848078
0.166917  2.77622  0.00846638
0.167027  2.77675  0.00845209
0.167137  2.77728  0.00843789
0.167246  2.77781  0.00842379
0.167356  2.77833  0.00840978
0.167466  2.77885  0.00839586
0.167575  2.77937  0.00838204
0.167685  2.77989  0.00836832
0.167794  2.7804  0.00835468
0.167904  2.78091  0.00834114
0.168014  2.78141  0.00832768
0.168123  2.78192  0.00831431
0.168233  2.78242  0.00830104
0.168343  2.78291  0.00828784
0.168452  2.78341  0.00827474
0.168562  2.7839  0.00826172
0.168671  2.78439  0.00824879
0.168781  2.78487  0.00823594
0.168891  2.78536  0.00822317
0.169  2.78584  0.00821049
0.16911  2.78631  0.00819788
0.16922  2.78679  0.00818536
0.169329  2.78726  0.00817292
0.169439  2.78773  0.00816056
0.169548  2.7882  0.00814827
0.169658  2.78866  0.00813607
0.169768  2.78912  0.00812394
0.169877  2.78958  0.00811188
0.169987  2.79004  0.00809991
0.170097  2.79049  0.00808801
0.170206  2.79095  0.00807618
0.170316  2.7914  0.00806442
0.170425  2.79184  0.00805274
0.170535  2.79229  0.00804113
0.170645  2.79273  0.0080296
0.170754  2.79317  0.00801813
0.170864  2.79361  0.00800674
0.170974  2.79404  0.00799541
0.171083  2.79447  0.00798415
0.171193  2.7949  0.00797297
0.171302  2.79533  0.00796185
0.171412  2.79576  0.00795079
0.171522  2.79618  0.00793981
0.171631  2.7966  0.00792889
0.171741  2.79702  0.00791803
0.171851  2.79744  0.00790724
0.17196  2.79785  0.00789652
0.17207  2.79826  0.00788585
0.172179  2.79867  0.00787526
0.172289  2.79908  0.00786472
0.172399  2.79949  0.00785425
0.172508  2.79989  0.00784383
0.172618  2.80029  0.00783348
0.172728  2.80069  0.00782319
0.172837  2.80109  0.00781296
0.172947  2.80148  0.00780279
0.173056  2.80188  0.00779268
0.173166  2.80227  0.00778263
0.173276  2.80266  0.00777263
0.173385  2.80304  0.00776269
0.173495  2.80343  0.00775281
0.173605  2.80381  0.00774299
0.173714  2.80419  0.00773322
0.173824  2.80457  0.00772351
0.173933  2.80495  0.00771385
0.174043  2.80533  0.00770425
0.174153  2.8057  0.0076947
0.174262  2.80607  0.00768521
0.174372  2.80644  0.00767577
0.174482  2.80681  0.00766638
0.174591  2.80717  0.00765704
0.174701  2.80754  0.00764776
0.17481  2.8079  0.00763852
0.17492  2.80826  0.00762934
0.17503  2.80862  0.00762021
0.175139  2.80898  0.00761113
0.175249  2.80933  0.0076021
0.175359  2.80969  0.00759312
0.175468  2.81004  0.00758419
0.175578  2.81039  0.00757531
0.175687  2.81074  0.00756648
0.175797  2.81108  0.00755769
0.175907  2.81143  0.00754895
0.176016  2.81177  0.00754026
0.176126  2.81211  0.00753161
0.176236  2.81245  0.00752302
0.176345  2.81279  0.00751446
0.176455  2.81313  0.00750596
0.176564  2.81346  0.0074975
0.176674  2.8138  0.00748908
0.176784  2.81413  0.00748071
0.176893  2.81446  0.00747238
0.177003  2.81479  0.0074641
0.177113  2.81512  0.00745586
0.177222  2.81544  0.00744767
0.177332  2.81577  0.00743951
0.177441  2.81609  0.0074314
0.177551  2.81641  0.00742333
0.177661  2.81673  0.00741531
0.17777  2.81705  0.00740732
0.17788  2.81736  0.00739938
0.17799  2.81768  0.00739148
0.178099  2.81799  0.00738362
0.178209  2.8183  0.0073758
0.178318  2.81861  0.00736802
0.178428  2.81892  0.00736028
0.178538  2.81923  0.00735257
0.178647  2.81954  0.00734491
0.178757  2.81984  0.00733729
0.178867  2.82015  0.0073297
0.178976  2.82045  0.00732216
0.179086  2.82075  0.00731465
0.179195  2.82105  0.00730718
0.179305  2.82135  0.00729975
0.179415  2.82164  0.00729235
0.179524  2.82194  0.00728499
0.179634  2.82223  0.00727767
0.179744  2.82253  0.00727038
0.179853  2.82282  0.00726313
0.179963  2.82311  0.00725592
0.180072  2.8234  0.00724874
0.180182  2.82368  0.0072416
0.180292  2.82397  0.00723449
0.180401  2.82425  0.00722742
0.180511  2.82454  0.00722038
0.180621  2.82482  0.00721338
0.18073  2.8251  0.00720641
0.18084  2.82538  0.00719947
0.180949  2.82566  0.00719257
0.181059  2.82594  0.0071857
0.181169  2.82621  0.00717886
0.181278  2.82649  0.00717206
0.181388  2.82676  0.00716529
0.181498  2.82703  0.00715855
0.181607  2.82731  0.00715185
0.181717  2.82758  0.00714517
0.181826  2.82784  0.00713853
0.181936  2.82811  0.00713192
0.182046  2.82838  0.00712534
0.182155  2.82864  0.0071188
0.182265  2.82891  0.00711228
0.182375  2.82917  0.00710579
0.182484  2.82943  0.00709934
0.182594  2.8297  0.00709291
0.182703  2.82996  0.00708652
0.182813  2.83021  0.00708015
0.182923  2.83047  0.00707382
0.183032  2.83073  0.00706751
0.183142  2.83098  0.00706123
0.183252  2.83124  0.00705498
0.183361  2.83149  0.00704876
0.183471  2.83174  0.00704257
0.18358  2.83199  0.00703641
0.18369  2.83224  0.00703028
0.1838  2.83249  0.00702417
0.183909  2.83274  0.00701809
0.184019  2.83299  0.00701204
0.184129  2.83323  0.00700602
0.184238  2.83348  0.00700002
0.184348  2.83372  0.00699406
0.184457  2.83397  0.00698811
0.184567  2.83421  0.0069822
0.184677  2.83445  0.00697631
0.184786  2.83469  0.00697045
0.184896  2.83493  0.00696462
0.185006  2.83517  0.00695881
0.185115  2.8354  0.00695302
0.185225  2.83564  0.00694727
0.185334  2.83587  0.00694153
0.185444  2.83611  0.00693583
0.185554  2.83634  0.00693015
0.185663  2.83657  0.00692449
0.185773  2.8368  0.00691886
0.185883  2.83703  0.00691325
0.185992  2.83726  0.00690767
0.186102  2.83749  0.00690211
0.186211  2.83772  0.00689658
0.186321  2.83794  0.00689107
0.186431  2.83817  0.00688558
0.18654  2.83839  0.00688012
0.18665  2.83862  0.00687469
0.18676  2.83884  0.00686927
0.186869  2.83906  0.00686388
0.186979  2.83928  0.00685851
0.187088  2.8395  0.00685317
0.187198  2.83972  0.00684785
0.187308  2.83994  0.00684255
0.187417  2.84016  0.00683727
0.187527  2.84038  0.00683202
0.187637  2.84059  0.00682679
0.187746  2.84081  0.00682158
0.187856  2.84102  0.00681639
0.187965  2.84124  0.00681123
0.188075  2.84145  0.00680608
0.188185  2.84166  0.00680096
0.188294  2.84187  0.00679586
0.188404  2.84208  0.00679078
0.188514  2.84229  0.00678573
0.188623  2.8425  0.00678069
0.188733  2.84271  0.00677568
0.188842  2.84291  0.00677068
0.188952  2.84312  0.00676571
0.189062  2.84332  0.00676076
0.189171  2.84353  0.00675582
0.189281  2.84373  0.00675091
0.189391  2.84393  0.00674602
0.1895  2.84414  0.00674115
0.18961  2.84434  0.0067363
0.189719  2.84454  0.00673147
0.189829  2.84474  0.00672665
0.189939  2.84494  0.00672186
0.190048  2.84514  0.00671709
0.190158  2.84533  0.00671234
0.190268  2.84553  0.0067076
0.190377  2.84573  0.00670289
0.190487  2.84592  0.00669819
0.190596  2.84612  0.00669352
0.190706  2.84631  0.00668886
0.190816  2.8465  0.00668422
0.190925  2.84669  0.0066796
0.191035  2.84689  0.006675
0.191145  2.84708  0.00667041
0.191254  2.84727  0.00666585
0.191364  2.84746  0.0066613
0.191473  2.84765  0.00665677
0.191583  2.84783  0.00665226
0.191693  2.84802  0.00664777
0.191802  2.84821  0.0066433
0.191912  2.84839  0.00663884
0.192022  2.84858  0.0066344
0.192131  2.84876  0.00662998
0.192241  2.84895  0.00662557
0.19235  2.84913  0.00662118
0.19246  2.84931  0.00661681
0.19257  2.8495  0.00661246
0.192679  2.84968  0.00660812
0.192789  2.84986  0.0066038
0.192899  2.85004  0.0065995
0.193008  2.85022  0.00659522
0.193118  2.8504  0.00659095
0.193227  2.85057  0.00658669
0.193337  2.85075  0.00658246
0.193447  2.85093  0.00657824
0.193556  2.8511  0.00657403
0.193666  2.85128  0.00656984
0.193776  2.85145  0.00656567
0.193885  2.85163  0.00656152
0.193995  2.8518  0.00655738
0.194104  2.85198  0.00655325
0.194214  2.85215  0.00654914
0.194324  2.85232  0.00654505
0.194433  2.85249  0.00654097
0.194543  2.85266  0.00653691
0.194653  2.85283  0.00653287
0.194762  2.853  0.00652883
0.194872  2.85317  0.00652482
0.194981  2.85334  0.00652082
0.195091  2.8535  0.00651683
0.195201  2.85367  0.00651286
0.19531  2.85384  0.0065089
0.19542  2.854  0.00650496
0.19553  2.85417  0.00650104
0.195639  2.85433  0.00649712
0.195749  2.8545  0.00649323
0.195858  2.85466  0.00648934
0.195968  2.85482  0.00648547
0.196078  2.85499  0.00648162
0.196187  2.85515  0.00647778
0.196297  2.85531  0.00647395
0.196407  2.85547  0.00647014
0.196516  2.85563  0.00646634
0.196626  2.85579  0.00646256
0.196735  2.85595  0.00645879
0.196845  2.85611  0.00645503
0.196955  2.85626  0.00645129
0.197064  2.85642  0.00644756
0.197174  2.85658  0.00644384
0.197284  2.85673  0.00644014
0.197393  2.85689  0.00643645
0.197503  2.85705  0.00643278
0.197612  2.8572  0.00642911
0.197722  2.85735  0.00642547
0.197832  2.85751  0.00642183
0.197941  2.85766  0.00641821
0.198051  2.85781  0.0064146
0.198161  2.85797  0.006411
0.19827  2.85812  0.00640742
0.19838  2.85827  0.00640384
0.198489  2.85842  0.00640029
0.198599  2.85857  0.00639674
0.198709  2.85872  0.00639321
0.198818  2.85887  0.00638969
0.198928  2.85902  0.00638618
0.199038  2.85916  0.00638268
0.199147  2.85931  0.0063792
0.199257  2.85946  0.00637573
0.199366  2.85961  0.00637227
0.199476  2.85975  0.00636882
0.199586  2.8599  0.00636539
0.199695  2.86004  0.00636196
0.199805  2.86019  0.00635855
0.199915  2.86033  0.00635515
0.200024  2.86047  0.00635176
0.200134  2.86062  0.00634839
0.200243  2.86076  0.00634503
0.200353  2.8609  0.00634167
0.200463  2.86105  0.00633833
0.200572  2.86119  0.006335
0.200682  2.86133  0.00633169
0.200792  2.86147  0.00632838
0.200901  2.86161  0.00632509
0.201011  2.86175  0.0063218
0.20112  2.86189  0.00631853
0.20123  2.86202  0.00631527
0.20134  2.86216  0.00631202
0.201449  2.8623  0.00630878
0.201559  2.86244  0.00630555
0.201669  2.86257  0.00630234
0.201778  2.86271  0.00629913
0.201888  2.86285  0.00629593
0.201997  2.86298  0.00629275
0.202107  2.86312  0.00628958
0.202217  2.86325  0.00628641
0.202326  2.86339  0.00628326
0.202436  2.86352  0.00628012
0.202546  2.86365  0.00627699
0.202655  2.86379  0.00627387
0.202765  2.86392  0.00627076
0.202874  2.86405  0.00626766
0.202984  2.86418  0.00626457
0.203094  2.86431  0.00626149
0.203203  2.86445  0.00625842
0.203313  2.86458  0.00625537
0.203423  2.86471  0.00625232
0.203532  2.86484  0.00624928
0.203642  2.86496  0.00624625
0.203751  2.86509  0.00624323
0.203861  2.86522  0.00624022
0.203971  2.86535  0.00623723
0.20408  2.86548  0.00623424
0.20419  2.8656  0.00623126
0.2043  2.86573  0.00622829
0.204409  2.86586  0.00622533
0.204519  2.86598  0.00622238
0.204628  2.86611  0.00621944
0.204738  2.86623  0.00621651
0.204848  2.86636  0.00621359
0.204957  2.86648  0.00621068
0.205067  2.86661  0.00620778
0.205177  2.86673  0.00620489
0.205286  2.86686  0.006202
0.205396  2.86698  0.00619913
0.205505  2.8671  0.00619626
0.205615  2.86722  0.00619341
0.205725  2.86734  0.00619056
0.205834  2.86747  0.00618773
0.205944  2.86759  0.0061849
0.206054  2.86771  0.00618208
0.206163  2.86783  0.00617927
0.206273  2.86795  0.00617647
0.206382  2.86807  0.00617368
0.206492  2.86819  0.00617089
0.206602  2.86831  0.00616812
0.206711  2.86842  0.00616536
0.206821  2.86854  0.0061626
0.206931  2.86866  0.00615985
0.20704  2.86878  0.00615711
0.20715  2.86889  0.00615438
0.207259  2.86901  0.00615166
0.207369  2.86913  0.00614895
0.207479  2.86924  0.00614624
0.207588  2.86936  0.00614354
0.207698  2.86948  0.00614086
0.207808  2.86959  0.00613818
0.207917  2.8697  0.00613551
0.208027  2.86982  0.00613284
0.208136  2.86993  0.00613019
0.208246  2.87005  0.00612754
0.208356  2.87016  0.00612491
0.208465  2.87027  0.00612228
0.208575  2.87039  0.00611965
0.208685  2.8705  0.00611704
0.208794  2.87061  0.00611444
0.208904  2.87072  0.00611184
0.209013  2.87083  0.00610925
0.209123  2.87094  0.00610667
0.209233  2.87105  0.00610409
0.209342  2.87116  0.00610153
0.209452  2.87127  0.00609897
0.209562  2.87138  0.00609642
0.209671  2.87149  0.00609388
0.209781  2.8716  0.00609134
0.20989  2.87171  0.00608882
0.21  2.87182  0.0060863
