279  -1.17445e-06  8.87852e-09
279.893  1.46625e-05  1.10624e-07
280.786  4.74036e-05  3.56928e-07
281.68  9.08504e-05  6.82682e-07
282.573  0.000142833  1.07111e-06
283.466  0.000202146  1.51279e-06
284.359  0.000267996  2.00143e-06
285.253  0.000339805  2.53242e-06
286.146  0.000417133  3.10217e-06
287.039  0.000499629  3.7078e-06
287.932  0.000587004  4.34691e-06
288.826  0.000679017  5.01745e-06
289.719  0.000775461  5.71766e-06
290.612  0.000876159  6.44599e-06
291.505  0.000980955  7.20105e-06
292.399  0.00108971  7.98161e-06
293.292  0.0012023  8.78655e-06
294.185  0.00131863  9.61485e-06
295.078  0.00143858  1.04656e-05
295.972  0.00156206  1.13378e-05
296.865  0.00168901  1.22308e-05
297.758  0.00181934  1.31438e-05
298.651  0.00195298  1.4076e-05
299.545  0.00208987  1.50269e-05
300.438  0.00222995  1.59958e-05
301.331  0.00237317  1.6982e-05
302.224  0.00251948  1.79851e-05
303.118  0.00266883  1.90045e-05
304.011  0.00282118  2.00396e-05
304.904  0.00297648  2.10901e-05
305.797  0.00313471  2.21553e-05
306.691  0.00329582  2.32349e-05
307.584  0.00345978  2.43285e-05
308.477  0.00362656  2.54355e-05
309.37  0.00379614  2.65556e-05
310.264  0.00396848  2.76884e-05
311.157  0.00414356  2.88336e-05
312.05  0.00432135  2.99906e-05
312.943  0.00450184  3.11592e-05
313.837  0.004685  3.2339e-05
314.73  0.00487082  3.35297e-05
315.623  0.00505927  3.47309e-05
316.516  0.00525033  3.59423e-05
317.41  0.005444  3.71636e-05
318.303  0.00564025  3.83944e-05
319.196  0.00583907  3.96344e-05
320.089  0.00604046  4.08834e-05
320.982  0.00624438  4.21409e-05
321.876  0.00645084  4.34068e-05
322.769  0.00665983  4.46807e-05
323.662  0.00687133  4.59624e-05
324.555  0.00708533  4.72514e-05
325.449  0.00730183  4.85477e-05
326.342  0.00752081  4.98508e-05
327.235  0.00774228  5.11605e-05
328.128  0.00796622  5.24764e-05
329.022  0.00819262  5.37985e-05
329.915  0.00842149  5.51263e-05
330.808  0.00865282  5.64596e-05
331.701  0.0088866  5.77981e-05
332.595  0.00912283  5.91415e-05
333.488  0.0093615  6.04897e-05
334.381  0.00960262  6.18422e-05
335.274  0.00984618  6.31989e-05
336.168  0.0100922  6.45595e-05
337.061  0.0103406  6.59237e-05
337.954  0.0105915  6.72912e-05
338.847  0.0108448  6.86619e-05
339.741  0.0111005  7.00353e-05
340.634  0.0113587  7.14113e-05
341.527  0.0116193  7.27897e-05
342.42  0.0118824  7.417e-05
343.314  0.0121479  7.55521e-05
344.207  0.0124158  7.69357e-05
345.1  0.0126861  7.83205e-05
345.993  0.012959  7.97062e-05
346.887  0.0132342  8.10927e-05
347.78  0.0135119  8.24796e-05
348.673  0.0137921  8.38666e-05
349.566  0.0140747  8.52535e-05
350.46  0.0143598  8.664e-05
351.353  0.0146473  8.80258e-05
352.246  0.0149374  8.94107e-05
353.139  0.0152298  9.07943e-05
354.033  0.0155248  9.21764e-05
354.926  0.0158223  9.35568e-05
355.819  0.0161222  9.4935e-05
356.712  0.0164247  9.63109e-05
357.606  0.0167296  9.76842e-05
358.499  0.0170371  9.90545e-05
359.392  0.0173471  0.000100422
360.285  0.0176596  0.000101785
361.178  0.0179746  0.000103145
362.072  0.0182922  0.0001045
362.965  0.0186123  0.000105852
363.858  0.018935  0.000107198
364.751  0.0192602  0.000108539
365.645  0.019588  0.000109875
366.538  0.0199184  0.000111206
367.431  0.0202514  0.00011253
368.324  0.020587  0.000113848
369.218  0.0209252  0.00011516
370.111  0.0212661  0.000116464
371.004  0.0216095  0.000117762
371.897  0.0219556  0.000119051
372.791  0.0223044  0.000120333
373.684  0.0226558  0.000121606
374.577  0.0230099  0.000122871
375.47  0.0233667  0.000124127
376.364  0.0237262  0.000125373
377.257  0.0240884  0.00012661
378.15  0.0244534  0.000127836
379.043  0.024821  0.000129052
379.937  0.0251915  0.000130258
380.83  0.0255646  0.000131452
381.723  0.0259406  0.000132635
382.616  0.0263194  0.000133805
383.51  0.0267009  0.000134964
384.403  0.0270853  0.00013611
385.296  0.0274725  0.000137242
386.189  0.0278626  0.000138361
387.083  0.0282555  0.000139467
387.976  0.0286513  0.000140558
388.869  0.02905  0.000141634
389.762  0.0294516  0.000142695
390.656  0.0298562  0.00014374
391.549  0.0302636  0.00014477
392.442  0.0306741  0.000145783
393.335  0.0310875  0.000146779
394.229  0.0315039  0.000147757
395.122  0.0319233  0.000148718
396.015  0.0323458  0.000149661
396.908  0.0327713  0.000150585
397.802  0.0331998  0.00015149
398.695  0.0336315  0.000152375
399.588  0.0340662  0.00015324
400.481  0.0345041  0.000154085
401.374  0.0349451  0.000154908
402.268  0.0353893  0.00015571
403.161  0.0358367  0.000156489
404.054  0.0362872  0.000157246
404.947  0.036741  0.00015798
405.841  0.037198  0.00015869
406.734  0.0376583  0.000159376
407.627  0.0381219  0.000160037
408.52  0.0385887  0.000160673
409.414  0.0390589  0.000161283
410.307  0.0395325  0.000161867
411.2  0.0400094  0.000162424
412.093  0.0404897  0.000162953
412.987  0.0409735  0.000163455
413.88  0.0414607  0.000163927
414.773  0.0419513  0.000164371
415.666  0.0424455  0.000164785
416.56  0.0429431  0.000165168
417.453  0.0434443  0.00016552
418.346  0.0439491  0.000165841
419.239  0.0444575  0.00016613
420.133  0.0449695  0.000166386
421.026  0.0454851  0.000166608
421.919  0.0460044  0.000166797
422.812  0.0465274  0.000166951
423.706  0.0470541  0.00016707
424.599  0.0475846  0.000167153
425.492  0.0481188  0.000167199
426.385  0.0486569  0.000167209
427.279  0.0491988  0.00016718
428.172  0.0497446  0.000167114
429.065  0.0502943  0.000167008
429.958  0.0508479  0.000166863
430.852  0.0514054  0.000166678
431.745  0.051967  0.000166452
432.638  0.0525326  0.000166184
433.531  0.0531022  0.000165875
434.425  0.0536759  0.000165523
435.318  0.0542537  0.000165128
436.211  0.0548357  0.000164689
437.104  0.0554219  0.000164206
437.997  0.0560123  0.000163679
438.891  0.0566069  0.000163106
439.784  0.0572058  0.000162488
440.677  0.0578091  0.000161823
441.57  0.0584167  0.000161112
442.464  0.0590287  0.000160354
443.357  0.0596451  0.000159548
444.25  0.060266  0.000158695
445.143  0.0608914  0.000157795
446.037  0.0615213  0.000156846
446.93  0.0621559  0.000155849
447.823  0.062795  0.000154804
448.716  0.0634388  0.000153711
449.61  0.0640873  0.00015257
450.503  0.0647406  0.000151381
451.396  0.0653986  0.000150145
452.289  0.0660615  0.000148862
453.183  0.0667292  0.000147532
454.076  0.0674018  0.000146158
454.969  0.0680794  0.000144739
455.862  0.068762  0.000143276
456.756  0.0694496  0.000141772
457.649  0.0701424  0.000140228
458.542  0.0708402  0.000138645
459.435  0.0715432  0.000137027
460.329  0.0722515  0.000135376
461.222  0.072965  0.000133695
462.115  0.0736839  0.000131987
463.008  0.0744081  0.000130257
463.902  0.0751378  0.000128509
464.795  0.0758729  0.000126749
465.688  0.0766135  0.000124982
466.581  0.0773597  0.000123216
467.475  0.0781116  0.000121458
468.368  0.0788691  0.000119716
469.261  0.0796324  0.000118001
470.154  0.0804014  0.000116323
471.048  0.0811763  0.000114694
471.941  0.0819571  0.000113127
472.834  0.0827438  0.000111637
473.727  0.0835366  0.000110239
474.621  0.0843354  0.000108952
475.514  0.0851404  0.000107793
476.407  0.0859516  0.000106783
477.3  0.086769  0.000105942
478.193  0.0875927  0.000105292
479.087  0.0884228  0.000104856
479.98  0.0892594  0.000104656
480.873  0.0901024  0.000104714
481.766  0.0909521  0.000105053
482.66  0.0918083  0.000105692
483.553  0.0926713  0.00010665
484.446  0.093541  0.000107944
485.339  0.0944176  0.000109588
486.233  0.0953011  0.000111593
487.126  0.0961916  0.000113968
488.019  0.0970891  0.000116719
488.912  0.0979938  0.000119848
489.806  0.0989056  0.000123357
490.699  0.0998248  0.000127246
491.592  0.100751  0.000131509
492.485  0.101685  0.000136145
493.379  0.102627  0.000141148
494.272  0.103576  0.000146511
495.165  0.104532  0.00015223
496.058  0.105497  0.000158299
496.952  0.106469  0.000164711
497.845  0.107449  0.000171461
498.738  0.108437  0.000178545
499.631  0.109434  0.000185958
500.525  0.110438  0.000193695
501.418  0.111451  0.000201754
502.311  0.112472  0.000210131
503.204  0.113502  0.000218825
504.098  0.11454  0.000227834
504.991  0.115587  0.000237158
505.884  0.116642  0.000246794
506.777  0.117706  0.000256745
507.671  0.11878  0.000267009
508.564  0.119862  0.000277589
509.457  0.120953  0.000288486
510.35  0.122054  0.000299701
511.244  0.123164  0.000311237
512.137  0.124284  0.000323096
513.03  0.125413  0.000335282
513.923  0.126551  0.000347798
514.817  0.1277  0.000360648
515.71  0.128858  0.000373835
516.603  0.130027  0.000387364
517.496  0.131205  0.000401239
518.389  0.132394  0.000415466
519.283  0.133593  0.000430049
520.176  0.134803  0.000444994
521.069  0.136023  0.000460306
521.962  0.137254  0.000475991
522.856  0.138496  0.000492056
523.749  0.139749  0.000508507
524.642  0.141013  0.00052535
525.535  0.142289  0.000542593
526.429  0.143575  0.000560241
527.322  0.144874  0.000578304
528.215  0.146184  0.000596788
529.108  0.147506  0.000615701
530.002  0.14884  0.000635051
530.895  0.150186  0.000654846
531.788  0.151544  0.000675095
532.681  0.152915  0.000695807
533.575  0.154298  0.000716991
534.468  0.155694  0.000738655
535.361  0.157103  0.00076081
536.254  0.158525  0.000783465
537.148  0.159961  0.00080663
538.041  0.161409  0.000830316
538.934  0.162872  0.000854532
539.827  0.164348  0.000879291
540.721  0.165838  0.000904602
541.614  0.167342  0.000930478
542.507  0.168861  0.00095693
543.4  0.170394  0.00098397
544.294  0.171941  0.00101161
545.187  0.173504  0.00103986
546.08  0.175082  0.00106874
546.973  0.176675  0.00109826
547.867  0.178283  0.00112843
548.76  0.179907  0.00115927
549.653  0.181547  0.00119079
550.546  0.183204  0.001223
551.44  0.184876  0.00125592
552.333  0.186565  0.00128957
553.226  0.188271  0.00132396
554.119  0.189994  0.00135911
555.013  0.191734  0.00139503
555.906  0.193492  0.00143174
556.799  0.195268  0.00146926
557.692  0.197061  0.00150761
558.585  0.198873  0.0015468
559.479  0.200703  0.00158686
560.372  0.202552  0.00162779
561.265  0.20442  0.00166963
562.158  0.206307  0.00171239
563.052  0.208214  0.00175609
563.945  0.21014  0.00180076
564.838  0.212087  0.00184641
565.731  0.214055  0.00189307
566.625  0.216043  0.00194075
567.518  0.218052  0.0019895
568.411  0.220082  0.00203932
569.304  0.222134  0.00209024
570.198  0.224208  0.00214229
571.091  0.226304  0.00219549
571.984  0.228423  0.00224987
572.877  0.230565  0.00230546
573.771  0.23273  0.00236228
574.664  0.234918  0.00242037
575.557  0.237131  0.00247975
576.45  0.239368  0.00254045
577.344  0.24163  0.0026025
578.237  0.243917  0.00266594
579.13  0.24623  0.0027308
580.023  0.248568  0.0027971
580.917  0.250933  0.00286489
581.81  0.253324  0.0029342
582.703  0.255743  0.00300507
583.596  0.258189  0.00307753
584.49  0.260663  0.00315162
585.383  0.263165  0.00322737
586.276  0.265696  0.00330484
587.169  0.268257  0.00338405
588.063  0.270847  0.00346506
588.956  0.273468  0.00354789
589.849  0.276119  0.00363261
590.742  0.278801  0.00371925
591.636  0.281515  0.00380786
592.529  0.284262  0.00389848
593.422  0.287041  0.00399118
594.315  0.289854  0.00408598
595.209  0.2927  0.00418296
596.102  0.29558  0.00428215
596.995  0.298496  0.00438362
597.888  0.301447  0.00448742
598.781  0.304434  0.0045936
599.675  0.307458  0.00470223
600.568  0.31052  0.00481336
601.461  0.313619  0.00492706
602.354  0.316757  0.00504339
603.248  0.319933  0.00516241
604.141  0.32315  0.00528419
605.034  0.326408  0.0054088
605.927  0.329706  0.00553631
606.821  0.333047  0.00566678
607.714  0.33643  0.0058003
608.607  0.339857  0.00593694
609.5  0.343327  0.00607677
610.394  0.346843  0.00621988
611.287  0.350404  0.00636634
612.18  0.354012  0.00651624
613.073  0.357666  0.00666966
613.967  0.361369  0.00682669
614.86  0.365121  0.00698743
615.753  0.368923  0.00715196
616.646  0.372775  0.00732037
617.54  0.376678  0.00749276
618.433  0.380634  0.00766924
619.326  0.384643  0.0078499
620.219  0.388707  0.00803484
621.113  0.392826  0.00822418
622.006  0.397  0.00841801
622.899  0.401232  0.00861646
623.792  0.405523  0.00881963
624.686  0.409872  0.00902763
625.579  0.414282  0.0092406
626.472  0.418752  0.00945864
627.365  0.423286  0.00968188
628.259  0.427882  0.00991046
629.152  0.432544  0.0101445
630.045  0.437271  0.0103841
630.938  0.442065  0.0106294
631.832  0.446927  0.0108806
632.725  0.451859  0.0111378
633.618  0.456861  0.0114012
634.511  0.461935  0.0116708
635.405  0.467082  0.0119469
636.298  0.472303  0.0122295
637.191  0.4776  0.0125189
638.084  0.482974  0.0128152
638.977  0.488426  0.0131185
639.871  0.493958  0.013429
640.764  0.499572  0.0137469
641.657  0.505268  0.0140723
642.55  0.511047  0.0144054
643.444  0.516912  0.0147464
644.337  0.522865  0.0150953
645.23  0.528905  0.0154525
646.123  0.535035  0.0158181
647.017  0.541257  0.0161922
647.91  0.547572  0.016575
648.803  0.553981  0.0169667
649.696  0.560487  0.0173674
650.59  0.56709  0.0177774
651.483  0.573793  0.0181968
652.376  0.580596  0.0186257
653.269  0.587502  0.0190644
654.163  0.594512  0.019513
655.056  0.601628  0.0199716
655.949  0.608852  0.0204405
656.842  0.616185  0.0209197
657.736  0.623628  0.0214095
658.629  0.631184  0.02191
659.522  0.638854  0.0224213
660.415  0.64664  0.0229436
661.309  0.654543  0.0234769
662.202  0.662566  0.0240215
663.095  0.670709  0.0245774
663.988  0.678974  0.0251447
664.882  0.687364  0.0257235
665.775  0.695878  0.0263139
666.668  0.70452  0.0269159
667.561  0.71329  0.0275297
668.455  0.722191  0.0281552
669.348  0.731223  0.0287924
670.241  0.740387  0.0294413
671.134  0.749686  0.030102
672.028  0.75912  0.0307743
672.921  0.768691  0.0314583
673.814  0.7784  0.0321538
674.707  0.788248  0.0328606
675.601  0.798236  0.0335788
676.494  0.808365  0.0343079
677.387  0.818636  0.035048
678.28  0.829049  0.0357987
679.173  0.839606  0.0365598
680.067  0.850306  0.0373309
680.96  0.86115  0.0381118
681.853  0.872139  0.038902
682.746  0.883272  0.0397011
683.64  0.894551  0.0405086
684.533  0.905973  0.0413241
685.426  0.91754  0.0421471
686.319  0.929251  0.0429768
687.213  0.941105  0.0438128
688.106  0.953101  0.0446542
688.999  0.965238  0.0455004
689.892  0.977516  0.0463507
690.786  0.989933  0.0472042
691.679  1.00249  0.04806
692.572  1.01518  0.0489173
693.465  1.028  0.049775
694.359  1.04096  0.0506323
695.252  1.05404  0.0514881
696.145  1.06725  0.0523414
697.038  1.08058  0.0531909
697.932  1.09404  0.0540357
698.825  1.10761  0.0548745
699.718  1.12129  0.0557061
700.611  1.13509  0.0565294
701.505  1.14899  0.0573431
702.398  1.16299  0.058146
703.291  1.17708  0.0589369
704.184  1.19127  0.0597144
705.078  1.20555  0.0604773
705.971  1.21991  0.0612244
706.864  1.23435  0.0619545
707.757  1.24885  0.0626662
708.651  1.26343  0.0633586
709.544  1.27806  0.0640303
710.437  1.29275  0.0646802
711.33  1.30748  0.0653073
712.224  1.32226  0.0659105
713.117  1.33707  0.0664889
714.01  1.35191  0.0670414
714.903  1.36677  0.0675673
715.796  1.38165  0.0680658
716.69  1.39654  0.068536
717.583  1.41143  0.0689774
718.476  1.42632  0.0693893
719.369  1.44119  0.0697712
720.263  1.45605  0.0701228
721.156  1.47088  0.0704437
722.049  1.48569  0.0707336
722.942  1.50045  0.0709924
723.836  1.51518  0.0712199
724.729  1.52985  0.0714162
725.622  1.54447  0.0715814
726.515  1.55903  0.0717155
727.409  1.57351  0.0718189
728.302  1.58793  0.0718918
729.195  1.60227  0.0719347
730.088  1.61653  0.0719479
730.982  1.63069  0.071932
731.875  1.64477  0.0718875
732.768  1.65874  0.0718152
733.661  1.67262  0.0717156
734.555  1.68638  0.0715895
735.448  1.70004  0.0714378
736.341  1.71358  0.0712611
737.234  1.727  0.0710603
738.128  1.74031  0.0708363
739.021  1.75348  0.0705901
739.914  1.76654  0.0703225
740.807  1.77946  0.0700344
741.701  1.79225  0.0697268
742.594  1.8049  0.0694006
743.487  1.81742  0.0690568
744.38  1.82981  0.0686963
745.274  1.84205  0.0683201
746.167  1.85415  0.0679291
747.06  1.86611  0.0675243
747.953  1.87793  0.0671065
748.847  1.88961  0.0666766
749.74  1.90114  0.0662355
750.633  1.91252  0.0657842
751.526  1.92377  0.0653233
752.42  1.93487  0.0648538
753.313  1.94582  0.0643764
754.206  1.95663  0.0638918
755.099  1.96729  0.0634009
755.992  1.97782  0.0629044
756.886  1.9882  0.0624028
757.779  1.99843  0.061897
758.672  2.00853  0.0613874
759.565  2.01848  0.0608748
760.459  2.0283  0.0603597
761.352  2.03797  0.0598426
762.245  2.04751  0.059324
763.138  2.05692  0.0588046
764.032  2.06618  0.0582846
764.925  2.07532  0.0577647
765.818  2.08432  0.0572451
766.711  2.09319  0.0567263
767.605  2.10193  0.0562087
768.498  2.11054  0.0556926
769.391  2.11903  0.0551783
770.284  2.12739  0.0546661
771.178  2.13563  0.0541564
772.071  2.14375  0.0536494
772.964  2.15174  0.0531452
773.857  2.15962  0.0526443
774.751  2.16738  0.0521467
775.644  2.17503  0.0516526
776.537  2.18256  0.0511623
777.43  2.18998  0.0506759
778.324  2.19729  0.0501935
779.217  2.20449  0.0497153
780.11  2.21158  0.0492414
781.003  2.21857  0.0487719
781.897  2.22546  0.0483069
782.79  2.23224  0.0478465
783.683  2.23893  0.0473908
784.576  2.24551  0.0469398
785.47  2.252  0.0464935
786.363  2.25839  0.0460521
787.256  2.26469  0.0456156
788.149  2.27089  0.0451839
789.043  2.27701  0.0447572
789.936  2.28303  0.0443354
790.829  2.28897  0.0439186
791.722  2.29482  0.0435067
792.616  2.30058  0.0430998
793.509  2.30627  0.0426978
794.402  2.31187  0.0423008
795.295  2.31739  0.0419087
796.188  2.32283  0.0415216
797.082  2.32819  0.0411393
797.975  2.33347  0.0407618
798.868  2.33868  0.0403893
799.761  2.34382  0.0400215
800.655  2.34889  0.0396585
801.548  2.35388  0.0393002
802.441  2.3588  0.0389466
803.334  2.36365  0.0385977
804.228  2.36844  0.0382534
805.121  2.37316  0.0379137
806.014  2.37781  0.0375785
806.907  2.3824  0.0372478
807.801  2.38693  0.0369215
808.694  2.3914  0.0365996
809.587  2.3958  0.036282
810.48  2.40014  0.0359687
811.374  2.40443  0.0356597
812.267  2.40866  0.0353548
813.16  2.41283  0.0350541
814.053  2.41694  0.0347574
814.947  2.421  0.0344648
815.84  2.42501  0.0341761
816.733  2.42896  0.0338914
817.626  2.43287  0.0336106
818.52  2.43672  0.0333335
819.413  2.44052  0.0330602
820.306  2.44427  0.0327906
821.199  2.44797  0.0325247
822.093  2.45162  0.0322624
822.986  2.45523  0.0320037
823.879  2.45879  0.0317484
824.772  2.46231  0.0314966
825.666  2.46578  0.0312483
826.559  2.46921  0.0310032
827.452  2.47259  0.0307615
828.345  2.47593  0.030523
829.239  2.47924  0.0302877
830.132  2.4825  0.0300556
831.025  2.48571  0.0298266
831.918  2.4889  0.0296007
832.812  2.49204  0.0293777
833.705  2.49514  0.0291578
834.598  2.4982  0.0289407
835.491  2.50123  0.0287266
836.384  2.50422  0.0285152
837.278  2.50718  0.0283067
838.171  2.5101  0.0281009
839.064  2.51299  0.0278978
839.957  2.51584  0.0276974
840.851  2.51866  0.0274996
841.744  2.52144  0.0273044
842.637  2.5242  0.0271117
843.53  2.52692  0.0269215
844.424  2.52961  0.0267338
845.317  2.53226  0.0265485
846.21  2.53489  0.0263655
847.103  2.53749  0.026185
847.997  2.54006  0.0260067
848.89  2.5426  0.0258307
849.783  2.54511  0.0256569
850.676  2.54759  0.0254854
851.57  2.55005  0.025316
852.463  2.55247  0.0251488
853.356  2.55487  0.0249836
854.249  2.55725  0.0248205
855.143  2.5596  0.0246595
856.036  2.56192  0.0245004
856.929  2.56422  0.0243433
857.822  2.56649  0.0241882
858.716  2.56874  0.024035
859.609  2.57096  0.0238836
860.502  2.57316  0.0237342
861.395  2.57534  0.0235865
862.289  2.57749  0.0234406
863.182  2.57962  0.0232965
864.075  2.58173  0.0231541
864.968  2.58382  0.0230135
865.862  2.58588  0.0228745
866.755  2.58792  0.0227372
867.648  2.58995  0.0226016
868.541  2.59195  0.0224675
869.435  2.59393  0.022335
870.328  2.59589  0.0222041
871.221  2.59783  0.0220748
872.114  2.59975  0.0219469
873.008  2.60165  0.0218205
873.901  2.60353  0.0216956
874.794  2.6054  0.0215722
875.687  2.60724  0.0214502
876.58  2.60907  0.0213295
877.474  2.61088  0.0212103
878.367  2.61267  0.0210924
879.26  2.61444  0.0209759
880.153  2.6162  0.0208607
881.047  2.61794  0.0207468
881.94  2.61966  0.0206341
882.833  2.62137  0.0205228
883.726  2.62306  0.0204127
884.62  2.62473  0.0203038
885.513  2.62639  0.0201961
886.406  2.62803  0.0200896
887.299  2.62965  0.0199843
888.193  2.63126  0.0198801
889.086  2.63286  0.0197771
889.979  2.63444  0.0196752
890.872  2.63601  0.0195744
891.766  2.63756  0.0194747
892.659  2.63909  0.019376
893.552  2.64062  0.0192785
894.445  2.64213  0.019182
895.339  2.64362  0.0190865
896.232  2.6451  0.018992
897.125  2.64657  0.0188985
898.018  2.64803  0.018806
898.912  2.64947  0.0187145
899.805  2.6509  0.0186239
900.698  2.65232  0.0185343
901.591  2.65372  0.0184456
902.485  2.65511  0.0183579
903.378  2.65649  0.018271
904.271  2.65786  0.0181851
905.164  2.65921  0.0181
906.058  2.66056  0.0180158
906.951  2.66189  0.0179324
907.844  2.66321  0.0178499
908.737  2.66452  0.0177683
909.631  2.66581  0.0176874
910.524  2.6671  0.0176074
911.417  2.66838  0.0175281
912.31  2.66964  0.0174497
913.204  2.6709  0.017372
914.097  2.67214  0.0172951
914.99  2.67337  0.017219
915.883  2.6746  0.0171436
916.776  2.67581  0.0170689
917.67  2.67701  0.016995
918.563  2.6782  0.0169218
919.456  2.67939  0.0168493
920.349  2.68056  0.0167775
921.243  2.68172  0.0167064
922.136  2.68288  0.016636
923.029  2.68402  0.0165663
923.922  2.68516  0.0164972
924.816  2.68628  0.0164288
925.709  2.6874  0.016361
926.602  2.68851  0.0162938
927.495  2.68961  0.0162273
928.389  2.6907  0.0161614
929.282  2.69178  0.0160962
930.175  2.69285  0.0160315
931.068  2.69392  0.0159674
931.962  2.69498  0.015904
932.855  2.69602  0.0158411
933.748  2.69706  0.0157787
934.641  2.6981  0.015717
935.535  2.69912  0.0156558
936.428  2.70014  0.0155952
937.321  2.70115  0.0155351
938.214  2.70215  0.0154756
939.108  2.70314  0.0154166
940.001  2.70413  0.0153581
940.894  2.7051  0.0153002
941.787  2.70607  0.0152427
942.681  2.70704  0.0151858
943.574  2.70799  0.0151294
944.467  2.70894  0.0150734
945.36  2.70988  0.015018
946.254  2.71082  0.0149631
947.147  2.71175  0.0149086
948.04  2.71267  0.0148546
948.933  2.71358  0.0148011
949.827  2.71449  0.014748
950.72  2.71539  0.0146954
951.613  2.71629  0.0146432
952.506  2.71717  0.0145915
953.399  2.71806  0.0145403
954.293  2.71893  0.0144894
955.186  2.7198  0.014439
956.079  2.72066  0.014389
956.972  2.72152  0.0143395
957.866  2.72237  0.0142903
958.759  2.72321  0.0142416
959.652  2.72405  0.0141933
960.545  2.72489  0.0141453
961.439  2.72571  0.0140978
962.332  2.72653  0.0140507
963.225  2.72735  0.0140039
964.118  2.72816  0.0139576
965.012  2.72896  0.0139116
965.905  2.72976  0.013866
966.798  2.73055  0.0138207
967.691  2.73134  0.0137758
968.585  2.73212  0.0137313
969.478  2.7329  0.0136872
970.371  2.73367  0.0136434
971.264  2.73444  0.0135999
972.158  2.7352  0.0135568
973.051  2.73595  0.0135141
973.944  2.7367  0.0134716
974.837  2.73745  0.0134295
975.731  2.73819  0.0133878
976.624  2.73892  0.0133464
977.517  2.73965  0.0133052
978.41  2.74038  0.0132645
979.304  2.7411  0.013224
980.197  2.74182  0.0131838
981.09  2.74253  0.013144
981.983  2.74324  0.0131045
982.877  2.74394  0.0130652
983.77  2.74464  0.0130263
984.663  2.74533  0.0129877
985.556  2.74602  0.0129493
986.45  2.7467  0.0129113
987.343  2.74738  0.0128735
988.236  2.74806  0.012836
989.129  2.74873  0.0127988
990.023  2.74939  0.0127619
990.916  2.75006  0.0127253
991.809  2.75072  0.0126889
992.702  2.75137  0.0126528
993.595  2.75202  0.012617
994.489  2.75267  0.0125814
995.382  2.75331  0.0125461
996.275  2.75395  0.0125111
997.168  2.75458  0.0124763
998.062  2.75521  0.0124418
998.955  2.75584  0.0124075
999.848  2.75646  0.0123734
1000.74  2.75708  0.0123397
1001.63  2.75769  0.0123061
1002.53  2.7583  0.0122728
1003.42  2.75891  0.0122398
1004.31  2.75951  0.0122069
1005.21  2.76011  0.0121743
1006.1  2.76071  0.012142
1006.99  2.7613  0.0121098
1007.89  2.76189  0.0120779
1008.78  2.76247  0.0120463
1009.67  2.76305  0.0120148
1010.57  2.76363  0.0119836
1011.46  2.76421  0.0119526
1012.35  2.76478  0.0119218
1013.25  2.76535  0.0118912
1014.14  2.76591  0.0118608
1015.03  2.76647  0.0118306
1015.93  2.76703  0.0118007
1016.82  2.76758  0.0117709
1017.71  2.76814  0.0117414
1018.61  2.76868  0.0117121
1019.5  2.76923  0.0116829
1020.39  2.76977  0.011654
1021.29  2.77031  0.0116252
1022.18  2.77084  0.0115967
1023.07  2.77138  0.0115683
1023.97  2.77191  0.0115401
1024.86  2.77243  0.0115122
1025.75  2.77296  0.0114844
1026.65  2.77348  0.0114568
1027.54  2.77399  0.0114293
1028.43  2.77451  0.0114021
1029.33  2.77502  0.011375
1030.22  2.77553  0.0113481
1031.11  2.77603  0.0113214
1032.01  2.77654  0.0112949
1032.9  2.77704  0.0112686
1033.79  2.77753  0.0112424
1034.68  2.77803  0.0112164
1035.58  2.77852  0.0111905
1036.47  2.77901  0.0111648
1037.36  2.77949  0.0111393
1038.26  2.77998  0.011114
1039.15  2.78046  0.0110888
1040.04  2.78094  0.0110638
1040.94  2.78141  0.0110389
1041.83  2.78188  0.0110142
1042.72  2.78235  0.0109896
1043.62  2.78282  0.0109653
1044.51  2.78329  0.010941
1045.4  2.78375  0.0109169
1046.3  2.78421  0.010893
1047.19  2.78467  0.0108692
1048.08  2.78512  0.0108456
1048.98  2.78558  0.0108221
1049.87  2.78603  0.0107988
1050.76  2.78647  0.0107756
1051.66  2.78692  0.0107525
1052.55  2.78736  0.0107296
1053.44  2.7878  0.0107068
1054.34  2.78824  0.0106842
1055.23  2.78868  0.0106617
1056.12  2.78911  0.0106394
1057.02  2.78954  0.0106172
1057.91  2.78997  0.0105951
1058.8  2.7904  0.0105731
1059.7  2.79083  0.0105513
1060.59  2.79125  0.0105296
1061.48  2.79167  0.0105081
1062.38  2.79209  0.0104867
1063.27  2.7925  0.0104654
1064.16  2.79292  0.0104442
1065.06  2.79333  0.0104232
1065.95  2.79374  0.0104023
1066.84  2.79415  0.0103815
1067.73  2.79455  0.0103608
1068.63  2.79495  0.0103403
1069.52  2.79536  0.0103199
1070.41  2.79576  0.0102996
1071.31  2.79615  0.0102794
1072.2  2.79655  0.0102593
1073.09  2.79694  0.0102394
1073.99  2.79733  0.0102195
1074.88  2.79772  0.0101998
1075.77  2.79811  0.0101802
1076.67  2.79849  0.0101607
1077.56  2.79888  0.0101414
1078.45  2.79926  0.0101221
1079.35  2.79964  0.0101029
1080.24  2.80002  0.0100839
1081.13  2.80039  0.010065
1082.03  2.80077  0.0100461
1082.92  2.80114  0.0100274
1083.81  2.80151  0.0100088
1084.71  2.80188  0.00999031
1085.6  2.80225  0.0099719
1086.49  2.80261  0.0099536
1087.39  2.80297  0.00993541
1088.28  2.80334  0.00991731
1089.17  2.8037  0.00989932
1090.07  2.80405  0.00988143
1090.96  2.80441  0.00986364
1091.85  2.80476  0.00984594
1092.75  2.80512  0.00982835
1093.64  2.80547  0.00981085
1094.53  2.80582  0.00979345
1095.43  2.80617  0.00977614
1096.32  2.80651  0.00975893
1097.21  2.80686  0.00974181
1098.11  2.8072  0.00972479
1099  2.80754  0.00970786
1099.89  2.80788  0.00969102
1100.78  2.80822  0.00967427
1101.68  2.80855  0.00965762
1102.57  2.80889  0.00964105
1103.46  2.80922  0.00962458
1104.36  2.80955  0.00960819
1105.25  2.80988  0.00959189
1106.14  2.81021  0.00957568
1107.04  2.81054  0.00955955
1107.93  2.81087  0.00954351
1108.82  2.81119  0.00952756
1109.72  2.81151  0.00951169
1110.61  2.81183  0.0094959
1111.5  2.81215  0.0094802
1112.4  2.81247  0.00946458
1113.29  2.81279  0.00944905
1114.18  2.8131  0.00943359
1115.08  2.81342  0.00941822
1115.97  2.81373  0.00940292
1116.86  2.81404  0.00938771
1117.76  2.81435  0.00937257
1118.65  2.81466  0.00935752
1119.54  2.81496  0.00934254
1120.44  2.81527  0.00932764
1121.33  2.81557  0.00931282
1122.22  2.81588  0.00929807
1123.12  2.81618  0.0092834
1124.01  2.81648  0.0092688
1124.9  2.81678  0.00925428
1125.8  2.81707  0.00923983
1126.69  2.81737  0.00922546
1127.58  2.81766  0.00921116
1128.48  2.81796  0.00919693
1129.37  2.81825  0.00918277
1130.26  2.81854  0.00916869
1131.16  2.81883  0.00915467
1132.05  2.81912  0.00914073
1132.94  2.8194  0.00912686
1133.83  2.81969  0.00911305
1134.73  2.81997  0.00909932
1135.62  2.82026  0.00908565
1136.51  2.82054  0.00907206
1137.41  2.82082  0.00905853
1138.3  2.8211  0.00904506
1139.19  2.82138  0.00903167
1140.09  2.82165  0.00901834
1140.98  2.82193  0.00900507
1141.87  2.8222  0.00899187
1142.77  2.82248  0.00897874
1143.66  2.82275  0.00896567
1144.55  2.82302  0.00895266
1145.45  2.82329  0.00893972
1146.34  2.82356  0.00892684
1147.23  2.82383  0.00891402
1148.13  2.82409  0.00890126
1149.02  2.82436  0.00888857
1149.91  2.82462  0.00887594
1150.81  2.82489  0.00886336
1151.7  2.82515  0.00885085
1152.59  2.82541  0.0088384
1153.49  2.82567  0.00882601
1154.38  2.82593  0.00881368
1155.27  2.82619  0.0088014
1156.17  2.82644  0.00878919
1157.06  2.8267  0.00877703
1157.95  2.82695  0.00876493
1158.85  2.82721  0.00875289
1159.74  2.82746  0.00874091
1160.63  2.82771  0.00872898
1161.53  2.82796  0.0087171
1162.42  2.82821  0.00870529
1163.31  2.82846  0.00869353
1164.21  2.82871  0.00868182
1165.1  2.82895  0.00867017
1165.99  2.8292  0.00865857
1166.88  2.82944  0.00864703
1167.78  2.82968  0.00863553
1168.67  2.82993  0.0086241
1169.56  2.83017  0.00861271
1170.46  2.83041  0.00860138
1171.35  2.83065  0.0085901
1172.24  2.83089  0.00857887
1173.14  2.83112  0.0085677
1174.03  2.83136  0.00855657
1174.92  2.83159  0.0085455
1175.82  2.83183  0.00853448
1176.71  2.83206  0.0085235
1177.6  2.8323  0.00851258
1178.5  2.83253  0.0085017
1179.39  2.83276  0.00849088
1180.28  2.83299  0.0084801
1181.18  2.83322  0.00846937
1182.07  2.83344  0.0084587
1182.96  2.83367  0.00844806
1183.86  2.8339  0.00843748
1184.75  2.83412  0.00842694
1185.64  2.83435  0.00841645
1186.54  2.83457  0.00840601
1187.43  2.83479  0.00839562
1188.32  2.83502  0.00838527
1189.22  2.83524  0.00837496
1190.11  2.83546  0.0083647
1191  2.83568  0.00835449
1191.9  2.83589  0.00834432
1192.79  2.83611  0.0083342
1193.68  2.83633  0.00832412
1194.58  2.83654  0.00831408
1195.47  2.83676  0.00830409
1196.36  2.83697  0.00829415
1197.26  2.83719  0.00828424
1198.15  2.8374  0.00827438
1199.04  2.83761  0.00826456
1199.93  2.83782  0.00825479
1200.83  2.83803  0.00824505
1201.72  2.83824  0.00823536
1202.61  2.83845  0.00822571
1203.51  2.83866  0.0082161
1204.4  2.83886  0.00820654
1205.29  2.83907  0.00819701
1206.19  2.83928  0.00818753
1207.08  2.83948  0.00817808
1207.97  2.83968  0.00816868
1208.87  2.83989  0.00815931
1209.76  2.84009  0.00814999
1210.65  2.84029  0.00814071
1211.55  2.84049  0.00813146
1212.44  2.84069  0.00812225
1213.33  2.84089  0.00811309
1214.23  2.84109  0.00810396
1215.12  2.84129  0.00809487
1216.01  2.84148  0.00808581
1216.91  2.84168  0.0080768
1217.8  2.84188  0.00806782
1218.69  2.84207  0.00805888
1219.59  2.84226  0.00804998
1220.48  2.84246  0.00804112
1221.37  2.84265  0.00803229
1222.27  2.84284  0.0080235
1223.16  2.84303  0.00801474
1224.05  2.84322  0.00800602
1224.95  2.84341  0.00799734
1225.84  2.8436  0.00798869
1226.73  2.84379  0.00798008
1227.63  2.84398  0.0079715
1228.52  2.84417  0.00796296
1229.41  2.84435  0.00795446
1230.31  2.84454  0.00794598
1231.2  2.84472  0.00793755
1232.09  2.84491  0.00792914
1232.98  2.84509  0.00792078
1233.88  2.84528  0.00791244
1234.77  2.84546  0.00790414
1235.66  2.84564  0.00789587
1236.56  2.84582  0.00788764
1237.45  2.846  0.00787944
1238.34  2.84618  0.00787127
1239.24  2.84636  0.00786313
1240.13  2.84654  0.00785503
1241.02  2.84672  0.00784696
1241.92  2.84689  0.00783892
1242.81  2.84707  0.00783091
1243.7  2.84725  0.00782294
1244.6  2.84742  0.007815
1245.49  2.8476  0.00780709
1246.38  2.84777  0.00779921
1247.28  2.84794  0.00779136
1248.17  2.84812  0.00778354
1249.06  2.84829  0.00777575
1249.96  2.84846  0.007768
1250.85  2.84863  0.00776027
1251.74  2.8488  0.00775257
1252.64  2.84897  0.00774491
1253.53  2.84914  0.00773727
1254.42  2.84931  0.00772967
1255.32  2.84948  0.00772209
1256.21  2.84965  0.00771454
1257.1  2.84981  0.00770703
1258  2.84998  0.00769954
1258.89  2.85015  0.00769208
1259.78  2.85031  0.00768465
1260.68  2.85048  0.00767725
1261.57  2.85064  0.00766987
1262.46  2.8508  0.00766253
1263.36  2.85097  0.00765521
1264.25  2.85113  0.00764792
1265.14  2.85129  0.00764066
1266.04  2.85145  0.00763343
1266.93  2.85161  0.00762622
1267.82  2.85177  0.00761904
1268.71  2.85193  0.00761189
1269.61  2.85209  0.00760477
1270.5  2.85225  0.00759767
1271.39  2.85241  0.0075906
1272.29  2.85257  0.00758356
1273.18  2.85272  0.00757654
1274.07  2.85288  0.00756955
1274.97  2.85304  0.00756259
1275.86  2.85319  0.00755565
1276.75  2.85335  0.00754874
1277.65  2.8535  0.00754185
1278.54  2.85365  0.00753499
1279.43  2.85381  0.00752816
1280.33  2.85396  0.00752135
1281.22  2.85411  0.00751456
1282.11  2.85427  0.0075078
1283.01  2.85442  0.00750107
1283.9  2.85457  0.00749436
1284.79  2.85472  0.00748768
1285.69  2.85487  0.00748102
1286.58  2.85502  0.00747438
1287.47  2.85517  0.00746777
1288.37  2.85531  0.00746119
1289.26  2.85546  0.00745462
1290.15  2.85561  0.00744809
1291.05  2.85576  0.00744157
1291.94  2.8559  0.00743508
1292.83  2.85605  0.00742861
1293.73  2.85619  0.00742217
1294.62  2.85634  0.00741575
1295.51  2.85648  0.00740935
1296.41  2.85663  0.00740298
1297.3  2.85677  0.00739663
1298.19  2.85691  0.0073903
1299.09  2.85706  0.007384
1299.98  2.8572  0.00737771
1300.87  2.85734  0.00737146
1301.76  2.85748  0.00736522
1302.66  2.85762  0.007359
1303.55  2.85776  0.00735281
1304.44  2.8579  0.00734664
1305.34  2.85804  0.00734049
1306.23  2.85818  0.00733437
1307.12  2.85832  0.00732826
1308.02  2.85846  0.00732218
1308.91  2.8586  0.00731612
1309.8  2.85873  0.00731008
1310.7  2.85887  0.00730406
1311.59  2.85901  0.00729806
1312.48  2.85914  0.00729208
1313.38  2.85928  0.00728613
1314.27  2.85941  0.00728019
1315.16  2.85955  0.00727428
1316.06  2.85968  0.00726839
1316.95  2.85982  0.00726252
1317.84  2.85995  0.00725666
1318.74  2.86008  0.00725083
1319.63  2.86022  0.00724502
1320.52  2.86035  0.00723923
1321.42  2.86048  0.00723346
1322.31  2.86061  0.00722771
1323.2  2.86074  0.00722198
1324.1  2.86087  0.00721627
1324.99  2.861  0.00721058
1325.88  2.86113  0.00720491
1326.78  2.86126  0.00719925
1327.67  2.86139  0.00719362
1328.56  2.86152  0.00718801
1329.46  2.86165  0.00718241
1330.35  2.86177  0.00717684
1331.24  2.8619  0.00717128
1332.14  2.86203  0.00716575
1333.03  2.86215  0.00716023
1333.92  2.86228  0.00715473
1334.81  2.86241  0.00714925
1335.71  2.86253  0.00714379
1336.6  2.86266  0.00713834
1337.49  2.86278  0.00713292
1338.39  2.86291  0.00712751
1339.28  2.86303  0.00712212
1340.17  2.86315  0.00711675
1341.07  2.86328  0.0071114
1341.96  2.8634  0.00710607
1342.85  2.86352  0.00710075
1343.75  2.86364  0.00709545
1344.64  2.86376  0.00709017
1345.53  2.86389  0.00708491
1346.43  2.86401  0.00707966
1347.32  2.86413  0.00707443
1348.21  2.86425  0.00706922
1349.11  2.86437  0.00706403
1350  2.86449  0.00705885
