0.077  -0.000925908  1.74489e-05
0.0771276  -0.000815759  1.5375e-05
0.0772552  -0.00071018  1.33868e-05
0.0773828  -0.000609422  1.1489e-05
0.0775104  -0.000513771  9.68702e-06
0.077638  -0.000423569  7.9873e-06
0.0777656  -0.00033922  6.39753e-06
0.0778932  -0.000261222  4.92717e-06
0.0780209  -0.00019021  3.5882e-06
0.0781485  -0.000127029  2.39665e-06
0.0782761  -7.29004e-05  1.37558e-06
0.0784037  -2.98251e-05  5.62852e-07
0.0785313  -2.35237e-06  4.43992e-08
0.0786589  1.50468e-05  2.84034e-07
0.0787865  5.22352e-05  9.86159e-07
0.0789141  0.00010226  1.93084e-06
0.0790417  0.00016249  3.0685e-06
0.0791693  0.000231501  4.3723e-06
0.0792969  0.000308365  5.82479e-06
0.0794245  0.000392417  7.41346e-06
0.0795521  0.000483151  9.12883e-06
0.0796797  0.00058017  1.09634e-05
0.0798073  0.000683149  1.29112e-05
0.0799349  0.000791817  1.4967e-05
0.0800626  0.000905945  1.71266e-05
0.0801902  0.00102534  1.93863e-05
0.0803178  0.00114982  2.1743e-05
0.0804454  0.00127925  2.41938e-05
0.080573  0.00141349  2.67364e-05
0.0807006  0.00155243  2.93685e-05
0.0808282  0.00169595  3.20881e-05
0.0809558  0.00184397  3.48936e-05
0.0810834  0.0019964  3.77833e-05
0.081211  0.00215315  4.07559e-05
0.0813386  0.00231417  4.381e-05
0.0814662  0.00247939  4.69445e-05
0.0815938  0.00264874  5.01582e-05
0.0817214  0.00282218  5.34503e-05
0.081849  0.00299965  5.68198e-05
0.0819766  0.00318111  6.02659e-05
0.0821043  0.00336652  6.37879e-05
0.0822319  0.00355584  6.73851e-05
0.0823595  0.00374903  7.10568e-05
0.0824871  0.00394607  7.48025e-05
0.0826147  0.00414692  7.86217e-05
0.0827423  0.00435156  8.25139e-05
0.0828699  0.00455995  8.64786e-05
0.0829975  0.00477209  9.05155e-05
0.0831251  0.00498793  9.46243e-05
0.0832527  0.00520748  9.88045e-05
0.0833803  0.00543071  0.000103056
0.0835079  0.0056576  0.000107378
0.0836355  0.00588814  0.000111771
0.0837631  0.00612231  0.000116235
0.0838907  0.00636011  0.000120769
0.0840183  0.00660152  0.000125373
0.084146  0.00684654  0.000130048
0.0842736  0.00709516  0.000134792
0.0844012  0.00734736  0.000139606
0.0845288  0.00760315  0.00014449
0.0846564  0.00786252  0.000149443
0.084784  0.00812546  0.000154467
0.0849116  0.00839198  0.00015956
0.0850392  0.00866207  0.000164723
0.0851668  0.00893572  0.000169956
0.0852944  0.00921295  0.000175259
0.085422  0.00949374  0.000180631
0.0855496  0.00977811  0.000186074
0.0856772  0.010066  0.000191587
0.0858048  0.0103576  0.00019717
0.0859324  0.0106526  0.000202823
0.0860601  0.0109513  0.000208546
0.0861877  0.0112536  0.000214341
0.0863153  0.0115594  0.000220206
0.0864429  0.0118689  0.000226142
0.0865705  0.0121819  0.000232149
0.0866981  0.0124986  0.000238228
0.0868257  0.0128189  0.000244378
0.0869533  0.0131428  0.0002506
0.0870809  0.0134704  0.000256894
0.0872085  0.0138016  0.00026326
0.0873361  0.0141365  0.000269699
0.0874637  0.014475  0.000276211
0.0875913  0.0148172  0.000282796
0.0877189  0.0151631  0.000289455
0.0878465  0.0155128  0.000296187
0.0879741  0.0158661  0.000302994
0.0881018  0.0162232  0.000309874
0.0882294  0.016584  0.00031683
0.088357  0.0169486  0.000323861
0.0884846  0.0173169  0.000330967
0.0886122  0.0176891  0.00033815
0.0887398  0.018065  0.000345408
0.0888674  0.0184448  0.000352744
0.088995  0.0188284  0.000360156
0.0891226  0.0192159  0.000367646
0.0892502  0.0196073  0.000375214
0.0893778  0.0200025  0.000382861
0.0895054  0.0204017  0.000390587
0.089633  0.0208048  0.000398392
0.0897606  0.0212119  0.000406277
0.0898882  0.0216229  0.000414242
0.0900158  0.0220379  0.000422288
0.0901435  0.022457  0.000430416
0.0902711  0.0228801  0.000438626
0.0903987  0.0233072  0.000446918
0.0905263  0.0237385  0.000455294
0.0906539  0.0241738  0.000463753
0.0907815  0.0246133  0.000472297
0.0909091  0.025057  0.000480925
0.0910367  0.0255048  0.000489639
0.0911643  0.0259569  0.000498439
0.0912919  0.0264132  0.000507325
0.0914195  0.0268737  0.0005163
0.0915471  0.0273386  0.000525362
0.0916747  0.0278077  0.000534513
0.0918023  0.0282812  0.000543753
0.0919299  0.0287591  0.000553084
0.0920575  0.0292414  0.000562505
0.0921852  0.0297281  0.000572018
0.0923128  0.0302193  0.000581624
0.0924404  0.030715  0.000591322
0.092568  0.0312152  0.000601115
0.0926956  0.03172  0.000611002
0.0928232  0.0322294  0.000620984
0.0929508  0.0327434  0.000631063
0.0930784  0.0332621  0.000641239
0.093206  0.0337855  0.000651513
0.0933336  0.0343135  0.000661886
0.0934612  0.0348464  0.000672358
0.0935888  0.0353841  0.000682931
0.0937164  0.0359266  0.000693606
0.093844  0.036474  0.000704383
0.0939716  0.0370263  0.000715264
0.0940992  0.0375835  0.000726249
0.0942269  0.0381458  0.000737339
0.0943545  0.0387131  0.000748536
0.0944821  0.0392855  0.00075984
0.0946097  0.0398629  0.000771252
0.0947373  0.0404456  0.000782774
0.0948649  0.0410334  0.000794407
0.0949925  0.0416265  0.000806151
0.0951201  0.0422249  0.000818008
0.0952477  0.0428286  0.000829979
0.0953753  0.0434377  0.000842065
0.0955029  0.0440523  0.000854267
0.0956305  0.0446723  0.000866587
0.0957581  0.0452978  0.000879025
0.0958857  0.0459289  0.000891583
0.0960133  0.0465656  0.000904263
0.096141  0.047208  0.000917064
0.0962686  0.0478561  0.00092999
0.0963962  0.04851  0.00094304
0.0965238  0.0491698  0.000956218
0.0966514  0.0498353  0.000969522
0.096779  0.0505069  0.000982957
0.0969066  0.0511844  0.000996521
0.0970342  0.051868  0.00101022
0.0971618  0.0525577  0.00102405
0.0972894  0.0532535  0.00103801
0.097417  0.0539555  0.00105212
0.0975446  0.0546639  0.00106636
0.0976722  0.0553786  0.00108074
0.0977998  0.0560996  0.00109526
0.0979274  0.0568272  0.00110992
0.098055  0.0575613  0.00112473
0.0981827  0.0583019  0.00113969
0.0983103  0.0590493  0.00115479
0.0984379  0.0598033  0.00117005
0.0985655  0.0605642  0.00118545
0.0986931  0.0613319  0.00120101
0.0988207  0.0621065  0.00121673
0.0989483  0.0628882  0.0012326
0.0990759  0.0636769  0.00124864
0.0992035  0.0644728  0.00126483
0.0993311  0.0652759  0.00128119
0.0994587  0.0660863  0.00129771
0.0995863  0.0669041  0.0013144
0.0997139  0.0677293  0.00133126
0.0998415  0.0685621  0.00134829
0.0999691  0.0694025  0.0013655
0.100097  0.0702506  0.00138288
0.100224  0.0711064  0.00140044
0.100352  0.0719702  0.00141818
0.10048  0.0728419  0.00143611
0.100607  0.0737216  0.00145422
0.100735  0.0746094  0.00147252
0.100862  0.0755055  0.00149101
0.10099  0.0764099  0.0015097
0.101118  0.0773227  0.00152858
0.101245  0.078244  0.00154766
0.101373  0.0791739  0.00156694
0.1015  0.0801125  0.00158643
0.101628  0.0810599  0.00160612
0.101756  0.0820161  0.00162603
0.101883  0.0829814  0.00164614
0.102011  0.0839558  0.00166648
0.102138  0.0849394  0.00168703
0.102266  0.0859323  0.00170781
0.102394  0.0869347  0.00172881
0.102521  0.0879465  0.00175004
0.102649  0.0889681  0.0017715
0.102776  0.0899994  0.0017932
0.102904  0.0910406  0.00181514
0.103032  0.0920918  0.00183732
0.103159  0.0931532  0.00185975
0.103287  0.0942248  0.00188243
0.103415  0.0953068  0.00190536
0.103542  0.0963993  0.00192855
0.10367  0.0975025  0.001952
0.103797  0.0986164  0.00197572
0.103925  0.0997412  0.00199971
0.104053  0.100877  0.00202398
0.10418  0.102024  0.00204852
0.104308  0.103183  0.00207334
0.104435  0.104352  0.00209846
0.104563  0.105534  0.00212386
0.104691  0.106727  0.00214956
0.104818  0.107932  0.00217557
0.104946  0.10915  0.00220188
0.105073  0.110379  0.0022285
0.105201  0.111621  0.00225544
0.105329  0.112876  0.0022827
0.105456  0.114143  0.00231029
0.105584  0.115423  0.00233821
0.105711  0.116716  0.00236647
0.105839  0.118023  0.00239507
0.105967  0.119343  0.00242403
0.106094  0.120676  0.00245334
0.106222  0.122024  0.00248301
0.106349  0.123385  0.00251305
0.106477  0.12476  0.00254347
0.106605  0.12615  0.00257426
0.106732  0.127555  0.00260545
0.10686  0.128974  0.00263703
0.106987  0.130408  0.00266901
0.107115  0.131858  0.00270141
0.107243  0.133323  0.00273421
0.10737  0.134803  0.00276745
0.107498  0.1363  0.00280111
0.107626  0.137812  0.00283522
0.107753  0.139341  0.00286977
0.107881  0.140887  0.00290478
0.108008  0.142449  0.00294025
0.108136  0.144028  0.0029762
0.108264  0.145625  0.00301263
0.108391  0.147239  0.00304955
0.108519  0.148871  0.00308697
0.108646  0.150522  0.00312491
0.108774  0.15219  0.00316336
0.108902  0.153877  0.00320234
0.109029  0.155584  0.00324187
0.109157  0.157309  0.00328194
0.109284  0.159054  0.00332258
0.109412  0.160819  0.00336379
0.10954  0.162603  0.00340559
0.109667  0.164409  0.00344798
0.109795  0.166235  0.00349098
0.109922  0.168082  0.0035346
0.11005  0.169951  0.00357885
0.110178  0.171841  0.00362375
0.110305  0.173753  0.00366931
0.110433  0.175688  0.00371555
0.11056  0.177646  0.00376247
0.110688  0.179627  0.00381009
0.110816  0.181632  0.00385842
0.110943  0.18366  0.00390749
0.111071  0.185713  0.00395731
0.111198  0.187791  0.00400789
0.111326  0.189893  0.00405924
0.111454  0.192022  0.0041114
0.111581  0.194176  0.00416436
0.111709  0.196357  0.00421816
0.111837  0.198564  0.00427281
0.111964  0.2008  0.00432832
0.112092  0.203062  0.00438472
0.112219  0.205354  0.00444203
0.112347  0.207673  0.00450027
0.112475  0.210023  0.00455945
0.112602  0.212402  0.0046196
0.11273  0.214811  0.00468074
0.112857  0.217251  0.0047429
0.112985  0.219723  0.00480609
0.113113  0.222226  0.00487034
0.11324  0.224762  0.00493568
0.113368  0.227331  0.00500213
0.113495  0.229934  0.00506972
0.113623  0.232571  0.00513846
0.113751  0.235243  0.0052084
0.113878  0.23795  0.00527956
0.114006  0.240694  0.00535197
0.114133  0.243474  0.00542565
0.114261  0.246292  0.00550064
0.114389  0.249148  0.00557697
0.114516  0.252043  0.00565467
0.114644  0.254978  0.00573378
0.114771  0.257953  0.00581432
0.114899  0.260969  0.00589634
0.115027  0.264028  0.00597987
0.115154  0.267129  0.00606495
0.115282  0.270273  0.00615162
0.11541  0.273462  0.00623991
0.115537  0.276696  0.00632987
0.115665  0.279977  0.00642154
0.115792  0.283304  0.00651496
0.11592  0.286679  0.00661018
0.116048  0.290103  0.00670724
0.116175  0.293577  0.00680618
0.116303  0.297102  0.00690706
0.11643  0.300679  0.00700993
0.116558  0.304308  0.00711483
0.116686  0.307991  0.00722183
0.116813  0.31173  0.00733096
0.116941  0.315524  0.0074423
0.117068  0.319376  0.00755589
0.117196  0.323285  0.00767179
0.117324  0.327255  0.00779006
0.117451  0.331285  0.00791077
0.117579  0.335378  0.00803399
0.117706  0.339533  0.00815976
0.117834  0.343753  0.00828817
0.117962  0.34804  0.00841927
0.118089  0.352393  0.00855315
0.118217  0.356815  0.00868987
0.118344  0.361307  0.00882951
0.118472  0.365871  0.00897214
0.1186  0.370508  0.00911785
0.118727  0.37522  0.00926671
0.118855  0.380008  0.00941881
0.118982  0.384873  0.00957423
0.11911  0.389818  0.00973305
0.119238  0.394844  0.00989538
0.119365  0.399953  0.0100613
0.119493  0.405147  0.0102309
0.119621  0.410427  0.0104042
0.119748  0.415795  0.0105815
0.119876  0.421254  0.0107627
0.120003  0.426804  0.010948
0.120131  0.432449  0.0111374
0.120259  0.438189  0.0113312
0.120386  0.444028  0.0115293
0.120514  0.449967  0.0117319
0.120641  0.456008  0.0119391
0.120769  0.462153  0.0121511
0.120897  0.468405  0.0123679
0.121024  0.474767  0.0125896
0.121152  0.481239  0.0128164
0.121279  0.487825  0.0130484
0.121407  0.494527  0.0132857
0.121535  0.501348  0.0135284
0.121662  0.508289  0.0137766
0.12179  0.515354  0.0140305
0.121917  0.522545  0.0142902
0.122045  0.529865  0.0145558
0.122173  0.537316  0.0148274
0.1223  0.5449  0.0151052
0.122428  0.552622  0.0153892
0.122555  0.560483  0.0156796
0.122683  0.568485  0.0159764
0.122811  0.576633  0.0162799
0.122938  0.584929  0.01659
0.123066  0.593375  0.0169069
0.123193  0.601974  0.0172308
0.123321  0.61073  0.0175616
0.123449  0.619645  0.0178994
0.123576  0.628722  0.0182444
0.123704  0.637964  0.0185966
0.123832  0.647374  0.018956
0.123959  0.656955  0.0193227
0.124087  0.666709  0.0196967
0.124214  0.676639  0.0200781
0.124342  0.686749  0.0204668
0.12447  0.69704  0.0208629
0.124597  0.707515  0.0212663
0.124725  0.718178  0.0216769
0.124852  0.72903  0.0220947
0.12498  0.740075  0.0225195
0.125108  0.751313  0.0229514
0.125235  0.762748  0.0233901
0.125363  0.774382  0.0238354
0.12549  0.786216  0.0242872
0.125618  0.798252  0.0247452
0.125746  0.810493  0.0252092
0.125873  0.822938  0.0256788
0.126001  0.83559  0.0261537
0.126128  0.84845  0.0266336
0.126256  0.861518  0.0271181
0.126384  0.874795  0.0276066
0.126511  0.88828  0.0280987
0.126639  0.901974  0.0285939
0.126766  0.915877  0.0290915
0.126894  0.929987  0.029591
0.127022  0.944304  0.0300917
0.127149  0.958826  0.0305928
0.127277  0.973551  0.0310937
0.127405  0.988476  0.0315934
0.127532  1.0036  0.0320913
0.12766  1.01892  0.0325863
0.127787  1.03443  0.0330776
0.127915  1.05013  0.0335642
0.128043  1.06601  0.0340452
0.12817  1.08207  0.0345196
0.128298  1.0983  0.0349862
0.128425  1.11469  0.0354441
0.128553  1.13125  0.0358922
0.128681  1.14796  0.0363295
0.128808  1.16482  0.0367548
0.128936  1.18181  0.0371671
0.129063  1.19893  0.0375653
0.129191  1.21618  0.0379485
0.129319  1.23353  0.0383156
0.129446  1.25099  0.0386657
0.129574  1.26854  0.0389977
0.129701  1.28617  0.0393109
0.129829  1.30388  0.0396045
0.129957  1.32164  0.0398775
0.130084  1.33945  0.0401294
0.130212  1.35731  0.0403596
0.130339  1.37519  0.0405674
0.130467  1.39308  0.0407524
0.130595  1.41098  0.0409143
0.130722  1.42888  0.0410527
0.13085  1.44675  0.0411675
0.130977  1.46459  0.0412586
0.131105  1.4824  0.0413258
0.131233  1.50015  0.0413693
0.13136  1.51783  0.0413893
0.131488  1.53545  0.0413861
0.131616  1.55297  0.0413598
0.131743  1.57041  0.041311
0.131871  1.58773  0.0412402
0.131998  1.60495  0.0411478
0.132126  1.62204  0.0410345
0.132254  1.639  0.040901
0.132381  1.65582  0.0407481
0.132509  1.67249  0.0405764
0.132636  1.68901  0.0403868
0.132764  1.70537  0.0401802
0.132892  1.72155  0.0399574
0.133019  1.73757  0.0397192
0.133147  1.7534  0.0394668
0.133274  1.76905  0.0392008
0.133402  1.78452  0.0389223
0.13353  1.79979  0.0386321
0.133657  1.81486  0.0383312
0.133785  1.82974  0.0380204
0.133912  1.84442  0.0377007
0.13404  1.85889  0.0373729
0.134168  1.87316  0.0370378
0.134295  1.88722  0.0366963
0.134423  1.90107  0.0363491
0.13455  1.91471  0.035997
0.134678  1.92815  0.0356407
0.134806  1.94138  0.0352809
0.134933  1.95439  0.0349182
0.135061  1.96721  0.0345534
0.135188  1.97981  0.034187
0.135316  1.99221  0.0338195
0.135444  2.0044  0.0334515
0.135571  2.01639  0.0330835
0.135699  2.02818  0.032716
0.135827  2.03977  0.0323493
0.135954  2.05116  0.0319839
0.136082  2.06236  0.0316201
0.136209  2.07336  0.0312583
0.136337  2.08417  0.0308989
0.136465  2.09479  0.030542
0.136592  2.10523  0.0301879
0.13672  2.11548  0.029837
0.136847  2.12555  0.0294894
0.136975  2.13545  0.0291452
0.137103  2.14517  0.0288048
0.13723  2.15471  0.0284681
0.137358  2.16409  0.0281354
0.137485  2.1733  0.0278068
0.137613  2.18235  0.0274824
0.137741  2.19123  0.0271622
0.137868  2.19996  0.0268464
0.137996  2.20853  0.026535
0.138123  2.21695  0.026228
0.138251  2.22522  0.0259255
0.138379  2.23334  0.0256275
0.138506  2.24132  0.025334
0.138634  2.24916  0.025045
0.138761  2.25686  0.0247606
0.138889  2.26442  0.0244807
0.139017  2.27185  0.0242053
0.139144  2.27916  0.0239344
0.139272  2.28633  0.0236679
0.139399  2.29338  0.0234059
0.139527  2.3003  0.0231483
0.139655  2.30711  0.022895
0.139782  2.3138  0.022646
0.13991  2.32037  0.0224013
0.140038  2.32683  0.0221608
0.140165  2.33318  0.0219245
0.140293  2.33943  0.0216923
0.14042  2.34556  0.0214641
0.140548  2.35159  0.0212399
0.140676  2.35753  0.0210197
0.140803  2.36336  0.0208033
0.140931  2.36909  0.0205908
0.141058  2.37473  0.020382
0.141186  2.38028  0.0201769
0.141314  2.38574  0.0199755
0.141441  2.3911  0.0197776
0.141569  2.39638  0.0195832
0.141696  2.40157  0.0193923
0.141824  2.40668  0.0192047
0.141952  2.41171  0.0190205
0.142079  2.41666  0.0188395
0.142207  2.42152  0.0186618
0.142334  2.42631  0.0184871
0.142462  2.43103  0.0183156
0.14259  2.43567  0.018147
0.142717  2.44024  0.0179815
0.142845  2.44474  0.0178188
0.142972  2.44917  0.017659
0.1431  2.45353  0.017502
0.143228  2.45782  0.0173477
0.143355  2.46205  0.017196
0.143483  2.46622  0.017047
0.143611  2.47032  0.0169006
0.143738  2.47436  0.0167567
0.143866  2.47834  0.0166153
0.143993  2.48226  0.0164763
0.144121  2.48613  0.0163396
0.144249  2.48993  0.0162053
0.144376  2.49368  0.0160732
0.144504  2.49738  0.0159434
0.144631  2.50103  0.0158158
0.144759  2.50462  0.0156903
0.144887  2.50816  0.0155668
0.145014  2.51165  0.0154455
0.145142  2.51509  0.0153261
0.145269  2.51848  0.0152087
0.145397  2.52183  0.0150932
0.145525  2.52513  0.0149796
0.145652  2.52838  0.0148679
0.14578  2.53159  0.014758
0.145907  2.53476  0.0146498
0.146035  2.53788  0.0145434
0.146163  2.54096  0.0144387
0.14629  2.544  0.0143356
0.146418  2.54699  0.0142342
0.146545  2.54995  0.0141343
0.146673  2.55287  0.0140361
0.146801  2.55575  0.0139393
0.146928  2.55859  0.0138441
0.147056  2.5614  0.0137504
0.147183  2.56417  0.013658
0.147311  2.5669  0.0135671
0.147439  2.5696  0.0134776
0.147566  2.57226  0.0133895
0.147694  2.57489  0.0133026
0.147822  2.57749  0.0132171
0.147949  2.58006  0.0131329
0.148077  2.58259  0.0130499
0.148204  2.58509  0.0129681
0.148332  2.58756  0.0128875
0.14846  2.59  0.0128082
0.148587  2.59241  0.0127299
0.148715  2.59479  0.0126528
0.148842  2.59714  0.0125769
0.14897  2.59947  0.012502
0.149098  2.60176  0.0124282
0.149225  2.60403  0.0123554
0.149353  2.60627  0.0122836
0.14948  2.60849  0.0122129
0.149608  2.61068  0.0121432
0.149736  2.61284  0.0120744
0.149863  2.61498  0.0120066
0.149991  2.61709  0.0119397
0.150118  2.61918  0.0118737
0.150246  2.62125  0.0118087
0.150374  2.62329  0.0117445
0.150501  2.62531  0.0116812
0.150629  2.6273  0.0116187
0.150756  2.62928  0.0115571
0.150884  2.63123  0.0114962
0.151012  2.63316  0.0114362
0.151139  2.63507  0.011377
0.151267  2.63696  0.0113186
0.151394  2.63882  0.0112609
0.151522  2.64067  0.011204
0.15165  2.6425  0.0111478
0.151777  2.6443  0.0110923
0.151905  2.64609  0.0110375
0.152033  2.64786  0.0109834
0.15216  2.64961  0.01093
0.152288  2.65134  0.0108773
0.152415  2.65306  0.0108253
0.152543  2.65475  0.0107738
0.152671  2.65643  0.0107231
0.152798  2.65809  0.0106729
0.152926  2.65973  0.0106234
0.153053  2.66136  0.0105744
0.153181  2.66297  0.0105261
0.153309  2.66456  0.0104783
0.153436  2.66614  0.0104311
0.153564  2.6677  0.0103845
0.153691  2.66925  0.0103384
0.153819  2.67078  0.0102929
0.153947  2.67229  0.0102479
0.154074  2.67379  0.0102034
0.154202  2.67528  0.0101595
0.154329  2.67675  0.010116
0.154457  2.6782  0.0100731
0.154585  2.67965  0.0100306
0.154712  2.68108  0.00998867
0.15484  2.68249  0.00994718
0.154967  2.68389  0.00990615
0.155095  2.68528  0.00986559
0.155223  2.68665  0.00982548
0.15535  2.68802  0.00978582
0.155478  2.68937  0.00974659
0.155606  2.6907  0.00970779
0.155733  2.69203  0.00966942
0.155861  2.69334  0.00963147
0.155988  2.69464  0.00959392
0.156116  2.69593  0.00955678
0.156244  2.6972  0.00952004
0.156371  2.69847  0.00948369
0.156499  2.69972  0.00944773
0.156626  2.70096  0.00941215
0.156754  2.70219  0.00937694
0.156882  2.70341  0.00934209
0.157009  2.70462  0.00930761
0.157137  2.70582  0.00927349
0.157264  2.70701  0.00923971
0.157392  2.70818  0.00920628
0.15752  2.70935  0.0091732
0.157647  2.71051  0.00914044
0.157775  2.71165  0.00910802
0.157902  2.71279  0.00907592
0.15803  2.71392  0.00904414
0.158158  2.71504  0.00901268
0.158285  2.71614  0.00898153
0.158413  2.71724  0.00895068
0.15854  2.71833  0.00892013
0.158668  2.71941  0.00888989
0.158796  2.72049  0.00885993
0.158923  2.72155  0.00883026
0.159051  2.7226  0.00880087
0.159178  2.72365  0.00877177
0.159306  2.72468  0.00874294
0.159434  2.72571  0.00871438
0.159561  2.72673  0.00868609
0.159689  2.72774  0.00865806
0.159817  2.72875  0.00863029
0.159944  2.72974  0.00860278
0.160072  2.73073  0.00857552
0.160199  2.73171  0.0085485
0.160327  2.73268  0.00852173
0.160455  2.73365  0.00849521
0.160582  2.7346  0.00846892
0.16071  2.73555  0.00844286
0.160837  2.7365  0.00841704
0.160965  2.73743  0.00839144
0.161093  2.73836  0.00836607
0.16122  2.73928  0.00834092
0.161348  2.74019  0.00831598
0.161475  2.7411  0.00829126
0.161603  2.742  0.00826676
0.161731  2.74289  0.00824246
0.161858  2.74378  0.00821836
0.161986  2.74466  0.00819447
0.162113  2.74553  0.00817078
0.162241  2.7464  0.00814728
0.162369  2.74726  0.00812398
0.162496  2.74812  0.00810087
0.162624  2.74897  0.00807794
0.162751  2.74981  0.0080552
0.162879  2.75065  0.00803265
0.163007  2.75148  0.00801027
0.163134  2.7523  0.00798807
0.163262  2.75312  0.00796604
0.163389  2.75393  0.00794419
0.163517  2.75474  0.0079225
0.163645  2.75554  0.00790099
0.163772  2.75634  0.00787963
0.1639  2.75713  0.00785844
0.164028  2.75792  0.0078374
0.164155  2.7587  0.00781652
0.164283  2.75948  0.00779579
0.16441  2.76025  0.00777521
0.164538  2.76101  0.00775478
0.164666  2.76177  0.0077345
0.164793  2.76253  0.00771436
0.164921  2.76328  0.00769435
0.165048  2.76403  0.00767448
0.165176  2.76477  0.00765475
0.165304  2.76551  0.00763515
0.165431  2.76624  0.00761567
0.165559  2.76697  0.00759632
0.165686  2.76769  0.00757709
0.165814  2.76841  0.00755797
0.165942  2.76913  0.00753897
0.166069  2.76984  0.00752007
0.166197  2.77055  0.00750127
0.166324  2.77126  0.00748257
0.166452  2.77196  0.00746396
0.16658  2.77266  0.00744541
0.166707  2.77336  0.00742693
0.166835  2.77405  0.00740846
0.166962  2.77475  0.00738991
0.16709  2.77544  0.00737147
0.167218  2.77613  0.0073532
0.167345  2.77681  0.00733509
0.167473  2.77748  0.00731714
0.167601  2.77816  0.00729934
0.167728  2.77882  0.0072817
0.167856  2.77948  0.00726421
0.167983  2.78014  0.00724687
0.168111  2.78079  0.00722968
0.168239  2.78144  0.00721264
0.168366  2.78208  0.00719574
0.168494  2.78272  0.00717898
0.168621  2.78335  0.00716237
0.168749  2.78398  0.0071459
0.168877  2.7846  0.00712957
0.169004  2.78522  0.00711337
0.169132  2.78584  0.00709731
0.169259  2.78645  0.00708138
0.169387  2.78705  0.00706558
0.169515  2.78765  0.00704991
0.169642  2.78825  0.00703438
0.16977  2.78885  0.00701897
0.169897  2.78943  0.00700368
0.170025  2.79002  0.00698852
0.170153  2.7906  0.00697349
0.17028  2.79118  0.00695857
0.170408  2.79175  0.00694378
0.170535  2.79232  0.0069291
0.170663  2.79288  0.00691454
0.170791  2.79344  0.0069001
0.170918  2.794  0.00688577
0.171046  2.79455  0.00687156
0.171173  2.7951  0.00685746
0.171301  2.79565  0.00684346
0.171429  2.79619  0.00682958
0.171556  2.79673  0.00681581
0.171684  2.79726  0.00680214
0.171812  2.79779  0.00678858
0.171939  2.79832  0.00677513
0.172067  2.79884  0.00676178
0.172194  2.79936  0.00674853
0.172322  2.79988  0.00673538
0.17245  2.80039  0.00672234
0.172577  2.8009  0.00670939
0.172705  2.80141  0.00669654
0.172832  2.80191  0.00668379
0.17296  2.80241  0.00667113
0.173088  2.80291  0.00665857
0.173215  2.8034  0.00664611
0.173343  2.80389  0.00663373
0.17347  2.80438  0.00662145
0.173598  2.80487  0.00660926
0.173726  2.80535  0.00659716
0.173853  2.80582  0.00658515
0.173981  2.8063  0.00657323
0.174108  2.80677  0.00656139
0.174236  2.80724  0.00654964
0.174364  2.8077  0.00653798
0.174491  2.80817  0.0065264
0.174619  2.80863  0.00651491
0.174746  2.80908  0.00650349
0.174874  2.80954  0.00649216
0.175002  2.80999  0.00648092
0.175129  2.81044  0.00646975
0.175257  2.81088  0.00645866
0.175384  2.81133  0.00644765
0.175512  2.81177  0.00643672
0.17564  2.8122  0.00642586
0.175767  2.81264  0.00641508
0.175895  2.81307  0.00640438
0.176023  2.8135  0.00639375
0.17615  2.81392  0.0063832
0.176278  2.81435  0.00637272
0.176405  2.81477  0.00636231
0.176533  2.81519  0.00635198
0.176661  2.8156  0.00634171
0.176788  2.81602  0.00633152
0.176916  2.81643  0.0063214
0.177043  2.81684  0.00631134
0.177171  2.81724  0.00630136
0.177299  2.81765  0.00629144
0.177426  2.81805  0.00628159
0.177554  2.81845  0.0062718
0.177681  2.81885  0.00626208
0.177809  2.81924  0.00625243
0.177937  2.81963  0.00624284
0.178064  2.82002  0.00623332
0.178192  2.82041  0.00622386
0.178319  2.8208  0.00621446
0.178447  2.82118  0.00620512
0.178575  2.82156  0.00619585
0.178702  2.82194  0.00618664
0.17883  2.82231  0.00617748
0.178957  2.82269  0.00616839
0.179085  2.82306  0.00615936
0.179213  2.82343  0.00615038
0.17934  2.8238  0.00614147
0.179468  2.82416  0.00613261
0.179595  2.82453  0.00612381
0.179723  2.82489  0.00611506
0.179851  2.82525  0.00610637
0.179978  2.8256  0.00609774
0.180106  2.82596  0.00608916
0.180234  2.82631  0.00608064
0.180361  2.82666  0.00607217
0.180489  2.82701  0.00606376
0.180616  2.82736  0.0060554
0.180744  2.82771  0.00604709
0.180872  2.82805  0.00603883
0.180999  2.82839  0.00603062
0.181127  2.82873  0.00602247
0.181254  2.82907  0.00601437
0.181382  2.82941  0.00600632
0.18151  2.82974  0.00599831
0.181637  2.83007  0.00599036
0.181765  2.8304  0.00598246
0.181892  2.83073  0.0059746
0.18202  2.83106  0.0059668
0.182148  2.83138  0.00595904
0.182275  2.83171  0.00595132
0.182403  2.83203  0.00594366
0.18253  2.83235  0.00593604
0.182658  2.83267  0.00592847
0.182786  2.83298  0.00592094
0.182913  2.8333  0.00591346
0.183041  2.83361  0.00590603
0.183168  2.83392  0.00589864
0.183296  2.83423  0.00589129
0.183424  2.83454  0.00588399
0.183551  2.83485  0.00587673
0.183679  2.83515  0.00586951
0.183807  2.83545  0.00586234
0.183934  2.83576  0.00585521
0.184062  2.83606  0.00584812
0.184189  2.83635  0.00584107
0.184317  2.83665  0.00583407
0.184445  2.83695  0.0058271
0.184572  2.83724  0.00582018
0.1847  2.83753  0.00581329
0.184827  2.83782  0.00580645
0.184955  2.83811  0.00579964
0.185083  2.8384  0.00579288
0.18521  2.83869  0.00578615
0.185338  2.83897  0.00577947
0.185465  2.83926  0.00577282
0.185593  2.83954  0.00576621
0.185721  2.83982  0.00575963
0.185848  2.8401  0.0057531
0.185976  2.84037  0.0057466
0.186103  2.84065  0.00574014
0.186231  2.84093  0.00573372
0.186359  2.8412  0.00572733
0.186486  2.84147  0.00572097
0.186614  2.84174  0.00571466
0.186741  2.84201  0.00570838
0.186869  2.84228  0.00570213
0.186997  2.84255  0.00569592
0.187124  2.84281  0.00568974
0.187252  2.84308  0.0056836
0.187379  2.84334  0.00567749
0.187507  2.8436  0.00567142
0.187635  2.84386  0.00566538
0.187762  2.84412  0.00565937
0.18789  2.84438  0.00565339
0.188018  2.84463  0.00564745
0.188145  2.84489  0.00564154
0.188273  2.84514  0.00563566
0.1884  2.84539  0.00562982
0.188528  2.84564  0.005624
0.188656  2.84589  0.00561822
0.188783  2.84614  0.00561247
0.188911  2.84639  0.00560675
0.189038  2.84664  0.00560106
0.189166  2.84688  0.0055954
0.189294  2.84713  0.00558978
0.189421  2.84737  0.00558418
0.189549  2.84761  0.00557861
0.189676  2.84785  0.00557307
0.189804  2.84809  0.00556756
0.189932  2.84833  0.00556208
0.190059  2.84857  0.00555663
0.190187  2.8488  0.00555121
0.190314  2.84904  0.00554581
0.190442  2.84927  0.00554045
0.19057  2.84951  0.00553511
0.190697  2.84974  0.0055298
0.190825  2.84997  0.00552452
0.190952  2.8502  0.00551927
0.19108  2.85043  0.00551404
0.191208  2.85065  0.00550884
0.191335  2.85088  0.00550367
0.191463  2.8511  0.00549852
0.19159  2.85133  0.0054934
0.191718  2.85155  0.00548831
0.191846  2.85177  0.00548324
0.191973  2.85199  0.0054782
0.192101  2.85221  0.00547318
0.192229  2.85243  0.00546819
0.192356  2.85265  0.00546323
0.192484  2.85287  0.00545829
0.192611  2.85308  0.00545338
0.192739  2.8533  0.00544849
0.192867  2.85351  0.00544362
0.192994  2.85373  0.00543878
0.193122  2.85394  0.00543397
0.193249  2.85415  0.00542917
0.193377  2.85436  0.00542441
0.193505  2.85457  0.00541966
0.193632  2.85478  0.00541494
0.19376  2.85499  0.00541025
0.193887  2.85519  0.00540557
0.194015  2.8554  0.00540092
0.194143  2.8556  0.00539629
0.19427  2.85581  0.00539169
0.194398  2.85601  0.00538711
0.194525  2.85621  0.00538255
0.194653  2.85641  0.00537801
0.194781  2.85661  0.0053735
0.194908  2.85681  0.005369
0.195036  2.85701  0.00536453
0.195163  2.85721  0.00536008
0.195291  2.8574  0.00535566
0.195419  2.8576  0.00535125
0.195546  2.8578  0.00534687
0.195674  2.85799  0.0053425
0.195802  2.85818  0.00533816
0.195929  2.85837  0.00533384
0.196057  2.85857  0.00532954
0.196184  2.85876  0.00532526
0.196312  2.85895  0.005321
0.19644  2.85914  0.00531676
0.196567  2.85932  0.00531254
0.196695  2.85951  0.00530834
0.196822  2.8597  0.00530416
0.19695  2.85988  0.0053
0.197078  2.86007  0.00529586
0.197205  2.86025  0.00529174
0.197333  2.86044  0.00528764
0.19746  2.86062  0.00528356
0.197588  2.8608  0.0052795
0.197716  2.86098  0.00527545
0.197843  2.86116  0.00527143
0.197971  2.86134  0.00526742
0.198098  2.86152  0.00526343
0.198226  2.8617  0.00525947
0.198354  2.86188  0.00525552
0.198481  2.86205  0.00525158
0.198609  2.86223  0.00524767
0.198736  2.8624  0.00524377
0.198864  2.86258  0.0052399
0.198992  2.86275  0.00523604
0.199119  2.86293  0.00523219
0.199247  2.8631  0.00522837
0.199374  2.86327  0.00522456
0.199502  2.86344  0.00522077
0.19963  2.86361  0.005217
0.199757  2.86378  0.00521324
0.199885  2.86395  0.00520951
0.200013  2.86412  0.00520578
0.20014  2.86428  0.00520208
0.200268  2.86445  0.00519839
0.200395  2.86462  0.00519472
0.200523  2.86478  0.00519107
0.200651  2.86495  0.00518743
0.200778  2.86511  0.00518381
0.200906  2.86527  0.0051802
0.201033  2.86544  0.00517661
0.201161  2.8656  0.00517304
0.201289  2.86576  0.00516948
0.201416  2.86592  0.00516594
0.201544  2.86608  0.00516241
0.201671  2.86624  0.0051589
0.201799  2.8664  0.0051554
0.201927  2.86656  0.00515192
0.202054  2.86671  0.00514846
0.202182  2.86687  0.00514501
0.202309  2.86703  0.00514158
0.202437  2.86718  0.00513816
0.202565  2.86734  0.00513475
0.202692  2.86749  0.00513136
0.20282  2.86765  0.00512799
0.202947  2.8678  0.00512463
0.203075  2.86795  0.00512128
0.203203  2.8681  0.00511795
0.20333  2.86825  0.00511464
0.203458  2.8684  0.00511133
0.203585  2.86855  0.00510805
0.203713  2.8687  0.00510477
0.203841  2.86885  0.00510151
0.203968  2.869  0.00509827
0.204096  2.86915  0.00509503
0.204224  2.8693  0.00509182
0.204351  2.86944  0.00508861
0.204479  2.86959  0.00508542
0.204606  2.86973  0.00508224
0.204734  2.86988  0.00507908
0.204862  2.87002  0.00507593
0.204989  2.87017  0.00507279
0.205117  2.87031  0.00506967
0.205244  2.87045  0.00506656
0.205372  2.8706  0.00506346
0.2055  2.87074  0.00506038
0.205627  2.87088  0.00505731
0.205755  2.87102  0.00505425
0.205882  2.87116  0.0050512
0.20601  2.8713  0.00504817
0.206138  2.87144  0.00504515
0.206265  2.87158  0.00504214
0.206393  2.87171  0.00503915
0.20652  2.87185  0.00503616
0.206648  2.87199  0.00503319
0.206776  2.87212  0.00503024
0.206903  2.87226  0.00502729
0.207031  2.8724  0.00502436
0.207158  2.87253  0.00502143
0.207286  2.87266  0.00501853
0.207414  2.8728  0.00501563
0.207541  2.87293  0.00501274
0.207669  2.87306  0.00500987
0.207796  2.8732  0.00500701
0.207924  2.87333  0.00500415
0.208052  2.87346  0.00500132
0.208179  2.87359  0.00499849
0.208307  2.87372  0.00499567
0.208435  2.87385  0.00499287
0.208562  2.87398  0.00499007
0.20869  2.87411  0.00498729
0.208817  2.87424  0.00498452
0.208945  2.87437  0.00498176
0.209073  2.87449  0.00497901
0.2092  2.87462  0.00497628
0.209328  2.87475  0.00497355
0.209455  2.87487  0.00497083
0.209583  2.875  0.00496813
0.209711  2.87512  0.00496544
0.209838  2.87525  0.00496275
0.209966  2.87537  0.00496008
0.210093  2.8755  0.00495742
0.210221  2.87562  0.00495477
0.210349  2.87574  0.00495213
0.210476  2.87586  0.00494949
0.210604  2.87599  0.00494687
0.210731  2.87611  0.00494426
0.210859  2.87623  0.00494167
0.210987  2.87635  0.00493908
0.211114  2.87647  0.0049365
0.211242  2.87659  0.00493393
0.211369  2.87671  0.00493137
0.211497  2.87683  0.00492882
0.211625  2.87695  0.00492628
0.211752  2.87707  0.00492375
0.21188  2.87718  0.00492123
0.212008  2.8773  0.00491872
0.212135  2.87742  0.00491622
0.212263  2.87753  0.00491373
0.21239  2.87765  0.00491125
0.212518  2.87777  0.00490878
0.212646  2.87788  0.00490632
0.212773  2.878  0.00490387
0.212901  2.87811  0.00490143
0.213028  2.87822  0.00489899
0.213156  2.87834  0.00489657
0.213284  2.87845  0.00489415
0.213411  2.87856  0.00489175
0.213539  2.87868  0.00488935
0.213666  2.87879  0.00488697
0.213794  2.8789  0.00488459
0.213922  2.87901  0.00488222
0.214049  2.87912  0.00487986
0.214177  2.87923  0.00487751
0.214304  2.87934  0.00487517
0.214432  2.87945  0.00487283
0.21456  2.87956  0.00487051
0.214687  2.87967  0.00486819
0.214815  2.87978  0.00486589
0.214942  2.87989  0.00486359
0.21507  2.88  0.0048613
0.215198  2.8801  0.00485902
0.215325  2.88021  0.00485674
0.215453  2.88032  0.00485448
0.21558  2.88042  0.00485222
0.215708  2.88053  0.00484998
0.215836  2.88063  0.00484774
0.215963  2.88074  0.00484551
0.216091  2.88084  0.00484328
0.216219  2.88095  0.00484107
0.216346  2.88105  0.00483886
0.216474  2.88116  0.00483667
0.216601  2.88126  0.00483448
0.216729  2.88136  0.00483229
0.216857  2.88147  0.00483012
0.216984  2.88157  0.00482796
0.217112  2.88167  0.0048258
0.217239  2.88177  0.00482365
0.217367  2.88187  0.00482151
0.217495  2.88198  0.00481937
0.217622  2.88208  0.00481725
0.21775  2.88218  0.00481513
0.217877  2.88228  0.00481302
0.218005  2.88238  0.00481091
0.218133  2.88248  0.00480882
0.21826  2.88258  0.00480673
0.218388  2.88267  0.00480465
0.218515  2.88277  0.00480258
0.218643  2.88287  0.00480051
0.218771  2.88297  0.00479845
0.218898  2.88307  0.0047964
0.219026  2.88316  0.00479436
0.219153  2.88326  0.00479232
0.219281  2.88336  0.00479029
0.219409  2.88345  0.00478827
0.219536  2.88355  0.00478626
0.219664  2.88364  0.00478425
0.219791  2.88374  0.00478225
0.219919  2.88383  0.00478026
0.220047  2.88393  0.00477827
0.220174  2.88402  0.00477629
0.220302  2.88412  0.00477432
0.22043  2.88421  0.00477236
0.220557  2.8843  0.0047704
0.220685  2.8844  0.00476845
0.220812  2.88449  0.00476651
0.22094  2.88458  0.00476457
0.221068  2.88468  0.00476264
0.221195  2.88477  0.00476071
0.221323  2.88486  0.0047588
0.22145  2.88495  0.00475689
0.221578  2.88504  0.00475498
0.221706  2.88513  0.00475309
0.221833  2.88522  0.0047512
0.221961  2.88531  0.00474931
0.222088  2.8854  0.00474744
0.222216  2.88549  0.00474557
0.222344  2.88558  0.0047437
0.222471  2.88567  0.00474185
0.222599  2.88576  0.00474
0.222726  2.88585  0.00473815
0.222854  2.88594  0.00473631
0.222982  2.88602  0.00473448
0.223109  2.88611  0.00473266
0.223237  2.8862  0.00473084
0.223364  2.88629  0.00472902
0.223492  2.88637  0.00472722
0.22362  2.88646  0.00472542
0.223747  2.88654  0.00472362
0.223875  2.88663  0.00472183
0.224003  2.88672  0.00472005
0.22413  2.8868  0.00471827
0.224258  2.88689  0.0047165
0.224385  2.88697  0.00471474
0.224513  2.88706  0.00471298
0.224641  2.88714  0.00471123
0.224768  2.88722  0.00470948
0.224896  2.88731  0.00470774
0.225023  2.88739  0.00470601
0.225151  2.88748  0.00470428
0.225279  2.88756  0.00470256
0.225406  2.88764  0.00470084
0.225534  2.88772  0.00469913
0.225661  2.88781  0.00469743
0.225789  2.88789  0.00469573
0.225917  2.88797  0.00469403
0.226044  2.88805  0.00469234
0.226172  2.88813  0.00469066
0.226299  2.88821  0.00468898
0.226427  2.88829  0.00468731
0.226555  2.88838  0.00468565
0.226682  2.88846  0.00468399
0.22681  2.88854  0.00468233
0.226937  2.88862  0.00468068
0.227065  2.88869  0.00467904
0.227193  2.88877  0.0046774
0.22732  2.88885  0.00467577
0.227448  2.88893  0.00467414
0.227575  2.88901  0.00467252
0.227703  2.88909  0.0046709
0.227831  2.88917  0.00466929
0.227958  2.88924  0.00466768
0.228086  2.88932  0.00466608
0.228214  2.8894  0.00466449
0.228341  2.88948  0.0046629
0.228469  2.88955  0.00466131
0.228596  2.88963  0.00465973
0.228724  2.88971  0.00465816
0.228852  2.88978  0.00465659
0.228979  2.88986  0.00465502
0.229107  2.88994  0.00465346
0.229234  2.89001  0.00465191
0.229362  2.89009  0.00465036
0.22949  2.89016  0.00464882
0.229617  2.89024  0.00464728
0.229745  2.89031  0.00464574
0.229872  2.89039  0.00464421
0.23  2.89046  0.00464269
