279  -0.3602  0.00706641
279.893  -0.359145  0.00704957
280.786  -0.358094  0.00703275
281.68  -0.357047  0.00701597
282.573  -0.356003  0.00699921
283.466  -0.354964  0.00698249
284.359  -0.353928  0.00696579
285.253  -0.352897  0.00694913
286.146  -0.351869  0.00693249
287.039  -0.350844  0.00691588
287.932  -0.349824  0.0068993
288.826  -0.348807  0.00688275
289.719  -0.347794  0.00686623
290.612  -0.346784  0.00684974
291.505  -0.345778  0.00683328
292.399  -0.344776  0.00681684
293.292  -0.343777  0.00680044
294.185  -0.342782  0.00678406
295.078  -0.34179  0.00676771
295.972  -0.340802  0.00675139
296.865  -0.339817  0.0067351
297.758  -0.338836  0.00671883
298.651  -0.337858  0.00670259
299.545  -0.336884  0.00668638
300.438  -0.335913  0.0066702
301.331  -0.334945  0.00665404
302.224  -0.33398  0.00663791
303.118  -0.333019  0.00662181
304.011  -0.332061  0.00660574
304.904  -0.331107  0.00658969
305.797  -0.330155  0.00657367
306.691  -0.329207  0.00655768
307.584  -0.328262  0.00654171
308.477  -0.327321  0.00652577
309.37  -0.326382  0.00650985
310.264  -0.325446  0.00649397
311.157  -0.324514  0.0064781
312.05  -0.323585  0.00646227
312.943  -0.322658  0.00644646
313.837  -0.321735  0.00643067
314.73  -0.320815  0.00641491
315.623  -0.319898  0.00639918
316.516  -0.318983  0.00638347
317.41  -0.318072  0.00636779
318.303  -0.317164  0.00635213
319.196  -0.316258  0.0063365
320.089  -0.315356  0.00632089
320.982  -0.314456  0.00630531
321.876  -0.313559  0.00628976
322.769  -0.312665  0.00627422
323.662  -0.311774  0.00625872
324.555  -0.310885  0.00624323
325.449  -0.31  0.00622777
326.342  -0.309117  0.00621234
327.235  -0.308237  0.00619693
328.128  -0.307359  0.00618154
329.022  -0.306485  0.00616618
329.915  -0.305613  0.00615084
330.808  -0.304743  0.00613553
331.701  -0.303877  0.00612024
332.595  -0.303013  0.00610497
333.488  -0.302151  0.00608972
334.381  -0.301292  0.0060745
335.274  -0.300436  0.00605931
336.168  -0.299582  0.00604413
337.061  -0.298731  0.00602898
337.954  -0.297883  0.00601385
338.847  -0.297037  0.00599875
339.741  -0.296193  0.00598367
340.634  -0.295352  0.00596861
341.527  -0.294513  0.00595357
342.42  -0.293677  0.00593855
343.314  -0.292843  0.00592356
344.207  -0.292012  0.00590859
345.1  -0.291183  0.00589364
345.993  -0.290357  0.00587872
346.887  -0.289532  0.00586382
347.78  -0.288711  0.00584893
348.673  -0.287891  0.00583407
349.566  -0.287074  0.00581924
350.46  -0.286259  0.00580442
351.353  -0.285447  0.00578962
352.246  -0.284636  0.00577485
353.139  -0.283828  0.0057601
354.033  -0.283023  0.00574537
354.926  -0.282219  0.00573066
355.819  -0.281418  0.00571597
356.712  -0.280619  0.0057013
357.606  -0.279822  0.00568665
358.499  -0.279027  0.00567202
359.392  -0.278234  0.00565742
360.285  -0.277444  0.00564283
361.178  -0.276656  0.00562827
362.072  -0.27587  0.00561372
362.965  -0.275086  0.0055992
363.858  -0.274304  0.0055847
364.751  -0.273524  0.00557021
365.645  -0.272746  0.00555575
366.538  -0.27197  0.0055413
367.431  -0.271197  0.00552688
368.324  -0.270425  0.00551247
369.218  -0.269655  0.00549809
370.111  -0.268888  0.00548372
371.004  -0.268122  0.00546938
371.897  -0.267358  0.00545505
372.791  -0.266597  0.00544074
373.684  -0.265837  0.00542646
374.577  -0.265079  0.00541219
375.47  -0.264323  0.00539794
376.364  -0.263569  0.00538371
377.257  -0.262817  0.00536949
378.15  -0.262067  0.0053553
379.043  -0.261319  0.00534113
379.937  -0.260573  0.00532697
380.83  -0.259828  0.00531283
381.723  -0.259085  0.00529871
382.616  -0.258344  0.00528461
383.51  -0.257605  0.00527053
384.403  -0.256868  0.00525646
385.296  -0.256133  0.00524242
386.189  -0.255399  0.00522839
387.083  -0.254667  0.00521438
387.976  -0.253937  0.00520038
388.869  -0.253209  0.00518641
389.762  -0.252482  0.00517245
390.656  -0.251757  0.00515851
391.549  -0.251034  0.00514459
392.442  -0.250313  0.00513068
393.335  -0.249593  0.00511679
394.229  -0.248875  0.00510292
395.122  -0.248159  0.00508907
396.015  -0.247444  0.00507523
396.908  -0.246731  0.00506141
397.802  -0.24602  0.00504761
398.695  -0.24531  0.00503382
399.588  -0.244602  0.00502005
400.481  -0.243895  0.0050063
401.374  -0.24319  0.00499256
402.268  -0.242487  0.00497884
403.161  -0.241785  0.00496514
404.054  -0.241085  0.00495145
404.947  -0.240386  0.00493778
405.841  -0.239689  0.00492412
406.734  -0.238994  0.00491048
407.627  -0.2383  0.00489686
408.52  -0.237608  0.00488325
409.414  -0.236917  0.00486966
410.307  -0.236227  0.00485608
411.2  -0.235539  0.00484252
412.093  -0.234853  0.00482898
412.987  -0.234168  0.00481545
413.88  -0.233484  0.00480193
414.773  -0.232802  0.00478843
415.666  -0.232122  0.00477495
416.56  -0.231443  0.00476148
417.453  -0.230765  0.00474802
418.346  -0.230089  0.00473458
419.239  -0.229414  0.00472116
420.133  -0.22874  0.00470775
421.026  -0.228068  0.00469436
421.919  -0.227398  0.00468098
422.812  -0.226728  0.00466761
423.706  -0.22606  0.00465426
424.599  -0.225394  0.00464092
425.492  -0.224729  0.0046276
426.385  -0.224065  0.00461429
427.279  -0.223402  0.004601
428.172  -0.222741  0.00458772
429.065  -0.222081  0.00457445
429.958  -0.221423  0.0045612
430.852  -0.220765  0.00454796
431.745  -0.220109  0.00453473
432.638  -0.219454  0.00452152
433.531  -0.218801  0.00450833
434.425  -0.218149  0.00449514
435.318  -0.217498  0.00448197
436.211  -0.216848  0.00446881
437.104  -0.2162  0.00445567
437.997  -0.215553  0.00444254
438.891  -0.214907  0.00442942
439.784  -0.214262  0.00441632
440.677  -0.213618  0.00440322
441.57  -0.212976  0.00439015
442.464  -0.212335  0.00437708
443.357  -0.211695  0.00436403
444.25  -0.211056  0.00435098
445.143  -0.210418  0.00433796
446.037  -0.209782  0.00432494
446.93  -0.209146  0.00431194
447.823  -0.208512  0.00429895
448.716  -0.207879  0.00428597
449.61  -0.207247  0.004273
450.503  -0.206616  0.00426005
451.396  -0.205987  0.0042471
452.289  -0.205358  0.00423417
453.183  -0.204731  0.00422126
454.076  -0.204104  0.00420835
454.969  -0.203479  0.00419545
455.862  -0.202855  0.00418257
456.756  -0.202232  0.0041697
457.649  -0.201609  0.00415684
458.542  -0.200988  0.00414399
459.435  -0.200368  0.00413115
460.329  -0.199749  0.00411832
461.222  -0.199132  0.00410551
462.115  -0.198515  0.0040927
463.008  -0.197899  0.00407991
463.902  -0.197284  0.00406713
464.795  -0.19667  0.00405436
465.688  -0.196057  0.0040416
466.581  -0.195445  0.00402885
467.475  -0.194834  0.00401611
468.368  -0.194224  0.00400338
469.261  -0.193615  0.00399066
470.154  -0.193007  0.00397796
471.048  -0.1924  0.00396526
471.941  -0.191794  0.00395257
472.834  -0.191189  0.00393989
473.727  -0.190585  0.00392723
474.621  -0.189981  0.00391457
475.514  -0.189379  0.00390193
476.407  -0.188778  0.00388929
477.3  -0.188177  0.00387666
478.193  -0.187577  0.00386405
479.087  -0.186979  0.00385144
479.98  -0.186381  0.00383884
480.873  -0.185784  0.00382625
481.766  -0.185188  0.00381367
482.66  -0.184592  0.0038011
483.553  -0.183998  0.00378854
484.446  -0.183404  0.00377599
485.339  -0.182812  0.00376345
486.233  -0.18222  0.00375092
487.126  -0.181629  0.0037384
488.019  -0.181038  0.00372588
488.912  -0.180449  0.00371338
489.806  -0.17986  0.00370088
490.699  -0.179273  0.00368839
491.592  -0.178686  0.00367591
492.485  -0.178099  0.00366344
493.379  -0.177514  0.00365098
494.272  -0.176929  0.00363853
495.165  -0.176345  0.00362608
496.058  -0.175762  0.00361364
496.952  -0.17518  0.00360122
497.845  -0.174598  0.0035888
498.738  -0.174018  0.00357638
499.631  -0.173438  0.00356398
500.525  -0.172858  0.00355158
501.418  -0.17228  0.00353919
502.311  -0.171702  0.00352681
503.204  -0.171124  0.00351444
504.098  -0.170548  0.00350207
504.991  -0.169972  0.00348972
505.884  -0.169397  0.00347736
506.777  -0.168823  0.00346502
507.671  -0.168249  0.00345269
508.564  -0.167676  0.00344036
509.457  -0.167104  0.00342804
510.35  -0.166532  0.00341572
511.244  -0.165961  0.00340342
512.137  -0.165391  0.00339112
513.03  -0.164821  0.00337882
513.923  -0.164252  0.00336654
514.817  -0.163683  0.00335426
515.71  -0.163116  0.00334198
516.603  -0.162548  0.00332972
517.496  -0.161982  0.00331746
518.389  -0.161416  0.00330521
519.283  -0.160851  0.00329296
520.176  -0.160286  0.00328072
521.069  -0.159722  0.00326848
521.962  -0.159158  0.00325626
522.856  -0.158595  0.00324404
523.749  -0.158033  0.00323182
524.642  -0.157471  0.00321961
525.535  -0.15691  0.00320741
526.429  -0.156349  0.00319521
527.322  -0.155789  0.00318302
528.215  -0.155229  0.00317083
529.108  -0.15467  0.00315865
530.002  -0.154112  0.00314648
530.895  -0.153554  0.00313431
531.788  -0.152996  0.00312214
532.681  -0.152439  0.00310998
533.575  -0.151883  0.00309783
534.468  -0.151327  0.00308568
535.361  -0.150771  0.00307354
536.254  -0.150216  0.0030614
537.148  -0.149662  0.00304927
538.041  -0.149108  0.00303714
538.934  -0.148554  0.00302502
539.827  -0.148001  0.0030129
540.721  -0.147448  0.00300078
541.614  -0.146896  0.00298868
542.507  -0.146345  0.00297657
543.4  -0.145793  0.00296447
544.294  -0.145243  0.00295238
545.187  -0.144692  0.00294029
546.08  -0.144142  0.0029282
546.973  -0.143593  0.00291612
547.867  -0.143044  0.00290404
548.76  -0.142495  0.00289196
549.653  -0.141947  0.00287989
550.546  -0.141399  0.00286783
551.44  -0.140851  0.00285577
552.333  -0.140304  0.00284371
553.226  -0.139757  0.00283165
554.119  -0.139211  0.0028196
555.013  -0.138665  0.00280755
555.906  -0.138119  0.00279551
556.799  -0.137574  0.00278347
557.692  -0.137029  0.00277143
558.585  -0.136484  0.0027594
559.479  -0.13594  0.00274737
560.372  -0.135396  0.00273534
561.265  -0.134853  0.00272332
562.158  -0.134309  0.0027113
563.052  -0.133766  0.00269928
563.945  -0.133224  0.00268727
564.838  -0.132681  0.00267525
565.731  -0.132139  0.00266325
566.625  -0.131597  0.00265124
567.518  -0.131056  0.00263924
568.411  -0.130515  0.00262723
569.304  -0.129974  0.00261524
570.198  -0.129433  0.00260324
571.091  -0.128893  0.00259125
571.984  -0.128353  0.00257926
572.877  -0.127813  0.00256727
573.771  -0.127273  0.00255528
574.664  -0.126734  0.0025433
575.557  -0.126194  0.00253131
576.45  -0.125656  0.00251933
577.344  -0.125117  0.00250735
578.237  -0.124578  0.00249538
579.13  -0.12404  0.0024834
580.023  -0.123502  0.00247143
580.917  -0.122964  0.00245946
581.81  -0.122426  0.00244749
582.703  -0.121889  0.00243552
583.596  -0.121351  0.00242356
584.49  -0.120814  0.00241159
585.383  -0.120277  0.00239963
586.276  -0.11974  0.00238767
587.169  -0.119203  0.00237571
588.063  -0.118667  0.00236375
588.956  -0.11813  0.00235179
589.849  -0.117594  0.00233983
590.742  -0.117058  0.00232788
591.636  -0.116522  0.00231592
592.529  -0.115986  0.00230397
593.422  -0.11545  0.00229201
594.315  -0.114914  0.00228006
595.209  -0.114379  0.00226811
596.102  -0.113843  0.00225616
596.995  -0.113308  0.00224421
597.888  -0.112772  0.00223226
598.781  -0.112237  0.00222031
599.675  -0.111702  0.00220836
600.568  -0.111166  0.00219641
601.461  -0.110631  0.00218446
602.354  -0.110096  0.00217252
603.248  -0.109561  0.00216057
604.141  -0.109026  0.00214862
605.034  -0.108491  0.00213667
605.927  -0.107956  0.00212473
606.821  -0.107421  0.00211278
607.714  -0.106886  0.00210083
608.607  -0.106351  0.00208889
609.5  -0.105816  0.00207694
610.394  -0.105281  0.00206499
611.287  -0.104746  0.00205305
612.18  -0.104211  0.0020411
613.073  -0.103676  0.00202915
613.967  -0.103141  0.0020172
614.86  -0.102606  0.00200526
615.753  -0.102071  0.00199331
616.646  -0.101536  0.00198136
617.54  -0.101  0.00196941
618.433  -0.100465  0.00195746
619.326  -0.0999294  0.00194551
620.219  -0.0993939  0.00193356
621.113  -0.0988582  0.00192161
622.006  -0.0983225  0.00190965
622.899  -0.0977867  0.0018977
623.792  -0.0972507  0.00188575
624.686  -0.0967147  0.00187379
625.579  -0.0961785  0.00186184
626.472  -0.0956421  0.00184988
627.365  -0.0951057  0.00183793
628.259  -0.0945691  0.00182597
629.152  -0.0940323  0.00181401
630.045  -0.0934954  0.00180205
630.938  -0.0929583  0.00179009
631.832  -0.0924211  0.00177813
632.725  -0.0918836  0.00176617
633.618  -0.091346  0.0017542
634.511  -0.0908082  0.00174224
635.405  -0.0902702  0.00173027
636.298  -0.0897319  0.00171831
637.191  -0.0891935  0.00170634
638.084  -0.0886548  0.00169437
638.977  -0.0881159  0.0016824
639.871  -0.0875768  0.00167043
640.764  -0.0870374  0.00165846
641.657  -0.0864978  0.00164649
642.55  -0.0859579  0.00163451
643.444  -0.0854178  0.00162254
644.337  -0.0848774  0.00161056
645.23  -0.0843367  0.00159859
646.123  -0.0837957  0.00158661
647.017  -0.0832544  0.00157463
647.91  -0.0827128  0.00156265
648.803  -0.0821709  0.00155067
649.696  -0.0816287  0.00153869
650.59  -0.0810862  0.0015267
651.483  -0.0805433  0.00151472
652.376  -0.0800001  0.00150274
653.269  -0.0794566  0.00149075
654.163  -0.0789127  0.00147876
655.056  -0.0783685  0.00146678
655.949  -0.0778239  0.00145479
656.842  -0.0772789  0.0014428
657.736  -0.0767335  0.00143081
658.629  -0.0761877  0.00141882
659.522  -0.0756416  0.00140683
660.415  -0.075095  0.00139484
661.309  -0.0745481  0.00138285
662.202  -0.0740007  0.00137086
663.095  -0.0734529  0.00135887
663.988  -0.0729046  0.00134688
664.882  -0.072356  0.00133489
665.775  -0.0718068  0.0013229
666.668  -0.0712573  0.00131091
667.561  -0.0707072  0.00129891
668.455  -0.0701567  0.00128692
669.348  -0.0696058  0.00127493
670.241  -0.0690543  0.00126294
671.134  -0.0685023  0.00125095
672.028  -0.0679499  0.00123897
672.921  -0.0673969  0.00122698
673.814  -0.0668435  0.00121499
674.707  -0.0662895  0.00120301
675.601  -0.065735  0.00119102
676.494  -0.06518  0.00117904
677.387  -0.0646244  0.00116706
678.28  -0.0640683  0.00115508
679.173  -0.0635116  0.0011431
680.067  -0.0629544  0.00113113
680.96  -0.0623966  0.00111916
681.853  -0.0618382  0.00110719
682.746  -0.0612793  0.00109522
683.64  -0.0607198  0.00108326
684.533  -0.0601596  0.0010713
685.426  -0.0595989  0.00105934
686.319  -0.0590376  0.00104739
687.213  -0.0584757  0.00103544
688.106  -0.0579132  0.0010235
688.999  -0.05735  0.00101156
689.892  -0.0567862  0.000999621
690.786  -0.0562218  0.000987691
691.679  -0.0556568  0.000975767
692.572  -0.0550911  0.000963849
693.465  -0.0545248  0.000951936
694.359  -0.0539578  0.000940031
695.252  -0.0533902  0.000928132
696.145  -0.0528219  0.000916241
697.038  -0.0522529  0.000904357
697.932  -0.0516833  0.000892481
698.825  -0.051113  0.000880614
699.718  -0.0505421  0.000868756
700.611  -0.0499704  0.000856908
701.505  -0.0493981  0.000845069
702.398  -0.0488251  0.000833241
703.291  -0.0482515  0.000821424
704.184  -0.0476771  0.000809618
705.078  -0.047102  0.000797824
705.971  -0.0465263  0.000786043
706.864  -0.0459499  0.000774275
707.757  -0.0453728  0.00076252
708.651  -0.044795  0.000750781
709.544  -0.0442165  0.000739056
710.437  -0.0436374  0.000727347
711.33  -0.0430575  0.000715654
712.224  -0.042477  0.000703979
713.117  -0.0418958  0.000692322
714.01  -0.041314  0.000680684
714.903  -0.0407315  0.000669065
715.796  -0.0401483  0.000657467
716.69  -0.0395644  0.00064589
717.583  -0.03898  0.000634335
718.476  -0.0383948  0.000622803
719.369  -0.0378091  0.000611296
720.263  -0.0372227  0.000599814
721.156  -0.0366358  0.000588358
722.049  -0.0360482  0.000576929
722.942  -0.03546  0.000565529
723.836  -0.0348713  0.000554158
724.729  -0.0342821  0.000542819
725.622  -0.0336923  0.000531511
726.515  -0.033102  0.000520237
727.409  -0.0325111  0.000508997
728.302  -0.0319199  0.000497794
729.195  -0.0313282  0.000486628
730.088  -0.030736  0.000475502
730.982  -0.0301435  0.000464416
731.875  -0.0295506  0.000453372
732.768  -0.0289574  0.000442372
733.661  -0.0283638  0.000431418
734.555  -0.0277701  0.000420511
735.448  -0.0271761  0.000409654
736.341  -0.0265819  0.000398848
737.234  -0.0259877  0.000388096
738.128  -0.0253933  0.000377398
739.021  -0.0247989  0.000366759
739.914  -0.0242046  0.000356179
740.807  -0.0236103  0.000345661
741.701  -0.0230163  0.000335208
742.594  -0.0224224  0.000324821
743.487  -0.0218289  0.000314505
744.38  -0.0212358  0.00030426
745.274  -0.0206431  0.000294091
746.167  -0.020051  0.000284
747.06  -0.0194596  0.00027399
747.953  -0.018869  0.000264064
748.847  -0.0182793  0.000254226
749.74  -0.0176906  0.000244479
750.633  -0.017103  0.000234825
751.526  -0.0165167  0.00022527
752.42  -0.0159319  0.000215817
753.313  -0.0153487  0.000206469
754.206  -0.0147673  0.000197232
755.099  -0.0141878  0.000188108
755.992  -0.0136106  0.000179103
756.886  -0.0130357  0.000170222
757.779  -0.0124634  0.000161468
758.672  -0.0118941  0.000152848
759.565  -0.0113279  0.000144366
760.459  -0.0107652  0.000136027
761.352  -0.0102063  0.000127839
762.245  -0.00965159  0.000119805
763.138  -0.00910138  0.000111934
764.032  -0.00855612  0.000104231
764.925  -0.00801629  9.67024e-05
765.818  -0.00748237  8.93564e-05
766.711  -0.00695492  8.22003e-05
767.605  -0.00643454  7.52418e-05
768.498  -0.00592192  6.84895e-05
769.391  -0.00541778  6.19523e-05
770.284  -0.00492296  5.56395e-05
771.178  -0.00443839  4.95613e-05
772.071  -0.0039651  4.37285e-05
772.964  -0.00350429  3.81528e-05
773.857  -0.0030573  3.28471e-05
774.751  -0.0026257  2.78253e-05
775.644  -0.0022113  2.31034e-05
776.537  -0.00181626  1.86994e-05
777.43  -0.0014432  1.46343e-05
778.324  -0.00109535  1.09335e-05
779.217  -0.000776906  7.62924e-06
780.11  -0.000493528  4.76509e-06
781.003  -0.000253667  2.40654e-06
781.897  -7.23556e-05  6.74028e-07
782.79  1.35494e-05  1.2385e-07
783.683  0.00015682  1.40547e-06
784.576  0.000384078  3.3724e-06
785.47  0.000675242  5.80387e-06
786.363  0.00102229  8.59383e-06
787.256  0.00142091  1.16717e-05
788.149  0.00186858  1.49832e-05
789.043  0.0023638  1.84833e-05
789.936  0.00290572  2.21325e-05
790.829  0.00349397  2.58946e-05
791.722  0.00412855  2.97361e-05
792.616  0.00480972  3.36253e-05
793.509  0.005538  3.75323e-05
794.402  0.00631412  4.14289e-05
795.295  0.00713898  4.52892e-05
796.188  0.00801368  4.90899e-05
797.082  0.00893945  5.28117e-05
797.975  0.00991773  5.64409e-05
798.868  0.0109501  5.99714e-05
799.761  0.0120383  6.34074e-05
800.655  0.0131843  6.67677e-05
801.548  0.0143901  7.00903e-05
802.441  0.015658  7.34386e-05
803.334  0.0169905  7.69085e-05
804.228  0.0183902  8.06362e-05
805.121  0.0198601  8.48054e-05
806.014  0.0214033  8.96529e-05
806.907  0.023023  9.547e-05
807.801  0.0247231  0.000102597
808.694  0.0265073  0.000111416
809.587  0.02838  0.000122329
810.48  0.0303457  0.000135751
811.374  0.0324094  0.000152096
812.267  0.0345764  0.000171778
813.16  0.0368526  0.000195212
814.053  0.0392442  0.000222829
814.947  0.0417582  0.00025509
815.84  0.0444019  0.000292496
816.733  0.0471834  0.000335608
817.626  0.0501116  0.000385055
818.52  0.0531961  0.000441552
819.413  0.0564474  0.000505912
820.306  0.0598771  0.000579062
821.199  0.0634979  0.000662063
822.093  0.0673237  0.000756132
822.986  0.0713699  0.00086266
823.879  0.0756534  0.000983252
824.772  0.080193  0.00111975
825.666  0.0850096  0.00127429
826.559  0.0901263  0.00144934
827.452  0.0955689  0.00164777
828.345  0.101366  0.00187291
829.239  0.107551  0.00212866
830.132  0.11416  0.00241961
831.025  0.121233  0.00275114
831.918  0.128819  0.00312963
832.812  0.136968  0.00356261
833.705  0.145743  0.00405912
834.598  0.155212  0.00462993
835.491  0.165455  0.00528803
836.384  0.176565  0.00604911
837.278  0.188647  0.00693225
838.171  0.201826  0.00796077
839.064  0.216248  0.00916332
839.957  0.232085  0.0105753
840.851  0.24954  0.0122407
841.744  0.268855  0.0142144
842.637  0.290319  0.0165655
843.53  0.31428  0.019381
844.424  0.341159  0.022771
845.317  0.371467  0.0268751
846.21  0.405823  0.0318701
847.103  0.444985  0.0379785
847.997  0.489873  0.0454766
848.89  0.541598  0.0546983
849.783  0.601482  0.0660271
850.676  0.671051  0.0798606
851.57  0.751973  0.0965207
852.463  0.845892  0.116072
853.356  0.954081  0.138026
854.249  1.07689  0.160968
855.143  1.21301  0.182349
856.036  1.35896  0.198827
856.929  1.50915  0.207397
857.822  1.65697  0.206789
858.716  1.79639  0.198029
859.609  1.92326  0.183713
860.502  2.03569  0.166719
861.395  2.13363  0.149304
862.289  2.21815  0.132852
863.182  2.29084  0.118026
864.075  2.35338  0.105019
864.968  2.40734  0.0937734
865.862  2.45411  0.0841166
866.755  2.49485  0.0758406
867.648  2.53055  0.0687406
868.541  2.562  0.0626321
869.435  2.58986  0.0573561
870.328  2.61467  0.0527783
871.221  2.63688  0.0487872
872.114  2.65684  0.0452907
873.008  2.67487  0.0422125
873.901  2.69122  0.0394898
874.794  2.7061  0.0370705
875.687  2.7197  0.0349114
876.58  2.73216  0.0329766
877.474  2.74363  0.0312358
878.367  2.7542  0.0296638
879.26  2.76397  0.0282392
880.153  2.77304  0.0269437
881.047  2.78146  0.0257621
881.94  2.78931  0.0246809
882.833  2.79663  0.0236889
883.726  2.80348  0.0227764
884.62  2.8099  0.0219347
885.513  2.81593  0.0211565
886.406  2.82159  0.0204354
887.299  2.82693  0.0197657
888.193  2.83197  0.0191426
889.086  2.83672  0.0185615
889.979  2.84122  0.0180188
890.872  2.84548  0.0175109
891.766  2.84952  0.0170348
892.659  2.85335  0.0165878
893.552  2.857  0.0161674
894.445  2.86047  0.0157716
895.339  2.86377  0.0153984
896.232  2.86692  0.0150459
897.125  2.86992  0.0147126
898.018  2.87279  0.0143971
898.912  2.87553  0.0140981
899.805  2.87815  0.0138144
900.698  2.88066  0.0135449
901.591  2.88307  0.0132887
902.485  2.88537  0.0130447
903.378  2.88759  0.0128123
904.271  2.88971  0.0125907
905.164  2.89175  0.0123792
906.058  2.89371  0.0121771
906.951  2.8956  0.0119839
907.844  2.89741  0.011799
908.737  2.89916  0.0116219
909.631  2.90084  0.0114523
910.524  2.90246  0.0112896
911.417  2.90403  0.0111334
912.31  2.90554  0.0109834
913.204  2.90699  0.0108393
914.097  2.9084  0.0107007
914.99  2.90976  0.0105674
915.883  2.91107  0.0104391
916.776  2.91234  0.0103154
917.67  2.91357  0.0101962
918.563  2.91476  0.0100813
919.456  2.91591  0.00997043
920.349  2.91702  0.00986339
921.243  2.9181  0.00976001
922.136  2.91915  0.00966011
923.029  2.92016  0.00956354
923.922  2.92114  0.00947014
924.816  2.92209  0.00937977
925.709  2.92302  0.00929229
926.602  2.92391  0.00920758
927.495  2.92478  0.00912551
928.389  2.92563  0.00904596
929.282  2.92645  0.00896884
930.175  2.92725  0.00889405
931.068  2.92802  0.00882147
931.962  2.92877  0.00875103
932.855  2.9295  0.00868263
933.748  2.93021  0.0086162
934.641  2.93091  0.00855166
935.535  2.93158  0.00848893
936.428  2.93223  0.00842794
937.321  2.93287  0.00836863
938.214  2.93349  0.00831093
939.108  2.93409  0.00825478
940.001  2.93468  0.00820014
940.894  2.93525  0.00814693
941.787  2.93581  0.00809511
942.681  2.93635  0.00804463
943.574  2.93688  0.00799544
944.467  2.9374  0.0079475
945.36  2.9379  0.00790076
946.254  2.93839  0.00785518
947.147  2.93887  0.00781073
948.04  2.93933  0.00776736
948.933  2.93978  0.00772504
949.827  2.94023  0.00768373
950.72  2.94066  0.00764341
951.613  2.94108  0.00760403
952.506  2.94149  0.00756558
953.399  2.94189  0.00752801
954.293  2.94228  0.0074913
955.186  2.94266  0.00745543
956.079  2.94304  0.00742037
956.972  2.9434  0.0073861
957.866  2.94376  0.00735258
958.759  2.9441  0.0073198
959.652  2.94444  0.00728774
960.545  2.94477  0.00725637
961.439  2.9451  0.00722568
962.332  2.94541  0.00719564
963.225  2.94572  0.00716624
964.118  2.94602  0.00713745
965.012  2.94631  0.00710927
965.905  2.9466  0.00708167
966.798  2.94688  0.00705463
967.691  2.94716  0.00702815
968.585  2.94742  0.00700221
969.478  2.94769  0.00697678
970.371  2.94794  0.00695187
971.264  2.94819  0.00692745
972.158  2.94844  0.00690351
973.051  2.94868  0.00688004
973.944  2.94891  0.00685702
974.837  2.94914  0.00683445
975.731  2.94936  0.00681232
976.624  2.94958  0.0067906
977.517  2.94979  0.0067693
978.41  2.95  0.00674839
979.304  2.95021  0.00672788
980.197  2.95041  0.00670775
981.09  2.9506  0.00668799
981.983  2.95079  0.0066686
982.877  2.95098  0.00664956
983.77  2.95116  0.00663086
984.663  2.95134  0.0066125
985.556  2.95151  0.00659447
986.45  2.95169  0.00657676
987.343  2.95185  0.00655937
988.236  2.95202  0.00654228
989.129  2.95218  0.00652549
990.023  2.95233  0.00650899
990.916  2.95248  0.00649278
991.809  2.95263  0.00647685
992.702  2.95278  0.0064612
993.595  2.95292  0.00644581
994.489  2.95306  0.00643068
995.382  2.9532  0.0064158
996.275  2.95333  0.00640118
997.168  2.95346  0.0063868
998.062  2.95359  0.00637266
998.955  2.95371  0.00635875
999.848  2.95384  0.00634507
1000.74  2.95396  0.00633162
1001.63  2.95407  0.00631838
1002.53  2.95419  0.00630536
1003.42  2.9543  0.00629255
1004.31  2.95441  0.00627995
1005.21  2.95451  0.00626755
1006.1  2.95462  0.00625534
1006.99  2.95472  0.00624333
1007.89  2.95482  0.0062315
1008.78  2.95492  0.00621987
1009.67  2.95501  0.00620841
1010.57  2.9551  0.00619713
1011.46  2.9552  0.00618603
1012.35  2.95528  0.0061751
1013.25  2.95537  0.00616434
1014.14  2.95546  0.00615374
1015.03  2.95554  0.0061433
1015.93  2.95562  0.00613302
1016.82  2.9557  0.0061229
1017.71  2.95577  0.00611292
1018.61  2.95585  0.0061031
1019.5  2.95592  0.00609342
1020.39  2.956  0.00608389
1021.29  2.95607  0.0060745
1022.18  2.95613  0.00606525
1023.07  2.9562  0.00605613
1023.97  2.95626  0.00604715
1024.86  2.95633  0.00603829
1025.75  2.95639  0.00602957
1026.65  2.95645  0.00602097
1027.54  2.95651  0.0060125
1028.43  2.95657  0.00600415
1029.33  2.95662  0.00599591
1030.22  2.95668  0.0059878
1031.11  2.95673  0.0059798
1032.01  2.95678  0.00597191
1032.9  2.95683  0.00596413
1033.79  2.95688  0.00595647
1034.68  2.95693  0.00594891
1035.58  2.95698  0.00594146
1036.47  2.95702  0.00593411
1037.36  2.95706  0.00592686
1038.26  2.95711  0.00591971
1039.15  2.95715  0.00591266
1040.04  2.95719  0.00590571
1040.94  2.95723  0.00589885
1041.83  2.95727  0.00589209
1042.72  2.9573  0.00588542
1043.62  2.95734  0.00587884
1044.51  2.95738  0.00587235
1045.4  2.95741  0.00586594
1046.3  2.95744  0.00585962
1047.19  2.95747  0.00585339
1048.08  2.9575  0.00584724
1048.98  2.95753  0.00584117
1049.87  2.95756  0.00583519
1050.76  2.95759  0.00582928
1051.66  2.95762  0.00582345
1052.55  2.95764  0.0058177
1053.44  2.95767  0.00581202
1054.34  2.95769  0.00580642
1055.23  2.95772  0.00580089
1056.12  2.95774  0.00579543
1057.02  2.95776  0.00579004
1057.91  2.95778  0.00578473
1058.8  2.9578  0.00577948
1059.7  2.95782  0.0057743
1060.59  2.95784  0.00576919
1061.48  2.95786  0.00576414
1062.38  2.95788  0.00575915
1063.27  2.95789  0.00575424
1064.16  2.95791  0.00574938
1065.06  2.95792  0.00574458
1065.95  2.95794  0.00573985
1066.84  2.95795  0.00573518
1067.73  2.95796  0.00573056
1068.63  2.95798  0.00572601
1069.52  2.95799  0.00572151
1070.41  2.958  0.00571706
1071.31  2.95801  0.00571268
1072.2  2.95802  0.00570834
1073.09  2.95803  0.00570407
1073.99  2.95804  0.00569984
1074.88  2.95804  0.00569567
1075.77  2.95805  0.00569155
1076.67  2.95806  0.00568748
1077.56  2.95806  0.00568346
1078.45  2.95807  0.00567949
1079.35  2.95807  0.00567557
1080.24  2.95808  0.00567169
1081.13  2.95808  0.00566787
1082.03  2.95809  0.00566409
1082.92  2.95809  0.00566036
1083.81  2.95809  0.00565667
1084.71  2.95809  0.00565303
1085.6  2.95809  0.00564943
1086.49  2.95809  0.00564587
1087.39  2.95809  0.00564236
1088.28  2.95809  0.00563889
1089.17  2.95809  0.00563546
1090.07  2.95809  0.00563208
1090.96  2.95809  0.00562873
1091.85  2.95809  0.00562543
1092.75  2.95809  0.00562216
1093.64  2.95808  0.00561894
1094.53  2.95808  0.00561575
1095.43  2.95808  0.0056126
1096.32  2.95807  0.00560948
1097.21  2.95807  0.00560641
1098.11  2.95806  0.00560337
1099  2.95806  0.00560037
1099.89  2.95805  0.0055974
1100.78  2.95805  0.00559447
1101.68  2.95804  0.00559157
1102.57  2.95803  0.00558871
1103.46  2.95803  0.00558588
1104.36  2.95802  0.00558308
1105.25  2.95801  0.00558032
1106.14  2.958  0.00557759
1107.04  2.95799  0.00557489
1107.93  2.95799  0.00557222
1108.82  2.95798  0.00556958
1109.72  2.95797  0.00556698
1110.61  2.95796  0.0055644
1111.5  2.95795  0.00556186
1112.4  2.95794  0.00555934
1113.29  2.95793  0.00555686
1114.18  2.95792  0.0055544
1115.08  2.9579  0.00555197
1115.97  2.95789  0.00554957
1116.86  2.95788  0.0055472
1117.76  2.95787  0.00554485
1118.65  2.95786  0.00554253
1119.54  2.95784  0.00554024
1120.44  2.95783  0.00553798
1121.33  2.95782  0.00553574
1122.22  2.95781  0.00553353
1123.12  2.95779  0.00553134
1124.01  2.95778  0.00552918
1124.9  2.95776  0.00552704
1125.8  2.95775  0.00552493
1126.69  2.95773  0.00552284
1127.58  2.95772  0.00552077
1128.48  2.9577  0.00551873
1129.37  2.95769  0.00551672
1130.26  2.95767  0.00551472
1131.16  2.95766  0.00551275
1132.05  2.95764  0.0055108
1132.94  2.95763  0.00550888
1133.83  2.95761  0.00550697
1134.73  2.95759  0.00550509
1135.62  2.95758  0.00550323
1136.51  2.95756  0.00550139
1137.41  2.95754  0.00549957
1138.3  2.95752  0.00549777
1139.19  2.95751  0.00549599
1140.09  2.95749  0.00549424
1140.98  2.95747  0.0054925
1141.87  2.95745  0.00549078
1142.77  2.95744  0.00548909
1143.66  2.95742  0.00548741
1144.55  2.9574  0.00548575
1145.45  2.95738  0.00548411
1146.34  2.95736  0.00548249
1147.23  2.95734  0.00548088
1148.13  2.95732  0.0054793
1149.02  2.9573  0.00547773
1149.91  2.95728  0.00547618
1150.81  2.95726  0.00547465
1151.7  2.95724  0.00547314
1152.59  2.95722  0.00547164
1153.49  2.9572  0.00547016
1154.38  2.95718  0.0054687
1155.27  2.95716  0.00546725
1156.17  2.95714  0.00546582
1157.06  2.95712  0.00546441
1157.95  2.9571  0.00546301
1158.85  2.95708  0.00546163
1159.74  2.95706  0.00546027
1160.63  2.95704  0.00545892
1161.53  2.95702  0.00545758
1162.42  2.95699  0.00545626
1163.31  2.95697  0.00545496
1164.21  2.95695  0.00545367
1165.1  2.95693  0.0054524
1165.99  2.95691  0.00545114
1166.88  2.95689  0.00544989
1167.78  2.95686  0.00544866
1168.67  2.95684  0.00544744
1169.56  2.95682  0.00544624
1170.46  2.9568  0.00544505
1171.35  2.95677  0.00544387
1172.24  2.95675  0.00544271
1173.14  2.95673  0.00544156
1174.03  2.95671  0.00544043
1174.92  2.95668  0.00543931
1175.82  2.95666  0.0054382
1176.71  2.95664  0.0054371
1177.6  2.95661  0.00543602
1178.5  2.95659  0.00543494
1179.39  2.95657  0.00543388
1180.28  2.95654  0.00543284
1181.18  2.95652  0.0054318
1182.07  2.9565  0.00543078
1182.96  2.95647  0.00542977
1183.86  2.95645  0.00542877
1184.75  2.95642  0.00542778
1185.64  2.9564  0.00542681
1186.54  2.95638  0.00542584
1187.43  2.95635  0.00542489
1188.32  2.95633  0.00542395
1189.22  2.9563  0.00542301
1190.11  2.95628  0.00542209
1191  2.95625  0.00542118
1191.9  2.95623  0.00542028
1192.79  2.95621  0.0054194
1193.68  2.95618  0.00541852
1194.58  2.95616  0.00541765
1195.47  2.95613  0.00541679
1196.36  2.95611  0.00541595
1197.26  2.95608  0.00541511
1198.15  2.95606  0.00541428
1199.04  2.95603  0.00541346
1199.93  2.95601  0.00541266
1200.83  2.95598  0.00541186
1201.72  2.95596  0.00541107
1202.61  2.95593  0.00541029
1203.51  2.95591  0.00540952
1204.4  2.95588  0.00540876
1205.29  2.95586  0.00540801
1206.19  2.95583  0.00540727
1207.08  2.9558  0.00540653
1207.97  2.95578  0.00540581
1208.87  2.95575  0.00540509
1209.76  2.95573  0.00540438
1210.65  2.9557  0.00540369
1211.55  2.95568  0.005403
1212.44  2.95565  0.00540231
1213.33  2.95563  0.00540164
1214.23  2.9556  0.00540098
1215.12  2.95557  0.00540032
1216.01  2.95555  0.00539967
1216.91  2.95552  0.00539903
1217.8  2.9555  0.0053984
1218.69  2.95547  0.00539777
1219.59  2.95544  0.00539715
1220.48  2.95542  0.00539654
1221.37  2.95539  0.00539594
1222.27  2.95537  0.00539535
1223.16  2.95534  0.00539476
1224.05  2.95531  0.00539418
1224.95  2.95529  0.00539361
1225.84  2.95526  0.00539305
1226.73  2.95524  0.00539249
1227.63  2.95521  0.00539194
1228.52  2.95518  0.00539139
1229.41  2.95516  0.00539086
1230.31  2.95513  0.00539033
1231.2  2.9551  0.0053898
1232.09  2.95508  0.00538929
1232.98  2.95505  0.00538878
1233.88  2.95503  0.00538828
1234.77  2.955  0.00538778
1235.66  2.95497  0.00538729
1236.56  2.95495  0.00538681
1237.45  2.95492  0.00538633
1238.34  2.95489  0.00538586
1239.24  2.95487  0.00538539
1240.13  2.95484  0.00538494
1241.02  2.95481  0.00538448
1241.92  2.95479  0.00538404
1242.81  2.95476  0.0053836
1243.7  2.95473  0.00538316
1244.6  2.95471  0.00538274
1245.49  2.95468  0.00538231
1246.38  2.95465  0.0053819
1247.28  2.95463  0.00538149
1248.17  2.9546  0.00538108
1249.06  2.95458  0.00538068
1249.96  2.95455  0.00538029
1250.85  2.95452  0.0053799
1251.74  2.9545  0.00537952
1252.64  2.95447  0.00537914
1253.53  2.95444  0.00537877
1254.42  2.95442  0.0053784
1255.32  2.95439  0.00537804
1256.21  2.95436  0.00537768
1257.1  2.95434  0.00537733
1258  2.95431  0.00537699
1258.89  2.95428  0.00537665
1259.78  2.95426  0.00537631
1260.68  2.95423  0.00537598
1261.57  2.9542  0.00537565
1262.46  2.95418  0.00537533
1263.36  2.95415  0.00537502
1264.25  2.95412  0.00537471
1265.14  2.9541  0.0053744
1266.04  2.95407  0.0053741
1266.93  2.95404  0.0053738
1267.82  2.95402  0.00537351
1268.71  2.95399  0.00537322
1269.61  2.95396  0.00537293
1270.5  2.95394  0.00537266
1271.39  2.95391  0.00537238
1272.29  2.95388  0.00537211
1273.18  2.95386  0.00537184
1274.07  2.95383  0.00537158
1274.97  2.9538  0.00537133
1275.86  2.95378  0.00537107
1276.75  2.95375  0.00537082
1277.65  2.95372  0.00537058
1278.54  2.9537  0.00537034
1279.43  2.95367  0.0053701
1280.33  2.95364  0.00536987
1281.22  2.95362  0.00536964
1282.11  2.95359  0.00536942
1283.01  2.95356  0.00536919
1283.9  2.95354  0.00536898
1284.79  2.95351  0.00536876
1285.69  2.95348  0.00536856
1286.58  2.95346  0.00536835
1287.47  2.95343  0.00536815
1288.37  2.9534  0.00536795
1289.26  2.95338  0.00536776
1290.15  2.95335  0.00536757
1291.05  2.95332  0.00536738
1291.94  2.9533  0.0053672
1292.83  2.95327  0.00536702
1293.73  2.95324  0.00536684
1294.62  2.95322  0.00536667
1295.51  2.95319  0.0053665
1296.41  2.95316  0.00536633
1297.3  2.95314  0.00536617
1298.19  2.95311  0.00536601
1299.09  2.95308  0.00536585
1299.98  2.95306  0.0053657
1300.87  2.95303  0.00536555
1301.76  2.95301  0.00536541
1302.66  2.95298  0.00536526
1303.55  2.95295  0.00536512
1304.44  2.95293  0.00536499
1305.34  2.9529  0.00536485
1306.23  2.95287  0.00536472
1307.12  2.95285  0.0053646
1308.02  2.95282  0.00536447
1308.91  2.9528  0.00536435
1309.8  2.95277  0.00536423
1310.7  2.95274  0.00536412
1311.59  2.95272  0.005364
1312.48  2.95269  0.0053639
1313.38  2.95266  0.00536379
1314.27  2.95264  0.00536368
1315.16  2.95261  0.00536358
1316.06  2.95259  0.00536349
1316.95  2.95256  0.00536339
1317.84  2.95253  0.0053633
1318.74  2.95251  0.00536321
1319.63  2.95248  0.00536312
1320.52  2.95246  0.00536304
1321.42  2.95243  0.00536295
1322.31  2.9524  0.00536288
1323.2  2.95238  0.0053628
1324.1  2.95235  0.00536272
1324.99  2.95233  0.00536265
1325.88  2.9523  0.00536258
1326.78  2.95227  0.00536252
1327.67  2.95225  0.00536245
1328.56  2.95222  0.00536239
1329.46  2.9522  0.00536233
1330.35  2.95217  0.00536228
1331.24  2.95215  0.00536222
1332.14  2.95212  0.00536217
1333.03  2.95209  0.00536212
1333.92  2.95207  0.00536207
1334.81  2.95204  0.00536203
1335.71  2.95202  0.00536199
1336.6  2.95199  0.00536194
1337.49  2.95197  0.00536191
1338.39  2.95194  0.00536187
1339.28  2.95191  0.00536184
1340.17  2.95189  0.00536181
1341.07  2.95186  0.00536178
1341.96  2.95184  0.00536175
1342.85  2.95181  0.00536172
1343.75  2.95179  0.0053617
1344.64  2.95176  0.00536168
1345.53  2.95174  0.00536166
1346.43  2.95171  0.00536164
1347.32  2.95169  0.00536163
1348.21  2.95166  0.00536162
1349.11  2.95163  0.00536161
1350  2.95161  0.0053616
