0.077  -0.00090537  2.21187e-05
0.0771276  -0.000797687  1.94876e-05
0.0772552  -0.000694467  1.69657e-05
0.0773828  -0.000595954  1.45588e-05
0.0775104  -0.000502432  1.22739e-05
0.077638  -0.000414232  1.01191e-05
0.0777656  -0.000331751  8.10408e-06
0.0778932  -0.000255478  6.24075e-06
0.0780209  -0.000186032  4.54426e-06
0.0781485  -0.000124243  3.03486e-06
0.0782761  -7.13034e-05  1.74168e-06
0.0784037  -2.91725e-05  7.12561e-07
0.0785313  -2.30096e-06  5.62016e-08
0.0786589  1.47184e-05  3.59492e-07
0.0787865  5.10966e-05  1.24799e-06
0.0789141  0.000100034  2.44317e-06
0.0790417  0.000158958  3.8822e-06
0.0791693  0.000226475  5.53102e-06
0.0792969  0.000301678  7.36746e-06
0.0794245  0.000383918  9.37564e-06
0.0795521  0.000472702  1.15435e-05
0.0796797  0.000567639  1.38615e-05
0.0798073  0.000668413  1.63218e-05
0.0799349  0.000774759  1.89181e-05
0.0800626  0.000886454  2.16448e-05
0.0801902  0.00100331  2.44972e-05
0.0803178  0.00112515  2.74713e-05
0.0804454  0.00125184  3.05635e-05
0.080573  0.00138324  3.37705e-05
0.0807006  0.00151925  3.70897e-05
0.0808282  0.00165976  4.05184e-05
0.0809558  0.00180467  4.40543e-05
0.0810834  0.0019539  4.76956e-05
0.081211  0.00210739  5.14402e-05
0.0813386  0.00226505  5.52865e-05
0.0814662  0.00242683  5.92329e-05
0.0815938  0.00259267  6.3278e-05
0.0817214  0.00276252  6.74206e-05
0.081849  0.00293633  7.16594e-05
0.0819766  0.00311405  7.59933e-05
0.0821043  0.00329565  8.04214e-05
0.0822319  0.00348109  8.49426e-05
0.0823595  0.00367033  8.95563e-05
0.0824871  0.00386335  9.42615e-05
0.0826147  0.00406011  9.90575e-05
0.0827423  0.00426059  0.000103944
0.0828699  0.00446477  0.000108919
0.0829975  0.00467261  0.000113984
0.0831251  0.00488411  0.000119137
0.0832527  0.00509924  0.000124379
0.0833803  0.00531799  0.000129707
0.0835079  0.00554034  0.000135123
0.0836355  0.00576628  0.000140626
0.0837631  0.00599579  0.000146215
0.0838907  0.00622887  0.000151891
0.0840183  0.0064655  0.000157652
0.084146  0.00670568  0.000163499
0.0842736  0.00694939  0.000169431
0.0844012  0.00719664  0.000175448
0.0845288  0.00744741  0.000181551
0.0846564  0.00770171  0.000187739
0.084784  0.00795952  0.000194011
0.0849116  0.00822085  0.000200368
0.0850392  0.0084857  0.00020681
0.0851668  0.00875405  0.000213336
0.0852944  0.00902593  0.000219947
0.085422  0.00930131  0.000226643
0.0855496  0.00958021  0.000233423
0.0856772  0.00986264  0.000240287
0.0858048  0.0101486  0.000247237
0.0859324  0.010438  0.00025427
0.0860601  0.010731  0.000261389
0.0861877  0.0110276  0.000268592
0.0863153  0.0113276  0.000275881
0.0864429  0.0116313  0.000283254
0.0865705  0.0119384  0.000290713
0.0866981  0.0122492  0.000298256
0.0868257  0.0125635  0.000305886
0.0869533  0.0128814  0.000313601
0.0870809  0.0132028  0.000321401
0.0872085  0.0135279  0.000329288
0.0873361  0.0138566  0.000337261
0.0874637  0.0141889  0.00034532
0.0875913  0.0145248  0.000353466
0.0877189  0.0148644  0.000361699
0.0878465  0.0152076  0.000370019
0.0879741  0.0155545  0.000378427
0.0881018  0.0159051  0.000386922
0.0882294  0.0162593  0.000395506
0.088357  0.0166173  0.000404177
0.0884846  0.016979  0.000412938
0.0886122  0.0173445  0.000421787
0.0887398  0.0177137  0.000430726
0.0888674  0.0180867  0.000439754
0.088995  0.0184635  0.000448872
0.0891226  0.0188441  0.000458081
0.0892502  0.0192285  0.00046738
0.0893778  0.0196168  0.000476771
0.0895054  0.0200089  0.000486253
0.089633  0.0204049  0.000495828
0.0897606  0.0208049  0.000505495
0.0898882  0.0212087  0.000515254
0.0900158  0.0216166  0.000525107
0.0901435  0.0220283  0.000535054
0.0902711  0.0224441  0.000545095
0.0903987  0.0228639  0.000555231
0.0905263  0.0232877  0.000565462
0.0906539  0.0237156  0.000575789
0.0907815  0.0241476  0.000586212
0.0909091  0.0245837  0.000596732
0.0910367  0.0250239  0.000607349
0.0911643  0.0254683  0.000618064
0.0912919  0.0259169  0.000628877
0.0914195  0.0263697  0.00063979
0.0915471  0.0268268  0.000650802
0.0916747  0.0272881  0.000661915
0.0918023  0.0277537  0.000673128
0.0919299  0.0282236  0.000684442
0.0920575  0.0286979  0.000695859
0.0921852  0.0291766  0.000707378
0.0923128  0.0296598  0.000719001
0.0924404  0.0301473  0.000730727
0.092568  0.0306394  0.000742559
0.0926956  0.0311359  0.000754495
0.0928232  0.031637  0.000766538
0.0929508  0.0321427  0.000778687
0.0930784  0.032653  0.000790944
0.093206  0.0331679  0.00080331
0.0933336  0.0336876  0.000815784
0.0934612  0.0342119  0.000828368
0.0935888  0.034741  0.000841062
0.0937164  0.0352749  0.000853868
0.093844  0.0358137  0.000866786
0.0939716  0.0363573  0.000879817
0.0940992  0.0369058  0.000892961
0.0942269  0.0374592  0.00090622
0.0943545  0.0380176  0.000919595
0.0944821  0.0385811  0.000933085
0.0946097  0.0391496  0.000946693
0.0947373  0.0397233  0.000960419
0.0948649  0.0403021  0.000974264
0.0949925  0.0408861  0.000988229
0.0951201  0.0414753  0.00100231
0.0952477  0.0420699  0.00101652
0.0953753  0.0426697  0.00103085
0.0955029  0.0432749  0.00104531
0.0956305  0.0438856  0.00105989
0.0957581  0.0445017  0.00107459
0.0958857  0.0451234  0.00108942
0.0960133  0.0457506  0.00110438
0.096141  0.0463835  0.00111947
0.0962686  0.047022  0.00113469
0.0963962  0.0476662  0.00115003
0.0965238  0.0483163  0.00116552
0.0966514  0.0489721  0.00118113
0.096779  0.0496338  0.00119688
0.0969066  0.0503015  0.00121276
0.0970342  0.0509752  0.00122878
0.0971618  0.0516549  0.00124494
0.0972894  0.0523408  0.00126124
0.097417  0.0530328  0.00127768
0.0975446  0.053731  0.00129426
0.0976722  0.0544355  0.00131098
0.0977998  0.0551464  0.00132785
0.0979274  0.0558637  0.00134486
0.098055  0.0565874  0.00136202
0.0981827  0.0573177  0.00137933
0.0983103  0.0580546  0.00139678
0.0984379  0.0587982  0.00141439
0.0985655  0.0595485  0.00143215
0.0986931  0.0603057  0.00145007
0.0988207  0.0610697  0.00146814
0.0989483  0.0618406  0.00148636
0.0990759  0.0626186  0.00150475
0.0992035  0.0634037  0.00152329
0.0993311  0.0641959  0.001542
0.0994587  0.0649954  0.00156086
0.0995863  0.0658023  0.0015799
0.0997139  0.0666165  0.0015991
0.0998415  0.0674382  0.00161846
0.0999691  0.0682674  0.001638
0.100097  0.0691043  0.0016577
0.100224  0.0699489  0.00167758
0.100352  0.0708014  0.00169764
0.10048  0.0716617  0.00171787
0.100607  0.07253  0.00173828
0.100735  0.0734064  0.00175886
0.100862  0.0742909  0.00177963
0.10099  0.0751837  0.00180059
0.101118  0.0760849  0.00182173
0.101245  0.0769945  0.00184305
0.101373  0.0779126  0.00186457
0.1015  0.0788394  0.00188628
0.101628  0.0797749  0.00190818
0.101756  0.0807192  0.00193027
0.101883  0.0816725  0.00195257
0.102011  0.0826348  0.00197506
0.102138  0.0836063  0.00199776
0.102266  0.084587  0.00202066
0.102394  0.0855771  0.00204376
0.102521  0.0865767  0.00206708
0.102649  0.0875858  0.00209061
0.102776  0.0886047  0.00211435
0.102904  0.0896334  0.0021383
0.103032  0.0906721  0.00216248
0.103159  0.0917208  0.00218687
0.103287  0.0927797  0.00221149
0.103415  0.093849  0.00223633
0.103542  0.0949287  0.0022614
0.10367  0.0960189  0.0022867
0.103797  0.0971199  0.00231224
0.103925  0.0982317  0.00233801
0.104053  0.0993545  0.00236402
0.10418  0.100488  0.00239028
0.104308  0.101634  0.00241677
0.104435  0.10279  0.00244352
0.104563  0.103958  0.00247052
0.104691  0.105138  0.00249777
0.104818  0.10633  0.00252527
0.104946  0.107534  0.00255304
0.105073  0.10875  0.00258107
0.105201  0.109978  0.00260936
0.105329  0.111219  0.00263793
0.105456  0.112472  0.00266676
0.105584  0.113738  0.00269588
0.105711  0.115017  0.00272527
0.105839  0.11631  0.00275495
0.105967  0.117616  0.00278491
0.106094  0.118935  0.00281516
0.106222  0.120268  0.00284571
0.106349  0.121615  0.00287655
0.106477  0.122976  0.0029077
0.106605  0.124352  0.00293915
0.106732  0.125742  0.00297091
0.10686  0.127146  0.00300298
0.106987  0.128566  0.00303537
0.107115  0.13  0.00306809
0.107243  0.13145  0.00310113
0.10737  0.132916  0.00313449
0.107498  0.134398  0.0031682
0.107626  0.135895  0.00320224
0.107753  0.137409  0.00323663
0.107881  0.138939  0.00327136
0.108008  0.140486  0.00330645
0.108136  0.14205  0.00334189
0.108264  0.143631  0.0033777
0.108391  0.145229  0.00341388
0.108519  0.146846  0.00345042
0.108646  0.14848  0.00348735
0.108774  0.150133  0.00352466
0.108902  0.151804  0.00356236
0.109029  0.153494  0.00360045
0.109157  0.155204  0.00363895
0.109284  0.156932  0.00367785
0.109412  0.158681  0.00371716
0.10954  0.160449  0.00375689
0.109667  0.162238  0.00379704
0.109795  0.164048  0.00383762
0.109922  0.165878  0.00387864
0.11005  0.16773  0.0039201
0.110178  0.169604  0.00396201
0.110305  0.171499  0.00400437
0.110433  0.173417  0.0040472
0.11056  0.175358  0.0040905
0.110688  0.177322  0.00413427
0.110816  0.179309  0.00417853
0.110943  0.18132  0.00422328
0.111071  0.183356  0.00426853
0.111198  0.185416  0.00431428
0.111326  0.187501  0.00436055
0.111454  0.189612  0.00440734
0.111581  0.191748  0.00445467
0.111709  0.193911  0.00450253
0.111837  0.196101  0.00455094
0.111964  0.198318  0.00459991
0.112092  0.200563  0.00464945
0.112219  0.202836  0.00469956
0.112347  0.205137  0.00475025
0.112475  0.207468  0.00480154
0.112602  0.209828  0.00485343
0.11273  0.212219  0.00490594
0.112857  0.214641  0.00495907
0.112985  0.217093  0.00501283
0.113113  0.219578  0.00506724
0.11324  0.222095  0.00512231
0.113368  0.224645  0.00517805
0.113495  0.227228  0.00523446
0.113623  0.229846  0.00529156
0.113751  0.232499  0.00534937
0.113878  0.235186  0.00540789
0.114006  0.237911  0.00546715
0.114133  0.240671  0.00552714
0.114261  0.24347  0.00558788
0.114389  0.246306  0.0056494
0.114516  0.249181  0.00571169
0.114644  0.252096  0.00577479
0.114771  0.255051  0.00583869
0.114899  0.258047  0.00590342
0.115027  0.261085  0.00596899
0.115154  0.264166  0.00603541
0.115282  0.26729  0.00610271
0.11541  0.270459  0.0061709
0.115537  0.273672  0.00624
0.115665  0.276932  0.00631001
0.115792  0.280238  0.00638098
0.11592  0.283593  0.0064529
0.116048  0.286996  0.0065258
0.116175  0.290449  0.0065997
0.116303  0.293953  0.00667461
0.11643  0.297508  0.00675057
0.116558  0.301117  0.00682759
0.116686  0.304779  0.00690569
0.116813  0.308496  0.00698489
0.116941  0.312269  0.00706522
0.117068  0.316099  0.00714669
0.117196  0.319988  0.00722935
0.117324  0.323936  0.0073132
0.117451  0.327945  0.00739827
0.117579  0.332016  0.0074846
0.117706  0.33615  0.00757221
0.117834  0.340348  0.00766112
0.117962  0.344613  0.00775136
0.118089  0.348945  0.00784297
0.118217  0.353346  0.00793597
0.118344  0.357816  0.00803039
0.118472  0.362359  0.00812628
0.1186  0.366974  0.00822365
0.118727  0.371664  0.00832255
0.118855  0.376431  0.008423
0.118982  0.381275  0.00852506
0.11911  0.386199  0.00862874
0.119238  0.391204  0.0087341
0.119365  0.396292  0.00884116
0.119493  0.401464  0.00894998
0.119621  0.406723  0.00906059
0.119748  0.412071  0.00917304
0.119876  0.417509  0.00928737
0.120003  0.423038  0.00940362
0.120131  0.428663  0.00952185
0.120259  0.434383  0.00964211
0.120386  0.440202  0.00976443
0.120514  0.446121  0.00988888
0.120641  0.452142  0.0100155
0.120769  0.458268  0.0101444
0.120897  0.464502  0.0102755
0.121024  0.470844  0.010409
0.121152  0.477298  0.0105449
0.121279  0.483866  0.0106833
0.121407  0.490551  0.0108242
0.121535  0.497354  0.0109677
0.121662  0.504278  0.0111138
0.12179  0.511327  0.0112627
0.121917  0.518502  0.0114144
0.122045  0.525806  0.0115689
0.122173  0.533242  0.0117264
0.1223  0.540813  0.0118869
0.122428  0.54852  0.0120505
0.122555  0.556368  0.0122172
0.122683  0.564359  0.0123872
0.122811  0.572495  0.0125605
0.122938  0.58078  0.0127373
0.123066  0.589216  0.0129175
0.123193  0.597806  0.0131013
0.123321  0.606554  0.0132887
0.123449  0.615462  0.0134799
0.123576  0.624533  0.0136748
0.123704  0.63377  0.0138737
0.123832  0.643176  0.0140766
0.123959  0.652754  0.0142835
0.124087  0.662506  0.0144945
0.124214  0.672437  0.0147098
0.124342  0.682547  0.0149293
0.12447  0.692841  0.0151532
0.124597  0.703321  0.0153816
0.124725  0.713989  0.0156144
0.124852  0.724849  0.0158517
0.12498  0.735902  0.0160937
0.125108  0.747152  0.0163402
0.125235  0.7586  0.0165915
0.125363  0.770248  0.0168474
0.12549  0.782099  0.0171081
0.125618  0.794154  0.0173735
0.125746  0.806415  0.0176435
0.125873  0.818884  0.0179183
0.126001  0.831561  0.0181976
0.126128  0.844449  0.0184816
0.126256  0.857547  0.0187701
0.126384  0.870856  0.019063
0.126511  0.884376  0.0193601
0.126639  0.898108  0.0196615
0.126766  0.912051  0.0199668
0.126894  0.926204  0.020276
0.127022  0.940566  0.0205887
0.127149  0.955136  0.0209049
0.127277  0.969912  0.0212241
0.127405  0.984891  0.0215461
0.127532  1.00007  0.0218706
0.12766  1.01545  0.0221972
0.127787  1.03102  0.0225255
0.127915  1.04678  0.0228551
0.128043  1.06273  0.0231856
0.12817  1.07886  0.0235164
0.128298  1.09516  0.0238471
0.128425  1.11164  0.0241772
0.128553  1.12827  0.024506
0.128681  1.14506  0.024833
0.128808  1.162  0.0251576
0.128936  1.17908  0.0254792
0.129063  1.19629  0.0257971
0.129191  1.21362  0.0261106
0.129319  1.23106  0.0264192
0.129446  1.24861  0.0267222
0.129574  1.26626  0.0270188
0.129701  1.28398  0.0273085
0.129829  1.30178  0.0275905
0.129957  1.31964  0.0278643
0.130084  1.33755  0.0281293
0.130212  1.3555  0.0283847
0.130339  1.37348  0.0286302
0.130467  1.39147  0.0288651
0.130595  1.40947  0.0290889
0.130722  1.42746  0.0293012
0.13085  1.44543  0.0295015
0.130977  1.46337  0.0296896
0.131105  1.48127  0.0298649
0.131233  1.49911  0.0300274
0.13136  1.51689  0.0301766
0.131488  1.53459  0.0303126
0.131616  1.55221  0.030435
0.131743  1.56973  0.0305439
0.131871  1.58714  0.0306392
0.131998  1.60444  0.030721
0.132126  1.62161  0.0307893
0.132254  1.63864  0.0308443
0.132381  1.65554  0.030886
0.132509  1.67228  0.0309148
0.132636  1.68887  0.0309308
0.132764  1.70529  0.0309343
0.132892  1.72154  0.0309257
0.133019  1.73762  0.0309052
0.133147  1.75351  0.0308733
0.133274  1.76922  0.0308303
0.133402  1.78473  0.0307767
0.13353  1.80005  0.0307128
0.133657  1.81517  0.0306391
0.133785  1.83009  0.0305561
0.133912  1.84481  0.0304642
0.13404  1.85932  0.0303638
0.134168  1.87362  0.0302555
0.134295  1.88771  0.0301396
0.134423  1.90159  0.0300166
0.13455  1.91527  0.029887
0.134678  1.92872  0.0297512
0.134806  1.94197  0.0296097
0.134933  1.95501  0.0294629
0.135061  1.96784  0.0293111
0.135188  1.98046  0.0291549
0.135316  1.99287  0.0289945
0.135444  2.00507  0.0288303
0.135571  2.01707  0.0286628
0.135699  2.02886  0.0284923
0.135827  2.04045  0.028319
0.135954  2.05185  0.0281434
0.136082  2.06304  0.0279656
0.136209  2.07404  0.0277861
0.136337  2.08485  0.0276051
0.136465  2.09547  0.0274227
0.136592  2.1059  0.0272394
0.13672  2.11614  0.0270553
0.136847  2.12621  0.0268706
0.136975  2.13609  0.0266855
0.137103  2.1458  0.0265003
0.13723  2.15533  0.026315
0.137358  2.16469  0.02613
0.137485  2.17389  0.0259452
0.137613  2.18292  0.0257609
0.137741  2.19178  0.0255772
0.137868  2.20049  0.0253943
0.137996  2.20905  0.0252121
0.138123  2.21745  0.0250309
0.138251  2.2257  0.0248508
0.138379  2.2338  0.0246718
0.138506  2.24175  0.024494
0.138634  2.24957  0.0243175
0.138761  2.25725  0.0241423
0.138889  2.26479  0.0239685
0.139017  2.2722  0.0237962
0.139144  2.27947  0.0236254
0.139272  2.28662  0.0234562
0.139399  2.29364  0.0232886
0.139527  2.30054  0.0231226
0.139655  2.30732  0.0229582
0.139782  2.31398  0.0227955
0.13991  2.32053  0.0226345
0.140038  2.32696  0.0224753
0.140165  2.33329  0.0223178
0.140293  2.3395  0.022162
0.14042  2.34561  0.0220079
0.140548  2.35162  0.0218557
0.140676  2.35752  0.0217052
0.140803  2.36332  0.0215564
0.140931  2.36903  0.0214094
0.141058  2.37464  0.0212642
0.141186  2.38016  0.0211207
0.141314  2.38558  0.020979
0.141441  2.39092  0.020839
0.141569  2.39617  0.0207007
0.141696  2.40133  0.0205641
0.141824  2.40641  0.0204293
0.141952  2.41141  0.0202961
0.142079  2.41633  0.0201647
0.142207  2.42116  0.0200349
0.142334  2.42593  0.0199067
0.142462  2.43061  0.0197802
0.14259  2.43522  0.0196553
0.142717  2.43976  0.019532
0.142845  2.44423  0.0194103
0.142972  2.44863  0.0192901
0.1431  2.45296  0.0191715
0.143228  2.45722  0.0190545
0.143355  2.46142  0.0189389
0.143483  2.46556  0.0188249
0.143611  2.46963  0.0187123
0.143738  2.47364  0.0186012
0.143866  2.47759  0.0184915
0.143993  2.48148  0.0183832
0.144121  2.48532  0.0182764
0.144249  2.4891  0.0181709
0.144376  2.49282  0.0180668
0.144504  2.49649  0.017964
0.144631  2.5001  0.0178625
0.144759  2.50366  0.0177624
0.144887  2.50717  0.0176635
0.145014  2.51064  0.0175659
0.145142  2.51405  0.0174696
0.145269  2.51741  0.0173745
0.145397  2.52073  0.0172806
0.145525  2.524  0.0171879
0.145652  2.52722  0.0170963
0.14578  2.5304  0.017006
0.145907  2.53354  0.0169168
0.146035  2.53663  0.0168287
0.146163  2.53968  0.0167417
0.14629  2.54269  0.0166558
0.146418  2.54566  0.016571
0.146545  2.54859  0.0164872
0.146673  2.55148  0.0164045
0.146801  2.55433  0.0163228
0.146928  2.55714  0.0162421
0.147056  2.55992  0.0161624
0.147183  2.56266  0.0160837
0.147311  2.56536  0.0160059
0.147439  2.56803  0.0159291
0.147566  2.57067  0.0158533
0.147694  2.57327  0.0157783
0.147822  2.57584  0.0157043
0.147949  2.57838  0.0156312
0.148077  2.58088  0.0155589
0.148204  2.58335  0.0154875
0.148332  2.58579  0.015417
0.14846  2.58821  0.0153473
0.148587  2.59059  0.0152784
0.148715  2.59294  0.0152103
0.148842  2.59526  0.015143
0.14897  2.59756  0.0150766
0.149098  2.59983  0.0150108
0.149225  2.60207  0.0149459
0.149353  2.60428  0.0148817
0.14948  2.60647  0.0148183
0.149608  2.60863  0.0147556
0.149736  2.61076  0.0146936
0.149863  2.61287  0.0146323
0.149991  2.61496  0.0145717
0.150118  2.61702  0.0145118
0.150246  2.61906  0.0144525
0.150374  2.62107  0.014394
0.150501  2.62307  0.0143361
0.150629  2.62503  0.0142788
0.150756  2.62698  0.0142222
0.150884  2.6289  0.0141662
0.151012  2.63081  0.0141108
0.151139  2.63269  0.014056
0.151267  2.63455  0.0140018
0.151394  2.63639  0.0139482
0.151522  2.63821  0.0138952
0.15165  2.64001  0.0138428
0.151777  2.64178  0.0137909
0.151905  2.64354  0.0137396
0.152033  2.64529  0.0136889
0.15216  2.64701  0.0136387
0.152288  2.64871  0.013589
0.152415  2.6504  0.0135398
0.152543  2.65207  0.0134912
0.152671  2.65372  0.013443
0.152798  2.65535  0.0133954
0.152926  2.65696  0.0133483
0.153053  2.65856  0.0133016
0.153181  2.66015  0.0132554
0.153309  2.66171  0.0132097
0.153436  2.66326  0.0131645
0.153564  2.66479  0.0131197
0.153691  2.66631  0.0130754
0.153819  2.66781  0.0130316
0.153947  2.6693  0.0129882
0.154074  2.67077  0.0129452
0.154202  2.67223  0.0129026
0.154329  2.67368  0.0128605
0.154457  2.6751  0.0128188
0.154585  2.67652  0.0127775
0.154712  2.67792  0.0127366
0.15484  2.67931  0.0126961
0.154967  2.68068  0.012656
0.155095  2.68204  0.0126163
0.155223  2.68339  0.0125769
0.15535  2.68472  0.012538
0.155478  2.68604  0.0124994
0.155606  2.68735  0.0124612
0.155733  2.68865  0.0124234
0.155861  2.68993  0.0123859
0.155988  2.6912  0.0123488
0.156116  2.69246  0.012312
0.156244  2.69371  0.0122756
0.156371  2.69495  0.0122395
0.156499  2.69617  0.0122038
0.156626  2.69738  0.0121684
0.156754  2.69859  0.0121333
0.156882  2.69978  0.0120985
0.157009  2.70096  0.0120641
0.157137  2.70213  0.0120299
0.157264  2.70329  0.0119961
0.157392  2.70443  0.0119626
0.15752  2.70557  0.0119294
0.157647  2.7067  0.0118965
0.157775  2.70782  0.0118639
0.157902  2.70893  0.0118316
0.15803  2.71002  0.0117995
0.158158  2.71111  0.0117678
0.158285  2.71219  0.0117363
0.158413  2.71326  0.0117051
0.15854  2.71432  0.0116742
0.158668  2.71537  0.0116436
0.158796  2.71641  0.0116132
0.158923  2.71745  0.0115831
0.159051  2.71847  0.0115532
0.159178  2.71949  0.0115236
0.159306  2.72049  0.0114943
0.159434  2.72149  0.0114652
0.159561  2.72248  0.0114363
0.159689  2.72346  0.0114077
0.159817  2.72444  0.0113794
0.159944  2.7254  0.0113513
0.160072  2.72636  0.0113234
0.160199  2.72731  0.0112958
0.160327  2.72825  0.0112683
0.160455  2.72918  0.0112412
0.160582  2.73011  0.0112142
0.16071  2.73103  0.0111875
0.160837  2.73194  0.0111609
0.160965  2.73284  0.0111346
0.161093  2.73374  0.0111086
0.16122  2.73462  0.0110827
0.161348  2.73551  0.011057
0.161475  2.73638  0.0110316
0.161603  2.73725  0.0110063
0.161731  2.73811  0.0109813
0.161858  2.73896  0.0109564
0.161986  2.73981  0.0109318
0.162113  2.74065  0.0109073
0.162241  2.74149  0.0108831
0.162369  2.74231  0.010859
0.162496  2.74313  0.0108351
0.162624  2.74395  0.0108115
0.162751  2.74476  0.0107879
0.162879  2.74556  0.0107646
0.163007  2.74636  0.0107415
0.163134  2.74715  0.0107185
0.163262  2.74793  0.0106957
0.163389  2.74871  0.0106731
0.163517  2.74948  0.0106507
0.163645  2.75025  0.0106284
0.163772  2.75101  0.0106064
0.1639  2.75176  0.0105844
0.164028  2.75251  0.0105627
0.164155  2.75326  0.0105411
0.164283  2.75399  0.0105196
0.16441  2.75473  0.0104984
0.164538  2.75545  0.0104773
0.164666  2.75618  0.0104563
0.164793  2.75689  0.0104355
0.164921  2.7576  0.0104148
0.165048  2.75831  0.0103944
0.165176  2.75901  0.010374
0.165304  2.75971  0.0103538
0.165431  2.7604  0.0103338
0.165559  2.76109  0.0103139
0.165686  2.76177  0.0102941
0.165814  2.76244  0.0102745
0.165942  2.76312  0.010255
0.166069  2.76378  0.0102357
0.166197  2.76444  0.0102165
0.166324  2.7651  0.0101974
0.166452  2.76576  0.0101785
0.16658  2.7664  0.0101597
0.166707  2.76705  0.0101411
0.166835  2.76769  0.0101225
0.166962  2.76832  0.0101042
0.16709  2.76895  0.0100859
0.167218  2.76958  0.0100677
0.167345  2.7702  0.0100497
0.167473  2.77082  0.0100319
0.167601  2.77143  0.0100141
0.167728  2.77204  0.00999645
0.167856  2.77265  0.00997894
0.167983  2.77325  0.00996154
0.168111  2.77385  0.00994426
0.168239  2.77444  0.0099271
0.168366  2.77503  0.00991006
0.168494  2.77561  0.00989313
0.168621  2.77619  0.00987631
0.168749  2.77677  0.00985961
0.168877  2.77735  0.00984303
0.169004  2.77792  0.00982655
0.169132  2.77848  0.00981018
0.169259  2.77904  0.00979392
0.169387  2.7796  0.00977777
0.169515  2.78016  0.00976173
0.169642  2.78071  0.00974579
0.16977  2.78126  0.00972996
0.169897  2.7818  0.00971423
0.170025  2.78234  0.00969861
0.170153  2.78288  0.00968308
0.17028  2.78342  0.00966766
0.170408  2.78395  0.00965234
0.170535  2.78447  0.00963711
0.170663  2.785  0.00962199
0.170791  2.78552  0.00960696
0.170918  2.78603  0.00959203
0.171046  2.78655  0.00957719
0.171173  2.78706  0.00956245
0.171301  2.78757  0.0095478
0.171429  2.78807  0.00953325
0.171556  2.78857  0.00951879
0.171684  2.78907  0.00950441
0.171812  2.78957  0.00949013
0.171939  2.79006  0.00947594
0.172067  2.79055  0.00946184
0.172194  2.79103  0.00944782
0.172322  2.79152  0.0094339
0.17245  2.792  0.00942005
0.172577  2.79247  0.0094063
0.172705  2.79295  0.00939263
0.172832  2.79342  0.00937904
0.17296  2.79389  0.00936554
0.173088  2.79435  0.00935212
0.173215  2.79482  0.00933878
0.173343  2.79528  0.00932552
0.17347  2.79574  0.00931234
0.173598  2.79619  0.00929924
0.173726  2.79664  0.00928623
0.173853  2.79709  0.00927329
0.173981  2.79754  0.00926042
0.174108  2.79798  0.00924764
0.174236  2.79842  0.00923493
0.174364  2.79886  0.00922229
0.174491  2.7993  0.00920974
0.174619  2.79973  0.00919725
0.174746  2.80017  0.00918484
0.174874  2.80059  0.0091725
0.175002  2.80102  0.00916024
0.175129  2.80144  0.00914805
0.175257  2.80187  0.00913593
0.175384  2.80228  0.00912387
0.175512  2.8027  0.00911189
0.17564  2.80312  0.00909998
0.175767  2.80353  0.00908814
0.175895  2.80394  0.00907637
0.176023  2.80434  0.00906466
0.17615  2.80475  0.00905302
0.176278  2.80515  0.00904145
0.176405  2.80555  0.00902994
0.176533  2.80595  0.0090185
0.176661  2.80635  0.00900713
0.176788  2.80674  0.00899582
0.176916  2.80713  0.00898457
0.177043  2.80752  0.00897338
0.177171  2.80791  0.00896226
0.177299  2.80829  0.00895121
0.177426  2.80868  0.00894021
0.177554  2.80906  0.00892927
0.177681  2.80944  0.0089184
0.177809  2.80981  0.00890759
0.177937  2.81019  0.00889683
0.178064  2.81056  0.00888614
0.178192  2.81093  0.0088755
0.178319  2.8113  0.00886493
0.178447  2.81167  0.00885441
0.178575  2.81203  0.00884395
0.178702  2.81239  0.00883354
0.17883  2.81275  0.0088232
0.178957  2.81311  0.00881291
0.179085  2.81347  0.00880267
0.179213  2.81383  0.00879249
0.17934  2.81418  0.00878237
0.179468  2.81453  0.0087723
0.179595  2.81488  0.00876228
0.179723  2.81523  0.00875232
0.179851  2.81557  0.00874241
0.179978  2.81592  0.00873255
0.180106  2.81626  0.00872275
0.180234  2.8166  0.00871299
0.180361  2.81694  0.00870329
0.180489  2.81727  0.00869365
0.180616  2.81761  0.00868405
0.180744  2.81794  0.0086745
0.180872  2.81827  0.008665
0.180999  2.8186  0.00865555
0.181127  2.81893  0.00864615
0.181254  2.81926  0.0086368
0.181382  2.81958  0.0086275
0.18151  2.81991  0.00861825
0.181637  2.82023  0.00860905
0.181765  2.82055  0.00859989
0.181892  2.82087  0.00859078
0.18202  2.82118  0.00858171
0.182148  2.8215  0.0085727
0.182275  2.82181  0.00856373
0.182403  2.82212  0.0085548
0.18253  2.82243  0.00854592
0.182658  2.82274  0.00853709
0.182786  2.82305  0.0085283
0.182913  2.82336  0.00851955
0.183041  2.82366  0.00851085
0.183168  2.82396  0.00850219
0.183296  2.82426  0.00849358
0.183424  2.82456  0.00848501
0.183551  2.82486  0.00847648
0.183679  2.82516  0.00846799
0.183807  2.82545  0.00845955
0.183934  2.82575  0.00845115
0.184062  2.82604  0.00844279
0.184189  2.82633  0.00843447
0.184317  2.82662  0.00842619
0.184445  2.82691  0.00841795
0.184572  2.8272  0.00840976
0.1847  2.82748  0.0084016
0.184827  2.82777  0.00839348
0.184955  2.82805  0.00838541
0.185083  2.82833  0.00837737
0.18521  2.82861  0.00836937
0.185338  2.82889  0.00836141
0.185465  2.82917  0.00835349
0.185593  2.82944  0.00834561
0.185721  2.82972  0.00833776
0.185848  2.82999  0.00832996
0.185976  2.83026  0.00832219
0.186103  2.83053  0.00831446
0.186231  2.8308  0.00830676
0.186359  2.83107  0.0082991
0.186486  2.83134  0.00829148
0.186614  2.83161  0.00828389
0.186741  2.83187  0.00827634
0.186869  2.83213  0.00826883
0.186997  2.8324  0.00826135
0.187124  2.83266  0.0082539
0.187252  2.83292  0.00824649
0.187379  2.83317  0.00823912
0.187507  2.83343  0.00823178
0.187635  2.83369  0.00822447
0.187762  2.83394  0.0082172
0.18789  2.8342  0.00820996
0.188018  2.83445  0.00820276
0.188145  2.8347  0.00819559
0.188273  2.83495  0.00818845
0.1884  2.8352  0.00818135
0.188528  2.83545  0.00817427
0.188656  2.8357  0.00816723
0.188783  2.83594  0.00816023
0.188911  2.83619  0.00815325
0.189038  2.83643  0.00814631
0.189166  2.83667  0.00813939
0.189294  2.83691  0.00813251
0.189421  2.83715  0.00812566
0.189549  2.83739  0.00811885
0.189676  2.83763  0.00811206
0.189804  2.83787  0.0081053
0.189932  2.83811  0.00809857
0.190059  2.83834  0.00809188
0.190187  2.83857  0.00808521
0.190314  2.83881  0.00807857
0.190442  2.83904  0.00807197
0.19057  2.83927  0.00806539
0.190697  2.8395  0.00805884
0.190825  2.83973  0.00805232
0.190952  2.83996  0.00804583
0.19108  2.84019  0.00803937
0.191208  2.84041  0.00803293
0.191335  2.84064  0.00802653
0.191463  2.84086  0.00802015
0.19159  2.84108  0.0080138
0.191718  2.84131  0.00800748
0.191846  2.84153  0.00800119
0.191973  2.84175  0.00799492
0.192101  2.84197  0.00798868
0.192229  2.84218  0.00798247
0.192356  2.8424  0.00797629
0.192484  2.84262  0.00797013
0.192611  2.84283  0.007964
0.192739  2.84305  0.00795789
0.192867  2.84326  0.00795181
0.192994  2.84348  0.00794576
0.193122  2.84369  0.00793973
0.193249  2.8439  0.00793373
0.193377  2.84411  0.00792775
0.193505  2.84432  0.0079218
0.193632  2.84453  0.00791588
0.19376  2.84473  0.00790998
0.193887  2.84494  0.0079041
0.194015  2.84515  0.00789825
0.194143  2.84535  0.00789243
0.19427  2.84556  0.00788663
0.194398  2.84576  0.00788085
0.194525  2.84596  0.0078751
0.194653  2.84616  0.00786937
0.194781  2.84636  0.00786367
0.194908  2.84656  0.00785799
0.195036  2.84676  0.00785233
0.195163  2.84696  0.0078467
0.195291  2.84716  0.00784109
0.195419  2.84736  0.0078355
0.195546  2.84755  0.00782994
0.195674  2.84775  0.0078244
0.195802  2.84794  0.00781888
0.195929  2.84813  0.00781338
0.196057  2.84833  0.00780791
0.196184  2.84852  0.00780246
0.196312  2.84871  0.00779703
0.19644  2.8489  0.00779163
0.196567  2.84909  0.00778624
0.196695  2.84928  0.00778088
0.196822  2.84947  0.00777554
0.19695  2.84965  0.00777022
0.197078  2.84984  0.00776493
0.197205  2.85003  0.00775965
0.197333  2.85021  0.0077544
0.19746  2.8504  0.00774916
0.197588  2.85058  0.00774395
0.197716  2.85076  0.00773876
0.197843  2.85095  0.00773359
0.197971  2.85113  0.00772844
0.198098  2.85131  0.00772331
0.198226  2.85149  0.0077182
0.198354  2.85167  0.00771311
0.198481  2.85185  0.00770805
0.198609  2.85202  0.007703
0.198736  2.8522  0.00769797
0.198864  2.85238  0.00769296
0.198992  2.85255  0.00768797
0.199119  2.85273  0.007683
0.199247  2.8529  0.00767805
0.199374  2.85308  0.00767312
0.199502  2.85325  0.00766821
0.19963  2.85342  0.00766332
0.199757  2.85359  0.00765845
0.199885  2.85377  0.00765359
0.200013  2.85394  0.00764876
0.20014  2.85411  0.00764394
0.200268  2.85428  0.00763915
0.200395  2.85444  0.00763437
0.200523  2.85461  0.00762961
0.200651  2.85478  0.00762486
0.200778  2.85495  0.00762014
0.200906  2.85511  0.00761543
0.201033  2.85528  0.00761075
0.201161  2.85544  0.00760608
0.201289  2.85561  0.00760142
0.201416  2.85577  0.00759679
0.201544  2.85593  0.00759217
0.201671  2.8561  0.00758757
0.201799  2.85626  0.00758299
0.201927  2.85642  0.00757843
0.202054  2.85658  0.00757388
0.202182  2.85674  0.00756935
0.202309  2.8569  0.00756484
0.202437  2.85706  0.00756034
0.202565  2.85722  0.00755586
0.202692  2.85737  0.0075514
0.20282  2.85753  0.00754695
0.202947  2.85769  0.00754253
0.203075  2.85784  0.00753811
0.203203  2.858  0.00753372
0.20333  2.85815  0.00752934
0.203458  2.85831  0.00752497
0.203585  2.85846  0.00752063
0.203713  2.85861  0.0075163
0.203841  2.85877  0.00751198
0.203968  2.85892  0.00750768
0.204096  2.85907  0.0075034
0.204224  2.85922  0.00749913
0.204351  2.85937  0.00749488
0.204479  2.85952  0.00749064
0.204606  2.85967  0.00748642
0.204734  2.85982  0.00748222
0.204862  2.85997  0.00747802
0.204989  2.86011  0.00747385
0.205117  2.86026  0.00746969
0.205244  2.86041  0.00746555
0.205372  2.86055  0.00746142
0.2055  2.8607  0.0074573
0.205627  2.86084  0.0074532
0.205755  2.86099  0.00744912
0.205882  2.86113  0.00744505
0.20601  2.86127  0.00744099
0.206138  2.86142  0.00743695
0.206265  2.86156  0.00743292
0.206393  2.8617  0.00742891
0.20652  2.86184  0.00742491
0.206648  2.86198  0.00742093
0.206776  2.86212  0.00741696
0.206903  2.86226  0.007413
0.207031  2.8624  0.00740906
0.207158  2.86254  0.00740513
0.207286  2.86268  0.00740122
0.207414  2.86282  0.00739732
0.207541  2.86296  0.00739343
0.207669  2.86309  0.00738956
0.207796  2.86323  0.0073857
0.207924  2.86337  0.00738186
0.208052  2.8635  0.00737803
0.208179  2.86364  0.00737421
0.208307  2.86377  0.0073704
0.208435  2.86391  0.00736661
0.208562  2.86404  0.00736283
0.20869  2.86417  0.00735907
0.208817  2.86431  0.00735532
0.208945  2.86444  0.00735158
0.209073  2.86457  0.00734785
0.2092  2.8647  0.00734414
0.209328  2.86483  0.00734044
0.209455  2.86496  0.00733675
0.209583  2.86509  0.00733307
0.209711  2.86522  0.00732941
0.209838  2.86535  0.00732576
0.209966  2.86548  0.00732212
0.210093  2.86561  0.0073185
0.210221  2.86574  0.00731489
0.210349  2.86586  0.00731129
0.210476  2.86599  0.0073077
0.210604  2.86612  0.00730412
0.210731  2.86624  0.00730056
0.210859  2.86637  0.00729701
0.210987  2.8665  0.00729347
0.211114  2.86662  0.00728994
0.211242  2.86674  0.00728642
0.211369  2.86687  0.00728292
0.211497  2.86699  0.00727943
0.211625  2.86712  0.00727595
0.211752  2.86724  0.00727248
0.21188  2.86736  0.00726902
0.212008  2.86748  0.00726558
0.212135  2.8676  0.00726214
0.212263  2.86773  0.00725872
0.21239  2.86785  0.00725531
0.212518  2.86797  0.00725191
0.212646  2.86809  0.00724852
0.212773  2.86821  0.00724514
0.212901  2.86833  0.00724178
0.213028  2.86845  0.00723842
0.213156  2.86856  0.00723508
0.213284  2.86868  0.00723174
0.213411  2.8688  0.00722842
0.213539  2.86892  0.00722511
0.213666  2.86903  0.00722181
0.213794  2.86915  0.00721852
0.213922  2.86927  0.00721524
0.214049  2.86938  0.00721197
0.214177  2.8695  0.00720872
0.214304  2.86961  0.00720547
0.214432  2.86973  0.00720224
0.21456  2.86984  0.00719901
0.214687  2.86996  0.00719579
0.214815  2.87007  0.00719259
0.214942  2.87018  0.0071894
0.21507  2.8703  0.00718621
0.215198  2.87041  0.00718304
0.215325  2.87052  0.00717987
0.215453  2.87063  0.00717672
0.21558  2.87074  0.00717358
0.215708  2.87085  0.00717045
0.215836  2.87097  0.00716732
0.215963  2.87108  0.00716421
0.216091  2.87119  0.00716111
0.216219  2.8713  0.00715801
0.216346  2.87141  0.00715493
0.216474  2.87151  0.00715186
0.216601  2.87162  0.00714879
0.216729  2.87173  0.00714574
0.216857  2.87184  0.00714269
0.216984  2.87195  0.00713966
0.217112  2.87205  0.00713663
0.217239  2.87216  0.00713362
0.217367  2.87227  0.00713061
0.217495  2.87237  0.00712762
0.217622  2.87248  0.00712463
0.21775  2.87259  0.00712165
0.217877  2.87269  0.00711868
0.218005  2.8728  0.00711572
0.218133  2.8729  0.00711277
0.21826  2.87301  0.00710983
0.218388  2.87311  0.0071069
0.218515  2.87321  0.00710398
0.218643  2.87332  0.00710107
0.218771  2.87342  0.00709816
0.218898  2.87352  0.00709527
0.219026  2.87362  0.00709238
0.219153  2.87373  0.0070895
0.219281  2.87383  0.00708663
0.219409  2.87393  0.00708377
0.219536  2.87403  0.00708092
0.219664  2.87413  0.00707808
0.219791  2.87423  0.00707525
0.219919  2.87433  0.00707242
0.220047  2.87443  0.00706961
0.220174  2.87453  0.0070668
0.220302  2.87463  0.007064
0.22043  2.87473  0.00706121
0.220557  2.87483  0.00705843
0.220685  2.87493  0.00705566
0.220812  2.87503  0.00705289
0.22094  2.87512  0.00705013
0.221068  2.87522  0.00704739
0.221195  2.87532  0.00704465
0.221323  2.87542  0.00704191
0.22145  2.87551  0.00703919
0.221578  2.87561  0.00703648
0.221706  2.87571  0.00703377
0.221833  2.8758  0.00703107
0.221961  2.8759  0.00702838
0.222088  2.87599  0.0070257
0.222216  2.87609  0.00702302
0.222344  2.87618  0.00702035
0.222471  2.87628  0.0070177
0.222599  2.87637  0.00701505
0.222726  2.87646  0.0070124
0.222854  2.87656  0.00700977
0.222982  2.87665  0.00700714
0.223109  2.87674  0.00700452
0.223237  2.87684  0.00700191
0.223364  2.87693  0.00699931
0.223492  2.87702  0.00699671
0.22362  2.87711  0.00699412
0.223747  2.87721  0.00699154
0.223875  2.8773  0.00698897
0.224003  2.87739  0.0069864
0.22413  2.87748  0.00698384
0.224258  2.87757  0.00698129
0.224385  2.87766  0.00697875
0.224513  2.87775  0.00697621
0.224641  2.87784  0.00697368
0.224768  2.87793  0.00697116
0.224896  2.87802  0.00696865
0.225023  2.87811  0.00696614
0.225151  2.8782  0.00696364
0.225279  2.87829  0.00696115
0.225406  2.87837  0.00695867
0.225534  2.87846  0.00695619
0.225661  2.87855  0.00695372
0.225789  2.87864  0.00695126
0.225917  2.87873  0.0069488
0.226044  2.87881  0.00694635
0.226172  2.8789  0.00694391
0.226299  2.87899  0.00694148
0.226427  2.87907  0.00693905
0.226555  2.87916  0.00693663
0.226682  2.87924  0.00693421
0.22681  2.87933  0.00693181
0.226937  2.87941  0.00692941
0.227065  2.8795  0.00692701
0.227193  2.87958  0.00692463
0.22732  2.87967  0.00692225
0.227448  2.87975  0.00691987
0.227575  2.87984  0.00691751
0.227703  2.87992  0.00691515
0.227831  2.88001  0.00691279
0.227958  2.88009  0.00691045
0.228086  2.88017  0.00690811
0.228214  2.88025  0.00690578
0.228341  2.88034  0.00690345
0.228469  2.88042  0.00690113
0.228596  2.8805  0.00689882
0.228724  2.88058  0.00689651
0.228852  2.88067  0.00689421
0.228979  2.88075  0.00689192
0.229107  2.88083  0.00688963
0.229234  2.88091  0.00688735
0.229362  2.88099  0.00688507
0.22949  2.88107  0.0068828
0.229617  2.88115  0.00688054
0.229745  2.88123  0.00687829
0.229872  2.88131  0.00687604
0.23  2.88139  0.00687379
