0.077  -0.000900933  2.0112e-05
0.0771276  -0.00079378  1.77239e-05
0.0772552  -0.000691066  1.5434e-05
0.0773828  -0.000593037  1.32476e-05
0.0775104  -0.000499974  1.11713e-05
0.077638  -0.000412206  9.21234e-06
0.0777656  -0.00033013  7.37972e-06
0.0778932  -0.00025423  5.68437e-06
0.0780209  -0.000185124  4.14019e-06
0.0781485  -0.000123637  2.76571e-06
0.0782761  -7.09556e-05  1.58762e-06
0.0784037  -2.90303e-05  6.49703e-07
0.0785313  -2.28975e-06  5.12572e-08
0.0786589  1.46467e-05  3.27952e-07
0.0787865  5.0848e-05  1.1388e-06
0.0789141  9.95472e-05  2.23002e-06
0.0790417  0.000158185  3.54445e-06
0.0791693  0.000225375  5.05121e-06
0.0792969  0.000300214  6.73019e-06
0.0794245  0.000382055  8.56703e-06
0.0795521  0.000470409  1.05509e-05
0.0796797  0.000564888  1.26731e-05
0.0798073  0.000665175  1.49267e-05
0.0799349  0.000771008  1.7306e-05
0.0800626  0.000882165  1.98061e-05
0.0801902  0.000998455  2.24227e-05
0.0803178  0.00111971  2.51523e-05
0.0804454  0.00124579  2.79917e-05
0.080573  0.00137657  3.09382e-05
0.0807006  0.00151192  3.39891e-05
0.0808282  0.00165176  3.71424e-05
0.0809558  0.00179597  4.03961e-05
0.0810834  0.0019445  4.37484e-05
0.081211  0.00209725  4.71978e-05
0.0813386  0.00225416  5.07427e-05
0.0814662  0.00241517  5.43819e-05
0.0815938  0.00258022  5.81142e-05
0.0817214  0.00274926  6.19385e-05
0.081849  0.00292225  6.58539e-05
0.0819766  0.00309913  6.98594e-05
0.0821043  0.00327987  7.39543e-05
0.0822319  0.00346443  7.81379e-05
0.0823595  0.00365278  8.24094e-05
0.0824871  0.00384489  8.67682e-05
0.0826147  0.00404072  9.12139e-05
0.0827423  0.00424026  9.5746e-05
0.0828699  0.00444348  0.000100364
0.0829975  0.00465035  0.000105067
0.0831251  0.00486086  0.000109856
0.0832527  0.00507498  0.000114729
0.0833803  0.00529271  0.000119687
0.0835079  0.00551402  0.00012473
0.0836355  0.00573891  0.000129856
0.0837631  0.00596736  0.000135066
0.0838907  0.00619935  0.000140361
0.0840183  0.00643488  0.000145739
0.084146  0.00667395  0.0001512
0.0842736  0.00691654  0.000156746
0.0844012  0.00716264  0.000162374
0.0845288  0.00741226  0.000168087
0.0846564  0.00766539  0.000173883
0.084784  0.00792202  0.000179762
0.0849116  0.00818215  0.000185726
0.0850392  0.00844578  0.000191773
0.0851668  0.00871291  0.000197904
0.0852944  0.00898354  0.000204119
0.085422  0.00925768  0.000210419
0.0855496  0.00953531  0.000216803
0.0856772  0.00981645  0.000223271
0.0858048  0.0101011  0.000229824
0.0859324  0.0103893  0.000236462
0.0860601  0.0106809  0.000243186
0.0861877  0.0109761  0.000249995
0.0863153  0.0112748  0.00025689
0.0864429  0.0115771  0.000263871
0.0865705  0.0118829  0.000270938
0.0866981  0.0121922  0.000278093
0.0868257  0.0125051  0.000285334
0.0869533  0.0128216  0.000292663
0.0870809  0.0131416  0.000300079
0.0872085  0.0134653  0.000307584
0.0873361  0.0137925  0.000315178
0.0874637  0.0141233  0.000322861
0.0875913  0.0144578  0.000330633
0.0877189  0.0147958  0.000338496
0.0878465  0.0151376  0.000346449
0.0879741  0.0154829  0.000354493
0.0881018  0.015832  0.000362628
0.0882294  0.0161847  0.000370856
0.088357  0.0165411  0.000379176
0.0884846  0.0169013  0.000387589
0.0886122  0.0172651  0.000396096
0.0887398  0.0176328  0.000404697
0.0888674  0.0180041  0.000413393
0.088995  0.0183793  0.000422185
0.0891226  0.0187583  0.000431073
0.0892502  0.019141  0.000440058
0.0893778  0.0195276  0.00044914
0.0895054  0.0199181  0.00045832
0.089633  0.0203125  0.000467599
0.0897606  0.0207107  0.000476978
0.0898882  0.0211128  0.000486457
0.0900158  0.0215189  0.000496038
0.0901435  0.021929  0.00050572
0.0902711  0.022343  0.000515504
0.0903987  0.022761  0.000525393
0.0905263  0.0231831  0.000535385
0.0906539  0.0236092  0.000545482
0.0907815  0.0240394  0.000555686
0.0909091  0.0244737  0.000565996
0.0910367  0.0249121  0.000576414
0.0911643  0.0253547  0.000586941
0.0912919  0.0258014  0.000597577
0.0914195  0.0262523  0.000608324
0.0915471  0.0267075  0.000619182
0.0916747  0.027167  0.000630152
0.0918023  0.0276307  0.000641237
0.0919299  0.0280987  0.000652435
0.0920575  0.0285711  0.000663749
0.0921852  0.0290479  0.00067518
0.0923128  0.029529  0.000686729
0.0924404  0.0300147  0.000698396
0.092568  0.0305047  0.000710183
0.0926956  0.0309993  0.000722091
0.0928232  0.0314984  0.000734122
0.0929508  0.0320021  0.000746276
0.0930784  0.0325104  0.000758555
0.093206  0.0330233  0.00077096
0.0933336  0.0335409  0.000783492
0.0934612  0.0340632  0.000796152
0.0935888  0.0345903  0.000808943
0.0937164  0.0351221  0.000821864
0.093844  0.0356588  0.000834918
0.0939716  0.0362003  0.000848107
0.0940992  0.0367467  0.00086143
0.0942269  0.037298  0.00087489
0.0943545  0.0378544  0.000888489
0.0944821  0.0384157  0.000902227
0.0946097  0.0389821  0.000916107
0.0947373  0.0395536  0.00093013
0.0948649  0.0401302  0.000944297
0.0949925  0.040712  0.00095861
0.0951201  0.0412991  0.000973071
0.0952477  0.0418914  0.000987681
0.0953753  0.0424891  0.00100244
0.0955029  0.0430921  0.00101736
0.0956305  0.0437005  0.00103243
0.0957581  0.0443144  0.00104765
0.0958857  0.0449339  0.00106304
0.0960133  0.0455588  0.00107858
0.096141  0.0461894  0.00109429
0.0962686  0.0468257  0.00111016
0.0963962  0.0474676  0.0011262
0.0965238  0.0481154  0.0011424
0.0966514  0.0487689  0.00115878
0.096779  0.0494283  0.00117532
0.0969066  0.0500937  0.00119205
0.0970342  0.050765  0.00120895
0.0971618  0.0514424  0.00122602
0.0972894  0.0521259  0.00124328
0.097417  0.0528156  0.00126072
0.0975446  0.0535114  0.00127835
0.0976722  0.0542136  0.00129617
0.0977998  0.0549221  0.00131418
0.0979274  0.055637  0.00133238
0.098055  0.0563583  0.00135078
0.0981827  0.0570862  0.00136937
0.0983103  0.0578207  0.00138817
0.0984379  0.0585619  0.00140717
0.0985655  0.0593098  0.00142638
0.0986931  0.0600645  0.00144579
0.0988207  0.0608261  0.00146542
0.0989483  0.0615946  0.00148527
0.0990759  0.0623701  0.00150533
0.0992035  0.0631528  0.00152561
0.0993311  0.0639425  0.00154612
0.0994587  0.0647396  0.00156686
0.0995863  0.0655439  0.00158783
0.0997139  0.0663557  0.00160903
0.0998415  0.0671749  0.00163047
0.0999691  0.0680016  0.00165215
0.100097  0.068836  0.00167407
0.100224  0.0696782  0.00169624
0.100352  0.0705281  0.00171867
0.10048  0.0713859  0.00174135
0.100607  0.0722517  0.00176429
0.100735  0.0731256  0.00178749
0.100862  0.0740077  0.00181096
0.10099  0.0748979  0.0018347
0.101118  0.0757966  0.00185872
0.101245  0.0767036  0.00188302
0.101373  0.0776193  0.0019076
0.1015  0.0785435  0.00193247
0.101628  0.0794765  0.00195763
0.101756  0.0804183  0.00198309
0.101883  0.0813691  0.00200885
0.102011  0.0823289  0.00203492
0.102138  0.0832978  0.0020613
0.102266  0.084276  0.002088
0.102394  0.0852636  0.00211502
0.102521  0.0862607  0.00214237
0.102649  0.0872673  0.00217005
0.102776  0.0882837  0.00219807
0.102904  0.0893099  0.00222644
0.103032  0.0903461  0.00225515
0.103159  0.0913923  0.00228422
0.103287  0.0924488  0.00231365
0.103415  0.0935156  0.00234344
0.103542  0.0945928  0.00237361
0.10367  0.0956806  0.00240417
0.103797  0.0967791  0.0024351
0.103925  0.0978885  0.00246643
0.104053  0.0990088  0.00249817
0.10418  0.10014  0.0025303
0.104308  0.101283  0.00256286
0.104435  0.102437  0.00259583
0.104563  0.103603  0.00262923
0.104691  0.104781  0.00266307
0.104818  0.10597  0.00269736
0.104946  0.107171  0.0027321
0.105073  0.108385  0.00276729
0.105201  0.109611  0.00280296
0.105329  0.110849  0.00283911
0.105456  0.1121  0.00287574
0.105584  0.113364  0.00291286
0.105711  0.114641  0.0029505
0.105839  0.115932  0.00298864
0.105967  0.117235  0.00302731
0.106094  0.118552  0.00306651
0.106222  0.119883  0.00310626
0.106349  0.121228  0.00314656
0.106477  0.122587  0.00318743
0.106605  0.123961  0.00322887
0.106732  0.125349  0.0032709
0.10686  0.126751  0.00331353
0.106987  0.128169  0.00335676
0.107115  0.129602  0.00340062
0.107243  0.13105  0.00344512
0.10737  0.132514  0.00349026
0.107498  0.133993  0.00353606
0.107626  0.135489  0.00358253
0.107753  0.137001  0.00362969
0.107881  0.138529  0.00367755
0.108008  0.140075  0.00372613
0.108136  0.141637  0.00377544
0.108264  0.143217  0.00382549
0.108391  0.144814  0.0038763
0.108519  0.146429  0.00392788
0.108646  0.148062  0.00398026
0.108774  0.149713  0.00403345
0.108902  0.151383  0.00408746
0.109029  0.153072  0.00414231
0.109157  0.15478  0.00419803
0.109284  0.156508  0.00425463
0.109412  0.158256  0.00431212
0.10954  0.160023  0.00437054
0.109667  0.161811  0.00442989
0.109795  0.16362  0.0044902
0.109922  0.16545  0.00455148
0.11005  0.167301  0.00461377
0.110178  0.169174  0.00467709
0.110305  0.17107  0.00474144
0.110433  0.172987  0.00480687
0.11056  0.174928  0.00487339
0.110688  0.176892  0.00494103
0.110816  0.178879  0.00500982
0.110943  0.18089  0.00507977
0.111071  0.182926  0.00515092
0.111198  0.184986  0.00522329
0.111326  0.187072  0.00529691
0.111454  0.189183  0.00537182
0.111581  0.191321  0.00544803
0.111709  0.193484  0.00552559
0.111837  0.195675  0.00560452
0.111964  0.197893  0.00568486
0.112092  0.200139  0.00576663
0.112219  0.202414  0.00584988
0.112347  0.204717  0.00593464
0.112475  0.20705  0.00602094
0.112602  0.209412  0.00610882
0.11273  0.211805  0.00619833
0.112857  0.214229  0.00628949
0.112985  0.216684  0.00638235
0.113113  0.219171  0.00647696
0.11324  0.221691  0.00657335
0.113368  0.224245  0.00667157
0.113495  0.226832  0.00677167
0.113623  0.229453  0.00687368
0.113751  0.232109  0.00697767
0.113878  0.234801  0.00708368
0.114006  0.23753  0.00719175
0.114133  0.240295  0.00730195
0.114261  0.243099  0.00741433
0.114389  0.24594  0.00752894
0.114516  0.248821  0.00764583
0.114644  0.251742  0.00776508
0.114771  0.254703  0.00788674
0.114899  0.257705  0.00801087
0.115027  0.26075  0.00813753
0.115154  0.263838  0.00826679
0.115282  0.26697  0.00839873
0.11541  0.270146  0.00853341
0.115537  0.273368  0.00867089
0.115665  0.276637  0.00881127
0.115792  0.279952  0.00895461
0.11592  0.283316  0.00910099
0.116048  0.28673  0.00925049
0.116175  0.290193  0.0094032
0.116303  0.293708  0.0095592
0.11643  0.297275  0.00971858
0.116558  0.300895  0.00988143
0.116686  0.30457  0.0100479
0.116813  0.3083  0.0102179
0.116941  0.312087  0.0103918
0.117068  0.315932  0.0105695
0.117196  0.319835  0.0107511
0.117324  0.323799  0.0109369
0.117451  0.327824  0.0111268
0.117579  0.331912  0.0113211
0.117706  0.336063  0.0115197
0.117834  0.34028  0.0117229
0.117962  0.344564  0.0119307
0.118089  0.348916  0.0121434
0.118217  0.353337  0.0123609
0.118344  0.35783  0.0125836
0.118472  0.362394  0.0128114
0.1186  0.367033  0.0130445
0.118727  0.371748  0.0132832
0.118855  0.376539  0.0135274
0.118982  0.38141  0.0137775
0.11911  0.386361  0.0140335
0.119238  0.391395  0.0142955
0.119365  0.396512  0.0145639
0.119493  0.401715  0.0148387
0.119621  0.407006  0.0151201
0.119748  0.412387  0.0154083
0.119876  0.417859  0.0157035
0.120003  0.423425  0.0160058
0.120131  0.429086  0.0163154
0.120259  0.434845  0.0166326
0.120386  0.440704  0.0169575
0.120514  0.446665  0.0172904
0.120641  0.452729  0.0176313
0.120769  0.4589  0.0179806
0.120897  0.46518  0.0183385
0.121024  0.471571  0.0187051
0.121152  0.478075  0.0190807
0.121279  0.484695  0.0194655
0.121407  0.491434  0.0198597
0.121535  0.498293  0.0202635
0.121662  0.505275  0.0206772
0.12179  0.512384  0.021101
0.121917  0.519621  0.0215351
0.122045  0.52699  0.0219797
0.122173  0.534493  0.022435
0.1223  0.542133  0.0229013
0.122428  0.549913  0.0233788
0.122555  0.557835  0.0238677
0.122683  0.565902  0.0243682
0.122811  0.574118  0.0248806
0.122938  0.582486  0.0254049
0.123066  0.591007  0.0259415
0.123193  0.599686  0.0264904
0.123321  0.608526  0.0270519
0.123449  0.617528  0.0276261
0.123576  0.626697  0.0282131
0.123704  0.636035  0.0288132
0.123832  0.645545  0.0294263
0.123959  0.655231  0.0300526
0.124087  0.665095  0.0306922
0.124214  0.67514  0.0313451
0.124342  0.685369  0.0320113
0.12447  0.695786  0.0326908
0.124597  0.706392  0.0333836
0.124725  0.71719  0.0340896
0.124852  0.728184  0.0348086
0.12498  0.739375  0.0355406
0.125108  0.750766  0.0362853
0.125235  0.76236  0.0370424
0.125363  0.774158  0.0378117
0.12549  0.786162  0.0385928
0.125618  0.798376  0.0393853
0.125746  0.810799  0.0401887
0.125873  0.823434  0.0410025
0.126001  0.836282  0.0418261
0.126128  0.849343  0.0426588
0.126256  0.862619  0.0434999
0.126384  0.87611  0.0443485
0.126511  0.889817  0.0452038
0.126639  0.903738  0.0460647
0.126766  0.917874  0.0469303
0.126894  0.932224  0.0477994
0.127022  0.946786  0.0486707
0.127149  0.961559  0.0495429
0.127277  0.976541  0.0504148
0.127405  0.991729  0.0512847
0.127532  1.00712  0.0521512
0.12766  1.02271  0.0530128
0.127787  1.0385  0.0538676
0.127915  1.05448  0.054714
0.128043  1.07065  0.0555501
0.12817  1.08699  0.0563742
0.128298  1.10352  0.0571844
0.128425  1.12021  0.0579787
0.128553  1.13706  0.0587552
0.128681  1.15407  0.0595119
0.128808  1.17123  0.060247
0.128936  1.18852  0.0609585
0.129063  1.20595  0.0616445
0.129191  1.22349  0.0623032
0.129319  1.24115  0.0629327
0.129446  1.2589  0.0635313
0.129574  1.27675  0.0640974
0.129701  1.29468  0.0646293
0.129829  1.31267  0.0651258
0.129957  1.33072  0.0655853
0.130084  1.34881  0.0660067
0.130212  1.36694  0.0663889
0.130339  1.38509  0.0667311
0.130467  1.40325  0.0670324
0.130595  1.42141  0.0672922
0.130722  1.43955  0.0675102
0.13085  1.45766  0.067686
0.130977  1.47574  0.0678195
0.131105  1.49376  0.0679108
0.131233  1.51172  0.0679601
0.13136  1.52961  0.0679678
0.131488  1.54742  0.0679344
0.131616  1.56513  0.0678607
0.131743  1.58274  0.0677474
0.131871  1.60023  0.0675955
0.131998  1.61759  0.0674062
0.132126  1.63483  0.0671806
0.132254  1.65191  0.0669199
0.132381  1.66885  0.0666256
0.132509  1.68563  0.0662992
0.132636  1.70225  0.065942
0.132764  1.71869  0.0655558
0.132892  1.73496  0.0651421
0.133019  1.75104  0.0647026
0.133147  1.76693  0.0642388
0.133274  1.78263  0.0637525
0.133402  1.79813  0.0632453
0.13353  1.81343  0.0627188
0.133657  1.82852  0.0621747
0.133785  1.84341  0.0616145
0.133912  1.85809  0.0610399
0.13404  1.87255  0.0604523
0.134168  1.8868  0.0598532
0.134295  1.90084  0.059244
0.134423  1.91467  0.0586261
0.13455  1.92828  0.0580009
0.134678  1.94167  0.0573695
0.134806  1.95485  0.0567332
0.134933  1.96782  0.056093
0.135061  1.98057  0.0554501
0.135188  1.99311  0.0548055
0.135316  2.00544  0.0541602
0.135444  2.01756  0.0535149
0.135571  2.02947  0.0528707
0.135699  2.04118  0.0522281
0.135827  2.05269  0.051588
0.135954  2.06399  0.050951
0.136082  2.07509  0.0503177
0.136209  2.086  0.0496886
0.136337  2.09672  0.0490644
0.136465  2.10724  0.0484454
0.136592  2.11758  0.0478321
0.13672  2.12773  0.0472248
0.136847  2.13769  0.0466239
0.136975  2.14748  0.0460298
0.137103  2.15709  0.0454425
0.13723  2.16653  0.0448625
0.137358  2.1758  0.0442899
0.137485  2.1849  0.0437248
0.137613  2.19383  0.0431675
0.137741  2.20261  0.0426179
0.137868  2.21122  0.0420764
0.137996  2.21968  0.0415428
0.138123  2.22799  0.0410173
0.138251  2.23614  0.0404999
0.138379  2.24415  0.0399907
0.138506  2.25202  0.0394896
0.138634  2.25974  0.0389966
0.138761  2.26733  0.0385117
0.138889  2.27478  0.0380349
0.139017  2.2821  0.0375662
0.139144  2.28929  0.0371054
0.139272  2.29635  0.0366525
0.139399  2.30329  0.0362075
0.139527  2.31011  0.0357703
0.139655  2.3168  0.0353407
0.139782  2.32338  0.0349188
0.13991  2.32984  0.0345044
0.140038  2.3362  0.0340974
0.140165  2.34244  0.0336977
0.140293  2.34857  0.0333052
0.14042  2.35461  0.0329198
0.140548  2.36053  0.0325414
0.140676  2.36636  0.0321699
0.140803  2.37209  0.0318052
0.140931  2.37772  0.0314472
0.141058  2.38326  0.0310957
0.141186  2.3887  0.0307506
0.141314  2.39406  0.0304118
0.141441  2.39932  0.0300793
0.141569  2.4045  0.0297529
0.141696  2.4096  0.0294324
0.141824  2.41461  0.0291179
0.141952  2.41954  0.028809
0.142079  2.42439  0.0285059
0.142207  2.42917  0.0282083
0.142334  2.43386  0.0279161
0.142462  2.43849  0.0276292
0.14259  2.44303  0.0273476
0.142717  2.44751  0.027071
0.142845  2.45192  0.0267995
0.142972  2.45626  0.0265329
0.1431  2.46053  0.0262711
0.143228  2.46474  0.026014
0.143355  2.46888  0.0257615
0.143483  2.47296  0.0255136
0.143611  2.47698  0.02527
0.143738  2.48093  0.0250309
0.143866  2.48483  0.0247959
0.143993  2.48867  0.0245651
0.144121  2.49245  0.0243384
0.144249  2.49618  0.0241157
0.144376  2.49985  0.0238968
0.144504  2.50346  0.0236818
0.144631  2.50703  0.0234705
0.144759  2.51054  0.0232629
0.144887  2.51401  0.0230589
0.145014  2.51742  0.0228584
0.145142  2.52078  0.0226613
0.145269  2.5241  0.0224676
0.145397  2.52737  0.0222771
0.145525  2.5306  0.0220899
0.145652  2.53378  0.0219059
0.14578  2.53691  0.0217249
0.145907  2.54001  0.021547
0.146035  2.54306  0.021372
0.146163  2.54606  0.0212
0.14629  2.54903  0.0210308
0.146418  2.55196  0.0208643
0.146545  2.55485  0.0207006
0.146673  2.5577  0.0205396
0.146801  2.56051  0.0203811
0.146928  2.56329  0.0202253
0.147056  2.56603  0.0200719
0.147183  2.56873  0.019921
0.147311  2.5714  0.0197725
0.147439  2.57403  0.0196263
0.147566  2.57663  0.0194825
0.147694  2.5792  0.0193409
0.147822  2.58173  0.0192016
0.147949  2.58423  0.0190644
0.148077  2.5867  0.0189294
0.148204  2.58914  0.0187964
0.148332  2.59155  0.0186655
0.14846  2.59393  0.0185365
0.148587  2.59627  0.0184096
0.148715  2.5986  0.0182845
0.148842  2.60089  0.0181614
0.14897  2.60315  0.0180401
0.149098  2.60539  0.0179206
0.149225  2.6076  0.0178029
0.149353  2.60978  0.017687
0.14948  2.61194  0.0175727
0.149608  2.61407  0.0174601
0.149736  2.61618  0.0173492
0.149863  2.61826  0.0172399
0.149991  2.62032  0.0171321
0.150118  2.62235  0.0170259
0.150246  2.62436  0.0169213
0.150374  2.62635  0.0168181
0.150501  2.62831  0.0167164
0.150629  2.63025  0.0166161
0.150756  2.63217  0.0165172
0.150884  2.63407  0.0164198
0.151012  2.63595  0.0163236
0.151139  2.6378  0.0162289
0.151267  2.63964  0.0161354
0.151394  2.64145  0.0160432
0.151522  2.64325  0.0159522
0.15165  2.64502  0.0158625
0.151777  2.64678  0.0157741
0.151905  2.64852  0.0156868
0.152033  2.65023  0.0156007
0.15216  2.65193  0.0155157
0.152288  2.65361  0.0154318
0.152415  2.65528  0.0153491
0.152543  2.65692  0.0152675
0.152671  2.65855  0.0151869
0.152798  2.66016  0.0151074
0.152926  2.66176  0.0150289
0.153053  2.66333  0.0149514
0.153181  2.66489  0.014875
0.153309  2.66644  0.0147995
0.153436  2.66797  0.0147249
0.153564  2.66948  0.0146513
0.153691  2.67098  0.0145787
0.153819  2.67246  0.0145069
0.153947  2.67393  0.0144361
0.154074  2.67538  0.0143661
0.154202  2.67682  0.014297
0.154329  2.67825  0.0142288
0.154457  2.67966  0.0141614
0.154585  2.68105  0.0140948
0.154712  2.68243  0.014029
0.15484  2.6838  0.0139641
0.154967  2.68516  0.0138999
0.155095  2.6865  0.0138365
0.155223  2.68783  0.0137738
0.15535  2.68915  0.0137119
0.155478  2.69045  0.0136507
0.155606  2.69174  0.0135903
0.155733  2.69302  0.0135306
0.155861  2.69429  0.0134715
0.155988  2.69554  0.0134132
0.156116  2.69679  0.0133555
0.156244  2.69802  0.0132985
0.156371  2.69924  0.0132421
0.156499  2.70045  0.0131864
0.156626  2.70164  0.0131313
0.156754  2.70283  0.0130769
0.156882  2.70401  0.013023
0.157009  2.70517  0.0129698
0.157137  2.70633  0.0129172
0.157264  2.70747  0.0128651
0.157392  2.7086  0.0128137
0.15752  2.70973  0.0127628
0.157647  2.71084  0.0127124
0.157775  2.71194  0.0126626
0.157902  2.71304  0.0126134
0.15803  2.71412  0.0125647
0.158158  2.7152  0.0125165
0.158285  2.71626  0.0124689
0.158413  2.71732  0.0124217
0.15854  2.71836  0.0123751
0.158668  2.7194  0.0123289
0.158796  2.72043  0.0122833
0.158923  2.72145  0.0122381
0.159051  2.72246  0.0121934
0.159178  2.72346  0.0121491
0.159306  2.72446  0.0121054
0.159434  2.72544  0.012062
0.159561  2.72642  0.0120192
0.159689  2.72739  0.0119767
0.159817  2.72835  0.0119347
0.159944  2.7293  0.0118932
0.160072  2.73024  0.011852
0.160199  2.73118  0.0118113
0.160327  2.73211  0.011771
0.160455  2.73303  0.0117311
0.160582  2.73395  0.0116916
0.16071  2.73485  0.0116525
0.160837  2.73575  0.0116137
0.160965  2.73664  0.0115754
0.161093  2.73753  0.0115374
0.16122  2.73841  0.0114998
0.161348  2.73928  0.0114626
0.161475  2.74014  0.0114257
0.161603  2.741  0.0113892
0.161731  2.74185  0.0113531
0.161858  2.74269  0.0113173
0.161986  2.74353  0.0112818
0.162113  2.74436  0.0112467
0.162241  2.74518  0.0112119
0.162369  2.746  0.0111774
0.162496  2.74681  0.0111433
0.162624  2.74761  0.0111095
0.162751  2.74841  0.011076
0.162879  2.7492  0.0110428
0.163007  2.74999  0.0110099
0.163134  2.75077  0.0109773
0.163262  2.75155  0.0109451
0.163389  2.75231  0.0109131
0.163517  2.75308  0.0108814
0.163645  2.75383  0.01085
0.163772  2.75458  0.0108189
0.1639  2.75533  0.0107881
0.164028  2.75607  0.0107575
0.164155  2.7568  0.0107272
0.164283  2.75753  0.0106972
0.16441  2.75826  0.0106675
0.164538  2.75898  0.010638
0.164666  2.75969  0.0106088
0.164793  2.7604  0.0105798
0.164921  2.7611  0.0105511
0.165048  2.7618  0.0105227
0.165176  2.76249  0.0104945
0.165304  2.76318  0.0104665
0.165431  2.76386  0.0104388
0.165559  2.76454  0.0104113
0.165686  2.76521  0.0103841
0.165814  2.76588  0.0103571
0.165942  2.76654  0.0103303
0.166069  2.7672  0.0103038
0.166197  2.76786  0.0102774
0.166324  2.76851  0.0102513
0.166452  2.76915  0.0102254
0.16658  2.76979  0.0101998
0.166707  2.77043  0.0101743
0.166835  2.77106  0.0101491
0.166962  2.77169  0.0101241
0.16709  2.77231  0.0100992
0.167218  2.77293  0.0100746
0.167345  2.77354  0.0100502
0.167473  2.77415  0.010026
0.167601  2.77476  0.010002
0.167728  2.77536  0.00997814
0.167856  2.77596  0.00995451
0.167983  2.77655  0.00993107
0.168111  2.77714  0.00990782
0.168239  2.77773  0.00988475
0.168366  2.77831  0.00986187
0.168494  2.77889  0.00983917
0.168621  2.77946  0.00981665
0.168749  2.78003  0.00979431
0.168877  2.7806  0.00977215
0.169004  2.78116  0.00975016
0.169132  2.78172  0.00972834
0.169259  2.78228  0.00970669
0.169387  2.78283  0.00968521
0.169515  2.78338  0.00966389
0.169642  2.78392  0.00964274
0.16977  2.78446  0.00962176
0.169897  2.785  0.00960093
0.170025  2.78554  0.00958027
0.170153  2.78607  0.00955976
0.17028  2.7866  0.0095394
0.170408  2.78712  0.00951921
0.170535  2.78764  0.00949916
0.170663  2.78816  0.00947926
0.170791  2.78867  0.00945952
0.170918  2.78918  0.00943992
0.171046  2.78969  0.00942047
0.171173  2.7902  0.00940116
0.171301  2.7907  0.00938199
0.171429  2.7912  0.00936297
0.171556  2.79169  0.00934409
0.171684  2.79218  0.00932534
0.171812  2.79267  0.00930673
0.171939  2.79316  0.00928826
0.172067  2.79364  0.00926992
0.172194  2.79412  0.00925172
0.172322  2.7946  0.00923364
0.17245  2.79508  0.0092157
0.172577  2.79555  0.00919789
0.172705  2.79602  0.0091802
0.172832  2.79648  0.00916264
0.17296  2.79694  0.0091452
0.173088  2.79741  0.00912789
0.173215  2.79786  0.0091107
0.173343  2.79832  0.00909363
0.17347  2.79877  0.00907668
0.173598  2.79922  0.00905985
0.173726  2.79967  0.00904313
0.173853  2.80011  0.00902653
0.173981  2.80055  0.00901005
0.174108  2.80099  0.00899368
0.174236  2.80143  0.00897743
0.174364  2.80186  0.00896129
0.174491  2.80229  0.00894525
0.174619  2.80272  0.00892933
0.174746  2.80315  0.00891351
0.174874  2.80357  0.00889781
0.175002  2.80399  0.00888221
0.175129  2.80441  0.00886671
0.175257  2.80483  0.00885132
0.175384  2.80524  0.00883603
0.175512  2.80565  0.00882085
0.17564  2.80606  0.00880576
0.175767  2.80647  0.00879078
0.175895  2.80687  0.00877589
0.176023  2.80728  0.00876111
0.17615  2.80768  0.00874642
0.176278  2.80807  0.00873183
0.176405  2.80847  0.00871733
0.176533  2.80886  0.00870293
0.176661  2.80926  0.00868862
0.176788  2.80964  0.00867441
0.176916  2.81003  0.00866029
0.177043  2.81042  0.00864626
0.177171  2.8108  0.00863232
0.177299  2.81118  0.00861847
0.177426  2.81156  0.00860471
0.177554  2.81193  0.00859103
0.177681  2.81231  0.00857745
0.177809  2.81268  0.00856395
0.177937  2.81305  0.00855053
0.178064  2.81342  0.0085372
0.178192  2.81379  0.00852396
0.178319  2.81415  0.0085108
0.178447  2.81451  0.00849772
0.178575  2.81487  0.00848472
0.178702  2.81523  0.0084718
0.17883  2.81559  0.00845896
0.178957  2.81594  0.00844621
0.179085  2.8163  0.00843353
0.179213  2.81665  0.00842093
0.17934  2.817  0.00840841
0.179468  2.81734  0.00839596
0.179595  2.81769  0.00838359
0.179723  2.81803  0.0083713
0.179851  2.81837  0.00835908
0.179978  2.81871  0.00834694
0.180106  2.81905  0.00833487
0.180234  2.81939  0.00832287
0.180361  2.81972  0.00831094
0.180489  2.82006  0.00829909
0.180616  2.82039  0.00828731
0.180744  2.82072  0.00827559
0.180872  2.82104  0.00826395
0.180999  2.82137  0.00825238
0.181127  2.82169  0.00824087
0.181254  2.82202  0.00822943
0.181382  2.82234  0.00821806
0.18151  2.82266  0.00820676
0.181637  2.82298  0.00819553
0.181765  2.82329  0.00818435
0.181892  2.82361  0.00817325
0.18202  2.82392  0.00816221
0.182148  2.82423  0.00815123
0.182275  2.82454  0.00814032
0.182403  2.82485  0.00812947
0.18253  2.82516  0.00811868
0.182658  2.82546  0.00810795
0.182786  2.82577  0.00809729
0.182913  2.82607  0.00808669
0.183041  2.82637  0.00807614
0.183168  2.82667  0.00806566
0.183296  2.82697  0.00805524
0.183424  2.82726  0.00804487
0.183551  2.82756  0.00803457
0.183679  2.82785  0.00802432
0.183807  2.82814  0.00801413
0.183934  2.82843  0.008004
0.184062  2.82872  0.00799392
0.184189  2.82901  0.0079839
0.184317  2.8293  0.00797394
0.184445  2.82958  0.00796403
0.184572  2.82987  0.00795417
0.1847  2.83015  0.00794437
0.184827  2.83043  0.00793463
0.184955  2.83071  0.00792494
0.185083  2.83099  0.0079153
0.18521  2.83126  0.00790571
0.185338  2.83154  0.00789618
0.185465  2.83181  0.00788669
0.185593  2.83209  0.00787726
0.185721  2.83236  0.00786788
0.185848  2.83263  0.00785855
0.185976  2.8329  0.00784927
0.186103  2.83316  0.00784005
0.186231  2.83343  0.00783087
0.186359  2.8337  0.00782174
0.186486  2.83396  0.00781265
0.186614  2.83422  0.00780362
0.186741  2.83449  0.00779464
0.186869  2.83475  0.0077857
0.186997  2.835  0.00777681
0.187124  2.83526  0.00776797
0.187252  2.83552  0.00775917
0.187379  2.83578  0.00775042
0.187507  2.83603  0.00774171
0.187635  2.83628  0.00773305
0.187762  2.83653  0.00772444
0.18789  2.83679  0.00771587
0.188018  2.83704  0.00770735
0.188145  2.83728  0.00769887
0.188273  2.83753  0.00769043
0.1884  2.83778  0.00768204
0.188528  2.83802  0.00767369
0.188656  2.83827  0.00766538
0.188783  2.83851  0.00765711
0.188911  2.83875  0.00764889
0.189038  2.83899  0.00764071
0.189166  2.83923  0.00763257
0.189294  2.83947  0.00762447
0.189421  2.83971  0.00761642
0.189549  2.83995  0.0076084
0.189676  2.84018  0.00760043
0.189804  2.84042  0.00759249
0.189932  2.84065  0.00758459
0.190059  2.84088  0.00757674
0.190187  2.84111  0.00756892
0.190314  2.84135  0.00756114
0.190442  2.84157  0.0075534
0.19057  2.8418  0.0075457
0.190697  2.84203  0.00753804
0.190825  2.84226  0.00753042
0.190952  2.84248  0.00752283
0.19108  2.84271  0.00751528
0.191208  2.84293  0.00750777
0.191335  2.84315  0.00750029
0.191463  2.84337  0.00749285
0.19159  2.8436  0.00748545
0.191718  2.84381  0.00747808
0.191846  2.84403  0.00747075
0.191973  2.84425  0.00746345
0.192101  2.84447  0.00745619
0.192229  2.84468  0.00744896
0.192356  2.8449  0.00744177
0.192484  2.84511  0.00743462
0.192611  2.84533  0.0074275
0.192739  2.84554  0.00742041
0.192867  2.84575  0.00741335
0.192994  2.84596  0.00740633
0.193122  2.84617  0.00739934
0.193249  2.84638  0.00739239
0.193377  2.84659  0.00738547
0.193505  2.84679  0.00737858
0.193632  2.847  0.00737172
0.19376  2.84721  0.0073649
0.193887  2.84741  0.00735811
0.194015  2.84761  0.00735135
0.194143  2.84782  0.00734462
0.19427  2.84802  0.00733792
0.194398  2.84822  0.00733126
0.194525  2.84842  0.00732462
0.194653  2.84862  0.00731802
0.194781  2.84882  0.00731144
0.194908  2.84901  0.0073049
0.195036  2.84921  0.00729839
0.195163  2.84941  0.0072919
0.195291  2.8496  0.00728545
0.195419  2.8498  0.00727903
0.195546  2.84999  0.00727263
0.195674  2.85018  0.00726627
0.195802  2.85038  0.00725993
0.195929  2.85057  0.00725362
0.196057  2.85076  0.00724734
0.196184  2.85095  0.00724109
0.196312  2.85114  0.00723487
0.19644  2.85133  0.00722867
0.196567  2.85151  0.00722251
0.196695  2.8517  0.00721637
0.196822  2.85189  0.00721026
0.19695  2.85207  0.00720417
0.197078  2.85226  0.00719811
0.197205  2.85244  0.00719208
0.197333  2.85262  0.00718608
0.19746  2.8528  0.0071801
0.197588  2.85299  0.00717415
0.197716  2.85317  0.00716823
0.197843  2.85335  0.00716233
0.197971  2.85353  0.00715646
0.198098  2.85371  0.00715061
0.198226  2.85388  0.00714479
0.198354  2.85406  0.007139
0.198481  2.85424  0.00713323
0.198609  2.85441  0.00712748
0.198736  2.85459  0.00712176
0.198864  2.85476  0.00711607
0.198992  2.85494  0.0071104
0.199119  2.85511  0.00710475
0.199247  2.85528  0.00709913
0.199374  2.85546  0.00709353
0.199502  2.85563  0.00708796
0.19963  2.8558  0.00708241
0.199757  2.85597  0.00707688
0.199885  2.85614  0.00707138
0.200013  2.85631  0.0070659
0.20014  2.85647  0.00706045
0.200268  2.85664  0.00705501
0.200395  2.85681  0.00704961
0.200523  2.85697  0.00704422
0.200651  2.85714  0.00703886
0.200778  2.85731  0.00703351
0.200906  2.85747  0.0070282
0.201033  2.85763  0.0070229
0.201161  2.8578  0.00701763
0.201289  2.85796  0.00701237
0.201416  2.85812  0.00700714
0.201544  2.85828  0.00700194
0.201671  2.85844  0.00699675
0.201799  2.8586  0.00699159
0.201927  2.85876  0.00698644
0.202054  2.85892  0.00698132
0.202182  2.85908  0.00697622
0.202309  2.85924  0.00697114
0.202437  2.85939  0.00696608
0.202565  2.85955  0.00696104
0.202692  2.85971  0.00695602
0.20282  2.85986  0.00695103
0.202947  2.86002  0.00694605
0.203075  2.86017  0.00694109
0.203203  2.86032  0.00693616
0.20333  2.86048  0.00693124
0.203458  2.86063  0.00692634
0.203585  2.86078  0.00692147
0.203713  2.86093  0.00691661
0.203841  2.86108  0.00691177
0.203968  2.86123  0.00690696
0.204096  2.86138  0.00690216
0.204224  2.86153  0.00689738
0.204351  2.86168  0.00689262
0.204479  2.86183  0.00688788
0.204606  2.86198  0.00688316
0.204734  2.86212  0.00687845
0.204862  2.86227  0.00687377
0.204989  2.86242  0.0068691
0.205117  2.86256  0.00686446
0.205244  2.86271  0.00685983
0.205372  2.86285  0.00685522
0.2055  2.86299  0.00685062
0.205627  2.86314  0.00684605
0.205755  2.86328  0.00684149
0.205882  2.86342  0.00683695
0.20601  2.86356  0.00683243
0.206138  2.86371  0.00682793
0.206265  2.86385  0.00682344
0.206393  2.86399  0.00681898
0.20652  2.86413  0.00681453
0.206648  2.86427  0.00681009
0.206776  2.86441  0.00680568
0.206903  2.86454  0.00680128
0.207031  2.86468  0.00679689
0.207158  2.86482  0.00679253
0.207286  2.86496  0.00678818
0.207414  2.86509  0.00678385
0.207541  2.86523  0.00677953
0.207669  2.86536  0.00677523
0.207796  2.8655  0.00677095
0.207924  2.86563  0.00676669
0.208052  2.86577  0.00676244
0.208179  2.8659  0.0067582
0.208307  2.86603  0.00675398
0.208435  2.86617  0.00674978
0.208562  2.8663  0.0067456
0.20869  2.86643  0.00674143
0.208817  2.86656  0.00673727
0.208945  2.86669  0.00673313
0.209073  2.86682  0.00672901
0.2092  2.86695  0.0067249
0.209328  2.86708  0.00672081
0.209455  2.86721  0.00671674
0.209583  2.86734  0.00671267
0.209711  2.86747  0.00670863
0.209838  2.8676  0.0067046
0.209966  2.86773  0.00670058
0.210093  2.86785  0.00669658
0.210221  2.86798  0.00669259
0.210349  2.8681  0.00668862
0.210476  2.86823  0.00668466
0.210604  2.86836  0.00668072
0.210731  2.86848  0.00667679
0.210859  2.86861  0.00667288
0.210987  2.86873  0.00666898
0.211114  2.86885  0.00666509
0.211242  2.86898  0.00666122
0.211369  2.8691  0.00665736
0.211497  2.86922  0.00665352
0.211625  2.86934  0.00664969
0.211752  2.86946  0.00664588
0.21188  2.86959  0.00664208
0.212008  2.86971  0.00663829
0.212135  2.86983  0.00663451
0.212263  2.86995  0.00663075
0.21239  2.87007  0.00662701
0.212518  2.87019  0.00662327
0.212646  2.8703  0.00661955
0.212773  2.87042  0.00661585
0.212901  2.87054  0.00661216
0.213028  2.87066  0.00660848
0.213156  2.87078  0.00660481
0.213284  2.87089  0.00660115
0.213411  2.87101  0.00659751
0.213539  2.87113  0.00659389
0.213666  2.87124  0.00659027
0.213794  2.87136  0.00658667
0.213922  2.87147  0.00658308
0.214049  2.87159  0.0065795
0.214177  2.8717  0.00657594
0.214304  2.87181  0.00657239
0.214432  2.87193  0.00656885
0.21456  2.87204  0.00656532
0.214687  2.87215  0.00656181
0.214815  2.87227  0.0065583
0.214942  2.87238  0.00655481
0.21507  2.87249  0.00655134
0.215198  2.8726  0.00654787
0.215325  2.87271  0.00654442
0.215453  2.87282  0.00654097
0.21558  2.87293  0.00653754
0.215708  2.87304  0.00653413
0.215836  2.87315  0.00653072
0.215963  2.87326  0.00652733
0.216091  2.87337  0.00652394
0.216219  2.87348  0.00652057
0.216346  2.87359  0.00651721
0.216474  2.87369  0.00651386
0.216601  2.8738  0.00651053
0.216729  2.87391  0.0065072
0.216857  2.87402  0.00650389
0.216984  2.87412  0.00650059
0.217112  2.87423  0.0064973
0.217239  2.87434  0.00649402
0.217367  2.87444  0.00649075
0.217495  2.87455  0.00648749
0.217622  2.87465  0.00648424
0.21775  2.87476  0.00648101
0.217877  2.87486  0.00647778
0.218005  2.87496  0.00647457
0.218133  2.87507  0.00647136
0.21826  2.87517  0.00646817
0.218388  2.87527  0.00646499
0.218515  2.87538  0.00646182
0.218643  2.87548  0.00645866
0.218771  2.87558  0.00645551
0.218898  2.87568  0.00645237
0.219026  2.87578  0.00644924
0.219153  2.87588  0.00644612
0.219281  2.87598  0.00644301
0.219409  2.87609  0.00643991
0.219536  2.87619  0.00643682
0.219664  2.87629  0.00643374
0.219791  2.87638  0.00643068
0.219919  2.87648  0.00642762
0.220047  2.87658  0.00642457
0.220174  2.87668  0.00642153
0.220302  2.87678  0.00641851
0.22043  2.87688  0.00641549
0.220557  2.87698  0.00641248
0.220685  2.87707  0.00640948
0.220812  2.87717  0.00640649
0.22094  2.87727  0.00640352
0.221068  2.87736  0.00640055
0.221195  2.87746  0.00639759
0.221323  2.87756  0.00639464
0.22145  2.87765  0.0063917
0.221578  2.87775  0.00638877
0.221706  2.87784  0.00638585
0.221833  2.87794  0.00638293
0.221961  2.87803  0.00638003
0.222088  2.87813  0.00637714
0.222216  2.87822  0.00637426
0.222344  2.87831  0.00637138
0.222471  2.87841  0.00636852
0.222599  2.8785  0.00636566
0.222726  2.87859  0.00636281
0.222854  2.87869  0.00635997
0.222982  2.87878  0.00635715
0.223109  2.87887  0.00635433
0.223237  2.87896  0.00635151
0.223364  2.87905  0.00634871
0.223492  2.87914  0.00634592
0.22362  2.87924  0.00634313
0.223747  2.87933  0.00634036
0.223875  2.87942  0.00633759
0.224003  2.87951  0.00633483
0.22413  2.8796  0.00633208
0.224258  2.87969  0.00632934
0.224385  2.87978  0.00632661
0.224513  2.87987  0.00632389
0.224641  2.87995  0.00632117
0.224768  2.88004  0.00631846
0.224896  2.88013  0.00631577
0.225023  2.88022  0.00631308
0.225151  2.88031  0.00631039
0.225279  2.8804  0.00630772
0.225406  2.88048  0.00630506
0.225534  2.88057  0.0063024
0.225661  2.88066  0.00629975
0.225789  2.88074  0.00629711
0.225917  2.88083  0.00629448
0.226044  2.88092  0.00629185
0.226172  2.881  0.00628924
0.226299  2.88109  0.00628663
0.226427  2.88117  0.00628403
0.226555  2.88126  0.00628144
0.226682  2.88134  0.00627885
0.22681  2.88143  0.00627628
0.226937  2.88151  0.00627371
0.227065  2.8816  0.00627115
0.227193  2.88168  0.00626859
0.22732  2.88176  0.00626605
0.227448  2.88185  0.00626351
0.227575  2.88193  0.00626098
0.227703  2.88201  0.00625846
0.227831  2.8821  0.00625594
0.227958  2.88218  0.00625344
0.228086  2.88226  0.00625094
0.228214  2.88234  0.00624845
0.228341  2.88243  0.00624596
0.228469  2.88251  0.00624348
0.228596  2.88259  0.00624102
0.228724  2.88267  0.00623855
0.228852  2.88275  0.0062361
0.228979  2.88283  0.00623365
0.229107  2.88291  0.00623121
0.229234  2.88299  0.00622878
0.229362  2.88307  0.00622635
0.22949  2.88315  0.00622393
0.229617  2.88323  0.00622152
0.229745  2.88331  0.00621912
0.229872  2.88339  0.00621672
0.23  2.88347  0.00621433
