279  -1.03806e-06  2.81456e-08
279.893  1.2958e-05  3.5137e-07
280.786  4.18871e-05  1.13591e-06
281.68  8.0267e-05  2.1769e-06
282.573  0.000126176  3.4223e-06
283.466  0.000178548  4.84321e-06
284.359  0.000236677  6.42055e-06
285.253  0.000300053  8.14049e-06
286.146  0.000368283  9.99244e-06
287.039  0.000441055  1.1968e-05
287.932  0.000518113  1.40601e-05
288.826  0.000599242  1.62631e-05
289.719  0.000684258  1.85719e-05
290.612  0.000773001  2.09824e-05
291.505  0.000865334  2.34906e-05
292.399  0.000961131  2.60933e-05
293.292  0.00106028  2.87876e-05
294.185  0.00116269  3.15707e-05
295.078  0.00126827  3.44404e-05
295.972  0.00137694  3.73943e-05
296.865  0.00148862  4.04306e-05
297.758  0.00160324  4.35474e-05
298.651  0.00172075  4.6743e-05
299.545  0.00184109  5.00159e-05
300.438  0.0019642  5.33647e-05
301.331  0.00209003  5.67881e-05
302.224  0.00221854  6.02848e-05
303.118  0.00234969  6.38537e-05
304.011  0.00248344  6.74937e-05
304.904  0.00261974  7.12039e-05
305.797  0.00275857  7.49834e-05
306.691  0.0028999  7.88311e-05
307.584  0.00304368  8.27464e-05
308.477  0.0031899  8.67285e-05
309.37  0.00333853  9.07767e-05
310.264  0.00348954  9.48902e-05
311.157  0.0036429  9.90685e-05
312.05  0.0037986  0.000103311
312.943  0.00395661  0.000107617
313.837  0.00411692  0.000111986
314.73  0.0042795  0.000116418
315.623  0.00444434  0.000120911
316.516  0.00461142  0.000125467
317.41  0.00478072  0.000130083
318.303  0.00495224  0.000134761
319.196  0.00512595  0.000139499
320.089  0.00530184  0.000144297
320.982  0.0054799  0.000149154
321.876  0.00566012  0.000154072
322.769  0.00584249  0.000159048
323.662  0.006027  0.000164084
324.555  0.00621363  0.000169178
325.449  0.00640238  0.000174331
326.342  0.00659324  0.000179541
327.235  0.0067862  0.00018481
328.128  0.00698125  0.000190137
329.022  0.00717839  0.000195521
329.915  0.00737762  0.000200963
330.808  0.00757891  0.000206462
331.701  0.00778228  0.000212018
332.595  0.00798771  0.000217632
333.488  0.0081952  0.000223302
334.381  0.00840474  0.000229029
335.274  0.00861633  0.000234813
336.168  0.00882998  0.000240654
337.061  0.00904566  0.000246551
337.954  0.00926339  0.000252505
338.847  0.00948316  0.000258515
339.741  0.00970496  0.000264582
340.634  0.0099288  0.000270705
341.527  0.0101547  0.000276885
342.42  0.0103826  0.000283121
343.314  0.0106125  0.000289413
344.207  0.0108445  0.000295762
345.1  0.0110785  0.000302167
345.993  0.0113145  0.000308628
346.887  0.0115526  0.000315146
347.78  0.0117927  0.000321721
348.673  0.0120348  0.000328351
349.566  0.012279  0.000335039
350.46  0.0125252  0.000341783
351.353  0.0127734  0.000348583
352.246  0.0130237  0.000355441
353.139  0.013276  0.000362355
354.033  0.0135304  0.000369326
354.926  0.0137868  0.000376354
355.819  0.0140453  0.000383439
356.712  0.0143058  0.000390581
357.606  0.0145684  0.00039778
358.499  0.014833  0.000405037
359.392  0.0150997  0.000412351
360.285  0.0153685  0.000419723
361.178  0.0156393  0.000427153
362.072  0.0159122  0.00043464
362.965  0.0161872  0.000442186
363.858  0.0164643  0.000449789
364.751  0.0167435  0.000457451
365.645  0.0170247  0.000465172
366.538  0.0173081  0.000472951
367.431  0.0175936  0.000480789
368.324  0.0178812  0.000488686
369.218  0.0181709  0.000496642
370.111  0.0184627  0.000504657
371.004  0.0187567  0.000512732
371.897  0.0190528  0.000520867
372.791  0.019351  0.000529062
373.684  0.0196514  0.000537316
374.577  0.0199539  0.000545632
375.47  0.0202587  0.000554007
376.364  0.0205656  0.000562444
377.257  0.0208746  0.000570942
378.15  0.0211859  0.000579501
379.043  0.0214994  0.000588121
379.937  0.021815  0.000596803
380.83  0.0221329  0.000605548
381.723  0.022453  0.000614354
382.616  0.0227753  0.000623223
383.51  0.0230999  0.000632155
384.403  0.0234267  0.00064115
385.296  0.0237558  0.000650208
386.189  0.0240871  0.00065933
387.083  0.0244208  0.000668515
387.976  0.0247567  0.000677765
388.869  0.0250949  0.00068708
389.762  0.0254354  0.000696459
390.656  0.0257782  0.000705903
391.549  0.0261234  0.000715413
392.442  0.0264709  0.000724988
393.335  0.0268207  0.00073463
394.229  0.027173  0.000744338
395.122  0.0275275  0.000754113
396.015  0.0278845  0.000763954
396.908  0.0282439  0.000773863
397.802  0.0286056  0.00078384
398.695  0.0289698  0.000793885
399.588  0.0293365  0.000803999
400.481  0.0297055  0.000814181
401.374  0.0300771  0.000824432
402.268  0.0304511  0.000834753
403.161  0.0308275  0.000845144
404.054  0.0312065  0.000855606
404.947  0.031588  0.000866138
405.841  0.031972  0.000876741
406.734  0.0323586  0.000887416
407.627  0.0327477  0.000898163
408.52  0.0331393  0.000908982
409.414  0.0335336  0.000919874
410.307  0.0339304  0.00093084
411.2  0.0343298  0.000941878
412.093  0.0347319  0.000952992
412.987  0.0351366  0.000964179
413.88  0.035544  0.000975442
414.773  0.035954  0.00098678
415.666  0.0363667  0.000998194
416.56  0.0367821  0.00100968
417.453  0.0372003  0.00102125
418.346  0.0376211  0.0010329
419.239  0.0380448  0.00104462
420.133  0.0384712  0.00105642
421.026  0.0389003  0.0010683
421.919  0.0393323  0.00108026
422.812  0.0397671  0.0010923
423.706  0.0402047  0.00110442
424.599  0.0406452  0.00111662
425.492  0.0410886  0.0011289
426.385  0.0415348  0.00114126
427.279  0.041984  0.00115371
428.172  0.0424361  0.00116624
429.065  0.0428911  0.00117885
429.958  0.0433491  0.00119155
430.852  0.0438101  0.00120433
431.745  0.0442741  0.0012172
432.638  0.0447411  0.00123015
433.531  0.0452112  0.00124319
434.425  0.0456843  0.00125632
435.318  0.0461606  0.00126954
436.211  0.0466399  0.00128284
437.104  0.0471224  0.00129623
437.997  0.047608  0.00130972
438.891  0.0480968  0.00132329
439.784  0.0485888  0.00133695
440.677  0.049084  0.00135071
441.57  0.0495825  0.00136456
442.464  0.0500842  0.0013785
443.357  0.0505892  0.00139253
444.25  0.0510975  0.00140666
445.143  0.0516092  0.00142089
446.037  0.0521242  0.00143521
446.93  0.0526426  0.00144962
447.823  0.0531644  0.00146414
448.716  0.0536896  0.00147875
449.61  0.0542183  0.00149346
450.503  0.0547505  0.00150827
451.396  0.0552862  0.00152318
452.289  0.0558254  0.0015382
453.183  0.0563682  0.00155331
454.076  0.0569146  0.00156853
454.969  0.0574646  0.00158385
455.862  0.0580182  0.00159927
456.756  0.0585755  0.0016148
457.649  0.0591366  0.00163044
458.542  0.0597013  0.00164618
459.435  0.0602698  0.00166203
460.329  0.0608421  0.00167799
461.222  0.0614182  0.00169405
462.115  0.0619982  0.00171023
463.008  0.062582  0.00172652
463.902  0.0631697  0.00174292
464.795  0.0637614  0.00175944
465.688  0.064357  0.00177607
466.581  0.0649567  0.00179281
467.475  0.0655603  0.00180967
468.368  0.0661681  0.00182665
469.261  0.0667799  0.00184374
470.154  0.0673959  0.00186095
471.048  0.068016  0.00187829
471.941  0.0686404  0.00189574
472.834  0.069269  0.00191331
473.727  0.0699018  0.00193101
474.621  0.070539  0.00194884
475.514  0.0711804  0.00196678
476.407  0.0718263  0.00198486
477.3  0.0724766  0.00200306
478.193  0.0731313  0.00202139
479.087  0.0737906  0.00203985
479.98  0.0744543  0.00205844
480.873  0.0751226  0.00207716
481.766  0.0757955  0.00209601
482.66  0.0764731  0.002115
483.553  0.0771554  0.00213412
484.446  0.0778423  0.00215338
485.339  0.0785341  0.00217278
486.233  0.0792306  0.00219232
487.126  0.079932  0.002212
488.019  0.0806383  0.00223182
488.912  0.0813496  0.00225178
489.806  0.0820658  0.00227188
490.699  0.082787  0.00229214
491.592  0.0835133  0.00231253
492.485  0.0842447  0.00233308
493.379  0.0849813  0.00235378
494.272  0.0857231  0.00237463
495.165  0.0864701  0.00239563
496.058  0.0872224  0.00241678
496.952  0.0879801  0.00243809
497.845  0.0887432  0.00245956
498.738  0.0895117  0.00248118
499.631  0.0902858  0.00250296
500.525  0.0910654  0.00252491
501.418  0.0918505  0.00254702
502.311  0.0926414  0.00256929
503.204  0.0934379  0.00259173
504.098  0.0942402  0.00261434
504.991  0.0950484  0.00263712
505.884  0.0958623  0.00266006
506.777  0.0966823  0.00268318
507.671  0.0975082  0.00270648
508.564  0.0983401  0.00272995
509.457  0.0991781  0.0027536
510.35  0.100022  0.00277743
511.244  0.100873  0.00280144
512.137  0.101729  0.00282563
513.03  0.102592  0.00285001
513.923  0.103462  0.00287457
514.817  0.104338  0.00289933
515.71  0.10522  0.00292427
516.603  0.106109  0.00294941
517.496  0.107005  0.00297475
518.389  0.107907  0.00300028
519.283  0.108816  0.00302601
520.176  0.109732  0.00305194
521.069  0.110655  0.00307807
521.962  0.111585  0.00310441
522.856  0.112522  0.00313095
523.749  0.113466  0.00315771
524.642  0.114418  0.00318468
525.535  0.115376  0.00321186
526.429  0.116342  0.00323925
527.322  0.117316  0.00326687
528.215  0.118297  0.00329471
529.108  0.119285  0.00332277
530.002  0.120281  0.00335105
530.895  0.121285  0.00337957
531.788  0.122297  0.00340831
532.681  0.123317  0.00343729
533.575  0.124344  0.0034665
534.468  0.12538  0.00349595
535.361  0.126424  0.00352565
536.254  0.127476  0.00355558
537.148  0.128537  0.00358577
538.041  0.129606  0.0036162
538.934  0.130683  0.00364688
539.827  0.131769  0.00367782
540.721  0.132864  0.00370902
541.614  0.133968  0.00374047
542.507  0.13508  0.00377219
543.4  0.136202  0.00380418
544.294  0.137332  0.00383644
545.187  0.138472  0.00386897
546.08  0.139621  0.00390177
546.973  0.14078  0.00393485
547.867  0.141948  0.00396822
548.76  0.143126  0.00400187
549.653  0.144313  0.00403581
550.546  0.14551  0.00407004
551.44  0.146717  0.00410457
552.333  0.147935  0.0041394
553.226  0.149162  0.00417452
554.119  0.1504  0.00420996
555.013  0.151648  0.0042457
555.906  0.152906  0.00428176
556.799  0.154176  0.00431814
557.692  0.155456  0.00435483
558.585  0.156747  0.00439186
559.479  0.158049  0.00442921
560.372  0.159362  0.00446689
561.265  0.160686  0.00450491
562.158  0.162022  0.00454327
563.052  0.163369  0.00458198
563.945  0.164729  0.00462104
564.838  0.166099  0.00466045
565.731  0.167482  0.00470021
566.625  0.168877  0.00474034
567.518  0.170285  0.00478084
568.411  0.171705  0.00482171
569.304  0.173137  0.00486296
570.198  0.174582  0.00490459
571.091  0.17604  0.0049466
571.984  0.177511  0.00498901
572.877  0.178995  0.00503181
573.771  0.180492  0.00507501
574.664  0.182003  0.00511862
575.557  0.183528  0.00516264
576.45  0.185067  0.00520707
577.344  0.186619  0.00525193
578.237  0.188186  0.00529722
579.13  0.189768  0.00534293
580.023  0.191363  0.00538909
580.917  0.192974  0.00543569
581.81  0.1946  0.00548275
582.703  0.19624  0.00553026
583.596  0.197896  0.00557823
584.49  0.199568  0.00562667
585.383  0.201255  0.00567558
586.276  0.202959  0.00572498
587.169  0.204678  0.00577486
588.063  0.206414  0.00582524
588.956  0.208167  0.00587612
589.849  0.209936  0.0059275
590.742  0.211722  0.0059794
591.636  0.213526  0.00603183
592.529  0.215347  0.00608478
593.422  0.217185  0.00613826
594.315  0.219042  0.00619229
595.209  0.220917  0.00624687
596.102  0.22281  0.00630201
596.995  0.224723  0.00635772
597.888  0.226654  0.006414
598.781  0.228604  0.00647086
599.675  0.230573  0.00652831
600.568  0.232563  0.00658636
601.461  0.234572  0.00664501
602.354  0.236602  0.00670428
603.248  0.238653  0.00676418
604.141  0.240724  0.00682471
605.034  0.242816  0.00688588
605.927  0.24493  0.0069477
606.821  0.247066  0.00701018
607.714  0.249223  0.00707333
608.607  0.251403  0.00713716
609.5  0.253606  0.00720168
610.394  0.255832  0.0072669
611.287  0.258081  0.00733283
612.18  0.260354  0.00739948
613.073  0.262651  0.00746685
613.967  0.264972  0.00753497
614.86  0.267318  0.00760384
615.753  0.269689  0.00767347
616.646  0.272085  0.00774388
617.54  0.274508  0.00781507
618.433  0.276956  0.00788706
619.326  0.279431  0.00795985
620.219  0.281934  0.00803347
621.113  0.284463  0.00810791
622.006  0.287021  0.00818321
622.899  0.289606  0.00825935
623.792  0.292221  0.00833637
624.686  0.294864  0.00841427
625.579  0.297537  0.00849307
626.472  0.30024  0.00857278
627.365  0.302973  0.00865341
628.259  0.305737  0.00873498
629.152  0.308533  0.00881749
630.045  0.311361  0.00890098
630.938  0.31422  0.00898544
631.832  0.317113  0.00907089
632.725  0.320039  0.00915736
633.618  0.322999  0.00924484
634.511  0.325993  0.00933337
635.405  0.329022  0.00942296
636.298  0.332087  0.00951361
637.191  0.335187  0.00960535
638.084  0.338324  0.00969819
638.977  0.341499  0.00979216
639.871  0.344711  0.00988726
640.764  0.347961  0.00998351
641.657  0.351251  0.0100809
642.55  0.35458  0.0101795
643.444  0.357949  0.0102794
644.337  0.361359  0.0103804
645.23  0.364811  0.0104827
646.123  0.368305  0.0105862
647.017  0.371841  0.0106911
647.91  0.375421  0.0107972
648.803  0.379046  0.0109046
649.696  0.382715  0.0110134
650.59  0.38643  0.0111235
651.483  0.390192  0.011235
652.376  0.394001  0.0113479
653.269  0.397857  0.0114622
654.163  0.401762  0.011578
655.056  0.405717  0.0116952
655.949  0.409723  0.0118138
656.842  0.413779  0.011934
657.736  0.417887  0.0120557
658.629  0.422048  0.0121789
659.522  0.426263  0.0123037
660.415  0.430533  0.0124301
661.309  0.434858  0.0125581
662.202  0.439239  0.0126877
663.095  0.443677  0.0128189
663.988  0.448174  0.0129518
664.882  0.45273  0.0130864
665.775  0.457347  0.0132227
666.668  0.462024  0.0133607
667.561  0.466763  0.0135005
668.455  0.471566  0.013642
669.348  0.476433  0.0137854
670.241  0.481365  0.0139305
671.134  0.486363  0.0140775
672.028  0.491429  0.0142263
672.921  0.496563  0.014377
673.814  0.501767  0.0145296
674.707  0.507041  0.0146841
675.601  0.512387  0.0148406
676.494  0.517806  0.014999
677.387  0.523299  0.0151593
678.28  0.528868  0.0153216
679.173  0.534513  0.015486
680.067  0.540235  0.0156523
680.96  0.546037  0.0158207
681.853  0.551918  0.0159911
682.746  0.557881  0.0161635
683.64  0.563927  0.0163381
684.533  0.570056  0.0165146
685.426  0.576271  0.0166933
686.319  0.582572  0.0168741
687.213  0.58896  0.0170569
688.106  0.595438  0.0172419
688.999  0.602005  0.0174289
689.892  0.608665  0.0176181
690.786  0.615417  0.0178094
691.679  0.622263  0.0180027
692.572  0.629205  0.0181981
693.465  0.636244  0.0183956
694.359  0.64338  0.0185952
695.252  0.650617  0.0187969
696.145  0.657953  0.0190005
697.038  0.665392  0.0192062
697.932  0.672934  0.0194139
698.825  0.680581  0.0196236
699.718  0.688333  0.0198351
700.611  0.696192  0.0200486
701.505  0.70416  0.020264
702.398  0.712237  0.0204811
703.291  0.720424  0.0207
704.184  0.728723  0.0209207
705.078  0.737136  0.021143
705.971  0.745662  0.0213669
706.864  0.754302  0.0215923
707.757  0.763059  0.0218192
708.651  0.771933  0.0220475
709.544  0.780925  0.0222771
710.437  0.790035  0.0225078
711.33  0.799265  0.0227397
712.224  0.808615  0.0229726
713.117  0.818085  0.0232064
714.01  0.827678  0.023441
714.903  0.837392  0.0236762
715.796  0.847229  0.0239119
716.69  0.857188  0.024148
717.583  0.867271  0.0243844
718.476  0.877476  0.0246209
719.369  0.887805  0.0248573
720.263  0.898258  0.0250934
721.156  0.908833  0.0253292
722.049  0.919532  0.0255643
722.942  0.930353  0.0257987
723.836  0.941296  0.0260321
724.729  0.952361  0.0262644
725.622  0.963546  0.0264952
726.515  0.974851  0.0267245
727.409  0.986275  0.0269519
728.302  0.997817  0.0271773
729.195  1.00947  0.0274004
730.088  1.02125  0.0276211
730.982  1.03313  0.0278389
731.875  1.04513  0.0280538
732.768  1.05724  0.0282654
733.661  1.06945  0.0284735
734.555  1.08177  0.0286779
735.448  1.09419  0.0288783
736.341  1.10671  0.0290744
737.234  1.11933  0.0292661
738.128  1.13204  0.029453
739.021  1.14485  0.0296348
739.914  1.15774  0.0298115
740.807  1.17071  0.0299826
741.701  1.18377  0.030148
742.594  1.1969  0.0303075
743.487  1.21011  0.0304607
744.38  1.22338  0.0306076
745.274  1.23672  0.0307479
746.167  1.25012  0.0308814
747.06  1.26358  0.0310079
747.953  1.27708  0.0311272
748.847  1.29064  0.0312393
749.74  1.30423  0.0313438
750.633  1.31787  0.0314408
751.526  1.33153  0.0315301
752.42  1.34522  0.0316115
753.313  1.35893  0.031685
754.206  1.37266  0.0317506
755.099  1.38641  0.0318081
755.992  1.40015  0.0318576
756.886  1.4139  0.0318989
757.779  1.42765  0.0319322
758.672  1.44138  0.0319573
759.565  1.4551  0.0319744
760.459  1.4688  0.0319835
761.352  1.48248  0.0319847
762.245  1.49612  0.031978
763.138  1.50973  0.0319635
764.032  1.5233  0.0319413
764.925  1.53683  0.0319116
765.818  1.55031  0.0318745
766.711  1.56373  0.0318301
767.605  1.57709  0.0317787
768.498  1.59039  0.0317203
769.391  1.60363  0.0316551
770.284  1.61679  0.0315835
771.178  1.62988  0.0315054
772.071  1.64289  0.0314213
772.964  1.65581  0.0313312
773.857  1.66865  0.0312354
774.751  1.6814  0.0311341
775.644  1.69405  0.0310275
776.537  1.70662  0.030916
777.43  1.71908  0.0307997
778.324  1.73144  0.0306788
779.217  1.74369  0.0305536
780.11  1.75584  0.0304243
781.003  1.76788  0.0302911
781.897  1.77981  0.0301544
782.79  1.79163  0.0300142
783.683  1.80334  0.0298709
784.576  1.81493  0.0297247
785.47  1.8264  0.0295757
786.363  1.83775  0.0294242
787.256  1.84898  0.0292705
788.149  1.8601  0.0291146
789.043  1.87109  0.0289568
789.936  1.88196  0.0287974
790.829  1.89271  0.0286364
791.722  1.90334  0.028474
792.616  1.91384  0.0283105
793.509  1.92422  0.028146
794.402  1.93447  0.0279807
795.295  1.94461  0.0278147
796.188  1.95462  0.0276481
797.082  1.9645  0.0274811
797.975  1.97427  0.0273139
798.868  1.98391  0.0271465
799.761  1.99343  0.0269791
800.655  2.00283  0.0268118
801.548  2.01211  0.0266447
802.441  2.02127  0.0264779
803.334  2.03031  0.0263115
804.228  2.03924  0.0261457
805.121  2.04804  0.0259803
806.014  2.05673  0.0258157
806.907  2.06531  0.0256518
807.801  2.07377  0.0254887
808.694  2.08211  0.0253264
809.587  2.09035  0.0251651
810.48  2.09847  0.0250047
811.374  2.10649  0.0248454
812.267  2.11439  0.0246872
813.16  2.12219  0.0245301
814.053  2.12988  0.0243742
814.947  2.13747  0.0242195
815.84  2.14495  0.024066
816.733  2.15233  0.0239138
817.626  2.15962  0.0237628
818.52  2.1668  0.0236132
819.413  2.17388  0.0234649
820.306  2.18086  0.023318
821.199  2.18775  0.0231724
822.093  2.19455  0.0230283
822.986  2.20125  0.0228855
823.879  2.20785  0.0227441
824.772  2.21437  0.0226041
825.666  2.2208  0.0224656
826.559  2.22714  0.0223284
827.452  2.2334  0.0221927
828.345  2.23957  0.0220584
829.239  2.24565  0.0219256
830.132  2.25165  0.0217941
831.025  2.25757  0.0216641
831.918  2.26341  0.0215355
832.812  2.26917  0.0214083
833.705  2.27485  0.0212825
834.598  2.28046  0.021158
835.491  2.28599  0.021035
836.384  2.29144  0.0209134
837.278  2.29682  0.0207931
838.171  2.30213  0.0206742
839.064  2.30737  0.0205567
839.957  2.31254  0.0204404
840.851  2.31764  0.0203255
841.744  2.32267  0.020212
842.637  2.32764  0.0200997
843.53  2.33254  0.0199887
844.424  2.33737  0.019879
845.317  2.34215  0.0197706
846.21  2.34686  0.0196634
847.103  2.3515  0.0195575
847.997  2.35609  0.0194528
848.89  2.36062  0.0193493
849.783  2.36509  0.019247
850.676  2.3695  0.0191459
851.57  2.37386  0.019046
852.463  2.37816  0.0189472
853.356  2.3824  0.0188496
854.249  2.38659  0.0187531
855.143  2.39073  0.0186577
856.036  2.39482  0.0185635
856.929  2.39885  0.0184703
857.822  2.40284  0.0183782
858.716  2.40677  0.0182871
859.609  2.41066  0.0181971
860.502  2.41449  0.0181081
861.395  2.41828  0.0180202
862.289  2.42203  0.0179332
863.182  2.42572  0.0178473
864.075  2.42938  0.0177623
864.968  2.43298  0.0176783
865.862  2.43655  0.0175952
866.755  2.44007  0.0175131
867.648  2.44355  0.0174319
868.541  2.44698  0.0173517
869.435  2.45038  0.0172723
870.328  2.45374  0.0171938
871.221  2.45705  0.0171162
872.114  2.46033  0.0170395
873.008  2.46357  0.0169636
873.901  2.46677  0.0168885
874.794  2.46993  0.0168143
875.687  2.47306  0.0167409
876.58  2.47615  0.0166683
877.474  2.4792  0.0165965
878.367  2.48222  0.0165255
879.26  2.48521  0.0164553
880.153  2.48816  0.0163858
881.047  2.49108  0.0163171
881.94  2.49396  0.0162491
882.833  2.49681  0.0161818
883.726  2.49963  0.0161153
884.62  2.50242  0.0160495
885.513  2.50518  0.0159844
886.406  2.50791  0.0159199
887.299  2.51061  0.0158562
888.193  2.51327  0.0157931
889.086  2.51591  0.0157307
889.979  2.51852  0.0156689
890.872  2.52111  0.0156078
891.766  2.52366  0.0155473
892.659  2.52619  0.0154875
893.552  2.52868  0.0154282
894.445  2.53116  0.0153696
895.339  2.5336  0.0153116
896.232  2.53602  0.0152541
897.125  2.53842  0.0151973
898.018  2.54079  0.015141
898.912  2.54314  0.0150853
899.805  2.54546  0.0150301
900.698  2.54775  0.0149755
901.591  2.55003  0.0149215
902.485  2.55228  0.014868
903.378  2.5545  0.014815
904.271  2.55671  0.0147625
905.164  2.55889  0.0147106
906.058  2.56105  0.0146591
906.951  2.56318  0.0146082
907.844  2.5653  0.0145578
908.737  2.5674  0.0145078
909.631  2.56947  0.0144584
910.524  2.57152  0.0144094
911.417  2.57356  0.0143608
912.31  2.57557  0.0143128
913.204  2.57756  0.0142652
914.097  2.57954  0.014218
914.99  2.58149  0.0141713
915.883  2.58343  0.0141251
916.776  2.58534  0.0140792
917.67  2.58724  0.0140338
918.563  2.58912  0.0139889
919.456  2.59099  0.0139443
920.349  2.59283  0.0139001
921.243  2.59466  0.0138564
922.136  2.59647  0.0138131
923.029  2.59826  0.0137701
923.922  2.60004  0.0137276
924.816  2.6018  0.0136854
925.709  2.60354  0.0136436
926.602  2.60527  0.0136022
927.495  2.60698  0.0135611
928.389  2.60868  0.0135205
929.282  2.61036  0.0134802
930.175  2.61202  0.0134402
931.068  2.61367  0.0134006
931.962  2.61531  0.0133613
932.855  2.61693  0.0133224
933.748  2.61853  0.0132839
934.641  2.62012  0.0132456
935.535  2.6217  0.0132077
936.428  2.62326  0.0131702
937.321  2.62481  0.0131329
938.214  2.62635  0.013096
939.108  2.62787  0.0130594
940.001  2.62938  0.0130231
940.894  2.63088  0.0129871
941.787  2.63236  0.0129514
942.681  2.63383  0.012916
943.574  2.63529  0.0128809
944.467  2.63673  0.0128461
945.36  2.63816  0.0128116
946.254  2.63958  0.0127774
947.147  2.64099  0.0127435
948.04  2.64239  0.0127098
948.933  2.64377  0.0126764
949.827  2.64514  0.0126433
950.72  2.64651  0.0126105
951.613  2.64786  0.0125779
952.506  2.64919  0.0125456
953.399  2.65052  0.0125136
954.293  2.65184  0.0124818
955.186  2.65314  0.0124503
956.079  2.65444  0.012419
956.972  2.65572  0.012388
957.866  2.657  0.0123572
958.759  2.65826  0.0123267
959.652  2.65952  0.0122964
960.545  2.66076  0.0122663
961.439  2.66199  0.0122365
962.332  2.66322  0.0122069
963.225  2.66443  0.0121775
964.118  2.66563  0.0121484
965.012  2.66683  0.0121195
965.905  2.66801  0.0120908
966.798  2.66919  0.0120624
967.691  2.67036  0.0120341
968.585  2.67151  0.0120061
969.478  2.67266  0.0119783
970.371  2.6738  0.0119507
971.264  2.67493  0.0119233
972.158  2.67606  0.0118961
973.051  2.67717  0.0118691
973.944  2.67827  0.0118423
974.837  2.67937  0.0118157
975.731  2.68046  0.0117894
976.624  2.68154  0.0117632
977.517  2.68261  0.0117372
978.41  2.68368  0.0117114
979.304  2.68473  0.0116857
980.197  2.68578  0.0116603
981.09  2.68682  0.0116351
981.983  2.68785  0.01161
982.877  2.68888  0.0115851
983.77  2.68989  0.0115604
984.663  2.6909  0.0115359
985.556  2.69191  0.0115116
986.45  2.6929  0.0114874
987.343  2.69389  0.0114634
988.236  2.69487  0.0114396
989.129  2.69584  0.0114159
990.023  2.69681  0.0113924
990.916  2.69777  0.0113691
991.809  2.69872  0.0113459
992.702  2.69967  0.0113229
993.595  2.70061  0.0113001
994.489  2.70154  0.0112774
995.382  2.70246  0.0112549
996.275  2.70338  0.0112325
997.168  2.7043  0.0112103
998.062  2.7052  0.0111882
998.955  2.7061  0.0111663
999.848  2.707  0.0111445
1000.74  2.70788  0.0111229
1001.63  2.70877  0.0111015
1002.53  2.70964  0.0110801
1003.42  2.71051  0.0110589
1004.31  2.71137  0.0110379
1005.21  2.71223  0.011017
1006.1  2.71308  0.0109963
1006.99  2.71393  0.0109756
1007.89  2.71477  0.0109552
1008.78  2.7156  0.0109348
1009.67  2.71643  0.0109146
1010.57  2.71725  0.0108945
1011.46  2.71807  0.0108746
1012.35  2.71888  0.0108548
1013.25  2.71969  0.0108351
1014.14  2.72049  0.0108155
1015.03  2.72129  0.0107961
1015.93  2.72208  0.0107768
1016.82  2.72286  0.0107576
1017.71  2.72365  0.0107385
1018.61  2.72442  0.0107196
1019.5  2.72519  0.0107008
1020.39  2.72596  0.0106821
1021.29  2.72672  0.0106635
1022.18  2.72747  0.0106451
1023.07  2.72822  0.0106267
1023.97  2.72897  0.0106085
1024.86  2.72971  0.0105904
1025.75  2.73045  0.0105724
1026.65  2.73118  0.0105545
1027.54  2.7319  0.0105367
1028.43  2.73263  0.0105191
1029.33  2.73334  0.0105015
1030.22  2.73406  0.0104841
1031.11  2.73477  0.0104667
1032.01  2.73547  0.0104495
1032.9  2.73617  0.0104324
1033.79  2.73686  0.0104153
1034.68  2.73756  0.0103984
1035.58  2.73824  0.0103816
1036.47  2.73893  0.0103649
1037.36  2.7396  0.0103483
1038.26  2.74028  0.0103318
1039.15  2.74095  0.0103154
1040.04  2.74161  0.0102991
1040.94  2.74228  0.0102828
1041.83  2.74293  0.0102667
1042.72  2.74359  0.0102507
1043.62  2.74424  0.0102348
1044.51  2.74488  0.0102189
1045.4  2.74552  0.0102032
1046.3  2.74616  0.0101875
1047.19  2.7468  0.010172
1048.08  2.74743  0.0101565
1048.98  2.74806  0.0101411
1049.87  2.74868  0.0101259
1050.76  2.7493  0.0101107
1051.66  2.74991  0.0100956
1052.55  2.75053  0.0100805
1053.44  2.75113  0.0100656
1054.34  2.75174  0.0100508
1055.23  2.75234  0.010036
1056.12  2.75294  0.0100213
1057.02  2.75353  0.0100067
1057.91  2.75412  0.00999221
1058.8  2.75471  0.00997778
1059.7  2.7553  0.00996343
1060.59  2.75588  0.00994917
1061.48  2.75645  0.00993498
1062.38  2.75703  0.00992088
1063.27  2.7576  0.00990685
1064.16  2.75817  0.0098929
1065.06  2.75873  0.00987903
1065.95  2.75929  0.00986523
1066.84  2.75985  0.00985152
1067.73  2.76041  0.00983787
1068.63  2.76096  0.00982431
1069.52  2.76151  0.00981082
1070.41  2.76205  0.0097974
1071.31  2.76259  0.00978406
1072.2  2.76313  0.00977078
1073.09  2.76367  0.00975759
1073.99  2.7642  0.00974446
1074.88  2.76473  0.0097314
1075.77  2.76526  0.00971842
1076.67  2.76579  0.0097055
1077.56  2.76631  0.00969266
1078.45  2.76683  0.00967988
1079.35  2.76734  0.00966718
1080.24  2.76786  0.00965454
1081.13  2.76837  0.00964196
1082.03  2.76888  0.00962946
1082.92  2.76938  0.00961702
1083.81  2.76988  0.00960465
1084.71  2.77038  0.00959234
1085.6  2.77088  0.0095801
1086.49  2.77137  0.00956792
1087.39  2.77187  0.0095558
1088.28  2.77235  0.00954375
1089.17  2.77284  0.00953176
1090.07  2.77333  0.00951984
1090.96  2.77381  0.00950798
1091.85  2.77429  0.00949617
1092.75  2.77476  0.00948443
1093.64  2.77524  0.00947275
1094.53  2.77571  0.00946113
1095.43  2.77618  0.00944957
1096.32  2.77664  0.00943807
1097.21  2.77711  0.00942663
1098.11  2.77757  0.00941524
1099  2.77803  0.00940392
1099.89  2.77848  0.00939265
1100.78  2.77894  0.00938144
1101.68  2.77939  0.00937028
1102.57  2.77984  0.00935918
1103.46  2.78029  0.00934814
1104.36  2.78073  0.00933715
1105.25  2.78117  0.00932622
1106.14  2.78162  0.00931535
1107.04  2.78205  0.00930452
1107.93  2.78249  0.00929375
1108.82  2.78292  0.00928304
1109.72  2.78336  0.00927237
1110.61  2.78379  0.00926176
1111.5  2.78421  0.00925121
1112.4  2.78464  0.0092407
1113.29  2.78506  0.00923025
1114.18  2.78548  0.00921984
1115.08  2.7859  0.00920949
1115.97  2.78632  0.00919919
1116.86  2.78673  0.00918894
1117.76  2.78715  0.00917874
1118.65  2.78756  0.00916859
1119.54  2.78796  0.00915848
1120.44  2.78837  0.00914843
1121.33  2.78878  0.00913842
1122.22  2.78918  0.00912846
1123.12  2.78958  0.00911856
1124.01  2.78998  0.00910869
1124.9  2.79038  0.00909888
1125.8  2.79077  0.00908911
1126.69  2.79116  0.00907939
1127.58  2.79155  0.00906971
1128.48  2.79194  0.00906008
1129.37  2.79233  0.00905049
1130.26  2.79272  0.00904096
1131.16  2.7931  0.00903146
1132.05  2.79348  0.00902201
1132.94  2.79386  0.0090126
1133.83  2.79424  0.00900324
1134.73  2.79462  0.00899392
1135.62  2.79499  0.00898465
1136.51  2.79536  0.00897542
1137.41  2.79574  0.00896623
1138.3  2.7961  0.00895708
1139.19  2.79647  0.00894798
1140.09  2.79684  0.00893892
1140.98  2.7972  0.00892989
1141.87  2.79757  0.00892092
1142.77  2.79793  0.00891198
1143.66  2.79829  0.00890308
1144.55  2.79864  0.00889422
1145.45  2.799  0.00888541
1146.34  2.79935  0.00887663
1147.23  2.79971  0.00886789
1148.13  2.80006  0.0088592
1149.02  2.80041  0.00885054
1149.91  2.80075  0.00884192
1150.81  2.8011  0.00883334
1151.7  2.80144  0.0088248
1152.59  2.80179  0.0088163
1153.49  2.80213  0.00880783
1154.38  2.80247  0.0087994
1155.27  2.80281  0.00879101
1156.17  2.80314  0.00878266
1157.06  2.80348  0.00877434
1157.95  2.80381  0.00876606
1158.85  2.80414  0.00875782
1159.74  2.80448  0.00874962
1160.63  2.8048  0.00874145
1161.53  2.80513  0.00873331
1162.42  2.80546  0.00872521
1163.31  2.80578  0.00871715
1164.21  2.80611  0.00870912
1165.1  2.80643  0.00870113
1165.99  2.80675  0.00869317
1166.88  2.80707  0.00868525
1167.78  2.80739  0.00867736
1168.67  2.8077  0.0086695
1169.56  2.80802  0.00866168
1170.46  2.80833  0.0086539
1171.35  2.80864  0.00864614
1172.24  2.80896  0.00863842
1173.14  2.80927  0.00863073
1174.03  2.80957  0.00862308
1174.92  2.80988  0.00861546
1175.82  2.81019  0.00860787
1176.71  2.81049  0.00860031
1177.6  2.81079  0.00859278
1178.5  2.81109  0.00858529
1179.39  2.81139  0.00857783
1180.28  2.81169  0.0085704
1181.18  2.81199  0.008563
1182.07  2.81229  0.00855563
1182.96  2.81258  0.00854829
1183.86  2.81288  0.00854098
1184.75  2.81317  0.00853371
1185.64  2.81346  0.00852646
1186.54  2.81375  0.00851925
1187.43  2.81404  0.00851206
1188.32  2.81433  0.00850491
1189.22  2.81462  0.00849778
1190.11  2.8149  0.00849068
1191  2.81519  0.00848362
1191.9  2.81547  0.00847658
1192.79  2.81575  0.00846957
1193.68  2.81603  0.00846259
1194.58  2.81631  0.00845564
1195.47  2.81659  0.00844871
1196.36  2.81687  0.00844182
1197.26  2.81714  0.00843495
1198.15  2.81742  0.00842811
1199.04  2.81769  0.0084213
1199.93  2.81796  0.00841451
1200.83  2.81823  0.00840776
1201.72  2.81851  0.00840103
1202.61  2.81877  0.00839433
1203.51  2.81904  0.00838765
1204.4  2.81931  0.008381
1205.29  2.81958  0.00837438
1206.19  2.81984  0.00836778
1207.08  2.8201  0.00836122
1207.97  2.82037  0.00835467
1208.87  2.82063  0.00834816
1209.76  2.82089  0.00834167
1210.65  2.82115  0.0083352
1211.55  2.82141  0.00832876
1212.44  2.82167  0.00832235
1213.33  2.82192  0.00831596
1214.23  2.82218  0.00830959
1215.12  2.82243  0.00830326
1216.01  2.82269  0.00829694
1216.91  2.82294  0.00829065
1217.8  2.82319  0.00828439
1218.69  2.82344  0.00827815
1219.59  2.82369  0.00827193
1220.48  2.82394  0.00826574
1221.37  2.82419  0.00825957
1222.27  2.82443  0.00825343
1223.16  2.82468  0.00824731
1224.05  2.82492  0.00824121
1224.95  2.82517  0.00823514
1225.84  2.82541  0.00822909
1226.73  2.82565  0.00822307
1227.63  2.82589  0.00821706
1228.52  2.82613  0.00821108
1229.41  2.82637  0.00820513
1230.31  2.82661  0.00819919
1231.2  2.82685  0.00819328
1232.09  2.82708  0.00818739
1232.98  2.82732  0.00818152
1233.88  2.82755  0.00817568
1234.77  2.82778  0.00816986
1235.66  2.82802  0.00816406
1236.56  2.82825  0.00815828
1237.45  2.82848  0.00815252
1238.34  2.82871  0.00814679
1239.24  2.82894  0.00814107
1240.13  2.82917  0.00813538
1241.02  2.82939  0.00812971
1241.92  2.82962  0.00812406
1242.81  2.82985  0.00811843
1243.7  2.83007  0.00811282
1244.6  2.83029  0.00810724
1245.49  2.83052  0.00810167
1246.38  2.83074  0.00809613
1247.28  2.83096  0.0080906
1248.17  2.83118  0.0080851
1249.06  2.8314  0.00807961
1249.96  2.83162  0.00807415
1250.85  2.83184  0.0080687
1251.74  2.83206  0.00806328
1252.64  2.83227  0.00805788
1253.53  2.83249  0.00805249
1254.42  2.8327  0.00804713
1255.32  2.83292  0.00804178
1256.21  2.83313  0.00803646
1257.1  2.83334  0.00803115
1258  2.83355  0.00802586
1258.89  2.83377  0.0080206
1259.78  2.83398  0.00801535
1260.68  2.83418  0.00801012
1261.57  2.83439  0.00800491
1262.46  2.8346  0.00799972
1263.36  2.83481  0.00799454
1264.25  2.83501  0.00798939
1265.14  2.83522  0.00798425
1266.04  2.83543  0.00797913
1266.93  2.83563  0.00797403
1267.82  2.83583  0.00796895
1268.71  2.83604  0.00796389
1269.61  2.83624  0.00795884
1270.5  2.83644  0.00795381
1271.39  2.83664  0.00794881
1272.29  2.83684  0.00794381
1273.18  2.83704  0.00793884
1274.07  2.83724  0.00793388
1274.97  2.83743  0.00792894
1275.86  2.83763  0.00792402
1276.75  2.83783  0.00791912
1277.65  2.83802  0.00791423
1278.54  2.83822  0.00790936
1279.43  2.83841  0.0079045
1280.33  2.8386  0.00789967
1281.22  2.8388  0.00789485
1282.11  2.83899  0.00789005
1283.01  2.83918  0.00788526
1283.9  2.83937  0.00788049
1284.79  2.83956  0.00787574
1285.69  2.83975  0.007871
1286.58  2.83994  0.00786628
1287.47  2.84013  0.00786158
1288.37  2.84031  0.00785689
1289.26  2.8405  0.00785222
1290.15  2.84069  0.00784756
1291.05  2.84087  0.00784292
1291.94  2.84106  0.0078383
1292.83  2.84124  0.00783369
1293.73  2.84143  0.0078291
1294.62  2.84161  0.00782452
1295.51  2.84179  0.00781996
1296.41  2.84197  0.00781542
1297.3  2.84215  0.00781089
1298.19  2.84233  0.00780637
1299.09  2.84251  0.00780187
1299.98  2.84269  0.00779739
1300.87  2.84287  0.00779292
1301.76  2.84305  0.00778847
1302.66  2.84323  0.00778403
1303.55  2.8434  0.0077796
1304.44  2.84358  0.00777519
1305.34  2.84376  0.0077708
1306.23  2.84393  0.00776642
1307.12  2.8441  0.00776205
1308.02  2.84428  0.0077577
1308.91  2.84445  0.00775337
1309.8  2.84462  0.00774905
1310.7  2.8448  0.00774474
1311.59  2.84497  0.00774045
1312.48  2.84514  0.00773617
1313.38  2.84531  0.0077319
1314.27  2.84548  0.00772765
1315.16  2.84565  0.00772341
1316.06  2.84582  0.00771919
1316.95  2.84598  0.00771498
1317.84  2.84615  0.00771079
1318.74  2.84632  0.00770661
1319.63  2.84648  0.00770244
1320.52  2.84665  0.00769829
1321.42  2.84682  0.00769414
1322.31  2.84698  0.00769002
1323.2  2.84714  0.0076859
1324.1  2.84731  0.0076818
1324.99  2.84747  0.00767772
1325.88  2.84763  0.00767364
1326.78  2.8478  0.00766958
1327.67  2.84796  0.00766554
1328.56  2.84812  0.0076615
1329.46  2.84828  0.00765748
1330.35  2.84844  0.00765347
1331.24  2.8486  0.00764948
1332.14  2.84876  0.00764549
1333.03  2.84892  0.00764153
1333.92  2.84907  0.00763757
1334.81  2.84923  0.00763362
1335.71  2.84939  0.00762969
1336.6  2.84954  0.00762577
1337.49  2.8497  0.00762187
1338.39  2.84985  0.00761797
1339.28  2.85001  0.00761409
1340.17  2.85016  0.00761022
1341.07  2.85032  0.00760636
1341.96  2.85047  0.00760252
1342.85  2.85062  0.00759868
1343.75  2.85078  0.00759486
1344.64  2.85093  0.00759105
1345.53  2.85108  0.00758726
1346.43  2.85123  0.00758347
1347.32  2.85138  0.0075797
1348.21  2.85153  0.00757594
1349.11  2.85168  0.00757219
1350  2.85183  0.00756845
