279  -1.09564e-06  1.60717e-08
279.893  1.36769e-05  2.00167e-07
280.786  4.42117e-05  6.45567e-07
281.68  8.47226e-05  1.23423e-06
282.573  0.000133182  1.93565e-06
283.466  0.000188465  2.73267e-06
284.359  0.000249826  3.61379e-06
285.253  0.000316726  4.57058e-06
286.146  0.000388754  5.59646e-06
287.039  0.000465577  6.68613e-06
287.932  0.000546928  7.83517e-06
288.826  0.000632578  9.03981e-06
289.719  0.000722333  1.02968e-05
290.612  0.000816026  1.16032e-05
291.505  0.000913511  1.29566e-05
292.399  0.00101466  1.43545e-05
293.292  0.00111935  1.5795e-05
294.185  0.00122748  1.7276e-05
295.078  0.00133896  1.87959e-05
295.972  0.00145371  2.03531e-05
296.865  0.00157164  2.19459e-05
297.758  0.00169268  2.3573e-05
298.651  0.00181677  2.52331e-05
299.545  0.00194385  2.69248e-05
300.438  0.00207387  2.86471e-05
301.331  0.00220676  3.03988e-05
302.224  0.00234249  3.21788e-05
303.118  0.002481  3.39862e-05
304.011  0.00262227  3.58198e-05
304.904  0.00276624  3.76789e-05
305.797  0.00291288  3.95624e-05
306.691  0.00306216  4.14696e-05
307.584  0.00321404  4.33995e-05
308.477  0.0033685  4.53515e-05
309.37  0.0035255  4.73246e-05
310.264  0.00368503  4.93182e-05
311.157  0.00384705  5.13314e-05
312.05  0.00401154  5.33636e-05
312.943  0.00417848  5.54141e-05
313.837  0.00434786  5.74822e-05
314.73  0.00451964  5.95672e-05
315.623  0.00469381  6.16685e-05
316.516  0.00487035  6.37854e-05
317.41  0.00504925  6.59172e-05
318.303  0.00523049  6.80635e-05
319.196  0.00541405  7.02235e-05
320.089  0.00559993  7.23968e-05
320.982  0.00578811  7.45826e-05
321.876  0.00597858  7.67804e-05
322.769  0.00617132  7.89896e-05
323.662  0.00636633  8.12097e-05
324.555  0.00656359  8.34402e-05
325.449  0.00676309  8.56804e-05
326.342  0.00696484  8.79298e-05
327.235  0.00716881  9.01879e-05
328.128  0.007375  9.24542e-05
329.022  0.00758341  9.47281e-05
329.915  0.00779402  9.70091e-05
330.808  0.00800684  9.92966e-05
331.701  0.00822185  0.00010159
332.595  0.00843905  0.000103889
333.488  0.00865843  0.000106194
334.381  0.00888  0.000108502
335.274  0.00910374  0.000110815
336.168  0.00932966  0.000113131
337.061  0.00955774  0.00011545
337.954  0.009788  0.000117772
338.847  0.0100204  0.000120095
339.741  0.010255  0.000122421
340.634  0.0104918  0.000124747
341.527  0.0107307  0.000127073
342.42  0.0109717  0.0001294
343.314  0.011215  0.000131726
344.207  0.0114603  0.000134051
345.1  0.0117079  0.000136374
345.993  0.0119576  0.000138696
346.887  0.0122095  0.000141015
347.78  0.0124635  0.000143331
348.673  0.0127197  0.000145643
349.566  0.012978  0.000147952
350.46  0.0132386  0.000150256
351.353  0.0135013  0.000152555
352.246  0.0137661  0.000154848
353.139  0.0140332  0.000157135
354.033  0.0143024  0.000159416
354.926  0.0145738  0.00016169
355.819  0.0148473  0.000163956
356.712  0.0151231  0.000166214
357.606  0.015401  0.000168463
358.499  0.0156812  0.000170703
359.392  0.0159635  0.000172934
360.285  0.0162481  0.000175155
361.178  0.0165348  0.000177364
362.072  0.0168238  0.000179563
362.965  0.0171149  0.00018175
363.858  0.0174083  0.000183925
364.751  0.017704  0.000186086
365.645  0.0180018  0.000188235
366.538  0.018302  0.000190369
367.431  0.0186043  0.000192489
368.324  0.0189089  0.000194595
369.218  0.0192158  0.000196684
370.111  0.0195249  0.000198758
371.004  0.0198363  0.000200815
371.897  0.02015  0.000202855
372.791  0.020466  0.000204877
373.684  0.0207843  0.00020688
374.577  0.0211049  0.000208865
375.47  0.0214278  0.000210831
376.364  0.021753  0.000212776
377.257  0.0220805  0.000214701
378.15  0.0224104  0.000216605
379.043  0.0227426  0.000218488
379.937  0.0230772  0.000220348
380.83  0.0234142  0.000222185
381.723  0.0237535  0.000223998
382.616  0.0240952  0.000225788
383.51  0.0244394  0.000227553
384.403  0.0247859  0.000229293
385.296  0.0251348  0.000231007
386.189  0.0254862  0.000232695
387.083  0.02584  0.000234356
387.976  0.0261962  0.000235989
388.869  0.0265549  0.000237594
389.762  0.0269161  0.00023917
390.656  0.0272798  0.000240718
391.549  0.0276459  0.000242235
392.442  0.0280146  0.000243722
393.335  0.0283858  0.000245177
394.229  0.0287595  0.000246601
395.122  0.0291358  0.000247993
396.015  0.0295146  0.000249352
396.908  0.0298959  0.000250678
397.802  0.0302799  0.000251969
398.695  0.0306665  0.000253227
399.588  0.0310556  0.000254449
400.481  0.0314474  0.000255635
401.374  0.0318419  0.000256785
402.268  0.0322389  0.000257898
403.161  0.0326387  0.000258974
404.054  0.0330411  0.000260012
404.947  0.0334462  0.000261012
405.841  0.0338541  0.000261973
406.734  0.0342646  0.000262895
407.627  0.0346779  0.000263776
408.52  0.035094  0.000264618
409.414  0.0355128  0.000265418
410.307  0.0359344  0.000266178
411.2  0.0363589  0.000266896
412.093  0.0367861  0.000267571
412.987  0.0372162  0.000268205
413.88  0.0376491  0.000268796
414.773  0.038085  0.000269343
415.666  0.0385237  0.000269848
416.56  0.0389653  0.000270308
417.453  0.0394098  0.000270725
418.346  0.0398573  0.000271098
419.239  0.0403078  0.000271427
420.133  0.0407612  0.000271712
421.026  0.0412176  0.000271952
421.919  0.0416771  0.000272148
422.812  0.0421396  0.0002723
423.706  0.0426051  0.000272408
424.599  0.0430738  0.000272472
425.492  0.0435455  0.000272492
426.385  0.0440203  0.000272469
427.279  0.0444983  0.000272404
428.172  0.0449795  0.000272295
429.065  0.0454638  0.000272146
429.958  0.0459514  0.000271955
430.852  0.0464422  0.000271723
431.745  0.0469362  0.000271453
432.638  0.0474335  0.000271144
433.531  0.0479341  0.000270799
434.425  0.048438  0.000270417
435.318  0.0489452  0.000270002
436.211  0.0494558  0.000269554
437.104  0.0499698  0.000269075
437.997  0.0504872  0.000268567
438.891  0.0510081  0.000268034
439.784  0.0515324  0.000267476
440.677  0.0520602  0.000266897
441.57  0.0525915  0.0002663
442.464  0.0531263  0.000265688
443.357  0.0536647  0.000265064
444.25  0.0542067  0.000264433
445.143  0.0547523  0.000263797
446.037  0.0553016  0.000263163
446.93  0.0558545  0.000262534
447.823  0.0564111  0.000261916
448.716  0.0569715  0.000261314
449.61  0.0575356  0.000260734
450.503  0.0581035  0.000260183
451.396  0.0586752  0.000259667
452.289  0.0592507  0.000259193
453.183  0.0598301  0.00025877
454.076  0.0604134  0.000258405
454.969  0.0610007  0.000258107
455.862  0.0615919  0.000257884
456.756  0.0621871  0.000257748
457.649  0.0627863  0.000257706
458.542  0.0633896  0.000257771
459.435  0.063997  0.000257953
460.329  0.0646085  0.000258262
461.222  0.0652241  0.000258712
462.115  0.065844  0.000259313
463.008  0.066468  0.000260078
463.902  0.0670963  0.00026102
464.795  0.067729  0.000262151
465.688  0.0683659  0.000263485
466.581  0.0690072  0.000265033
467.475  0.0696529  0.00026681
468.368  0.0703031  0.000268827
469.261  0.0709577  0.000271097
470.154  0.0716169  0.000273634
471.048  0.0722806  0.000276449
471.941  0.0729488  0.000279553
472.834  0.0736217  0.000282958
473.727  0.0742993  0.000286675
474.621  0.0749816  0.000290714
475.514  0.0756686  0.000295084
476.407  0.0763605  0.000299796
477.3  0.0770571  0.000304856
478.193  0.0777586  0.000310274
479.087  0.0784651  0.000316056
479.98  0.0791765  0.000322208
480.873  0.0798929  0.000328738
481.766  0.0806144  0.00033565
482.66  0.0813409  0.000342949
483.553  0.0820726  0.00035064
484.446  0.0828095  0.000358727
485.339  0.0835516  0.000367214
486.233  0.0842989  0.000376103
487.126  0.0850516  0.000385399
488.019  0.0858097  0.000395104
488.912  0.0865732  0.00040522
489.806  0.0873422  0.00041575
490.699  0.0881167  0.000426698
491.592  0.0888967  0.000438064
492.485  0.0896824  0.000449852
493.379  0.0904738  0.000462064
494.272  0.0912709  0.000474702
495.165  0.0920738  0.000487769
496.058  0.0928825  0.000501268
496.952  0.0936972  0.000515201
497.845  0.0945178  0.000529572
498.738  0.0953443  0.000544383
499.631  0.096177  0.000559638
500.525  0.0970158  0.00057534
501.418  0.0978607  0.000591493
502.311  0.0987119  0.0006081
503.204  0.0995694  0.000625166
504.098  0.100433  0.000642695
504.991  0.101304  0.00066069
505.884  0.10218  0.000679158
506.777  0.103064  0.000698103
507.671  0.103954  0.00071753
508.564  0.10485  0.000737444
509.457  0.105754  0.000757851
510.35  0.106664  0.000778756
511.244  0.107581  0.000800167
512.137  0.108505  0.000822088
513.03  0.109436  0.000844527
513.923  0.110374  0.000867491
514.817  0.11132  0.000890986
515.71  0.112272  0.000915019
516.603  0.113232  0.000939598
517.496  0.114199  0.000964731
518.389  0.115174  0.000990426
519.283  0.116157  0.00101669
520.176  0.117146  0.00104353
521.069  0.118144  0.00107096
521.962  0.11915  0.00109899
522.856  0.120163  0.00112762
523.749  0.121184  0.00115687
524.642  0.122213  0.00118674
525.535  0.123251  0.00121724
526.429  0.124296  0.00124839
527.322  0.12535  0.00128019
528.215  0.126412  0.00131266
529.108  0.127483  0.0013458
530.002  0.128563  0.00137964
530.895  0.129651  0.00141417
531.788  0.130747  0.00144941
532.681  0.131853  0.00148538
533.575  0.132967  0.00152208
534.468  0.134091  0.00155953
535.361  0.135224  0.00159774
536.254  0.136366  0.00163673
537.148  0.137517  0.0016765
538.041  0.138678  0.00171708
538.934  0.139848  0.00175847
539.827  0.141028  0.00180069
540.721  0.142218  0.00184376
541.614  0.143417  0.00188769
542.507  0.144627  0.0019325
543.4  0.145847  0.0019782
544.294  0.147077  0.00202481
545.187  0.148317  0.00207234
546.08  0.149568  0.00212081
546.973  0.150829  0.00217025
547.867  0.152102  0.00222066
548.76  0.153385  0.00227206
549.653  0.154678  0.00232448
550.546  0.155984  0.00237794
551.44  0.1573  0.00243244
552.333  0.158627  0.00248802
553.226  0.159966  0.00254469
554.119  0.161317  0.00260248
555.013  0.16268  0.00266139
555.906  0.164054  0.00272147
556.799  0.165441  0.00278272
557.692  0.166839  0.00284517
558.585  0.16825  0.00290885
559.479  0.169674  0.00297377
560.372  0.17111  0.00303997
561.265  0.172559  0.00310746
562.158  0.174021  0.00317627
563.052  0.175496  0.00324643
563.945  0.176984  0.00331797
564.838  0.178486  0.0033909
565.731  0.180002  0.00346527
566.625  0.181531  0.00354108
567.518  0.183074  0.00361839
568.411  0.184632  0.00369721
569.304  0.186203  0.00377757
570.198  0.187789  0.00385951
571.091  0.18939  0.00394306
571.984  0.191006  0.00402824
572.877  0.192637  0.0041151
573.771  0.194283  0.00420367
574.664  0.195945  0.00429397
575.557  0.197622  0.00438605
576.45  0.199315  0.00447995
577.344  0.201024  0.00457569
578.237  0.20275  0.00467332
579.13  0.204492  0.00477287
580.023  0.206251  0.00487439
580.917  0.208027  0.00497791
581.81  0.209819  0.00508348
582.703  0.21163  0.00519114
583.596  0.213458  0.00530093
584.49  0.215304  0.00541289
585.383  0.217167  0.00552708
586.276  0.21905  0.00564353
587.169  0.220951  0.0057623
588.063  0.222871  0.00588344
588.956  0.22481  0.00600698
589.849  0.226768  0.006133
590.742  0.228746  0.00626152
591.636  0.230744  0.00639262
592.529  0.232762  0.00652634
593.422  0.234801  0.00666274
594.315  0.23686  0.00680188
595.209  0.238941  0.00694381
596.102  0.241043  0.0070886
596.995  0.243167  0.0072363
597.888  0.245312  0.00738699
598.781  0.24748  0.00754071
599.675  0.249671  0.00769755
600.568  0.251884  0.00785756
601.461  0.254121  0.00802081
602.354  0.256382  0.00818739
603.248  0.258666  0.00835734
604.141  0.260975  0.00853076
605.034  0.263308  0.00870772
605.927  0.265667  0.00888829
606.821  0.26805  0.00907256
607.714  0.27046  0.0092606
608.607  0.272896  0.0094525
609.5  0.275358  0.00964834
610.394  0.277848  0.00984822
611.287  0.280364  0.0100522
612.18  0.282909  0.0102604
613.073  0.285481  0.0104729
613.967  0.288082  0.0106898
614.86  0.290713  0.0109113
615.753  0.293372  0.0111373
616.646  0.296062  0.011368
617.54  0.298782  0.0116035
618.433  0.301533  0.0118439
619.326  0.304315  0.0120894
620.219  0.307129  0.01234
621.113  0.309976  0.0125959
622.006  0.312855  0.0128571
622.899  0.315768  0.0131238
623.792  0.318714  0.0133962
624.686  0.321695  0.0136743
625.579  0.32471  0.0139583
626.472  0.327762  0.0142482
627.365  0.330849  0.0145444
628.259  0.333973  0.0148468
629.152  0.337134  0.0151557
630.045  0.340332  0.0154711
630.938  0.34357  0.0157933
631.832  0.346846  0.0161223
632.725  0.350162  0.0164584
633.618  0.353518  0.0168017
634.511  0.356915  0.0171523
635.405  0.360353  0.0175105
636.298  0.363834  0.0178764
637.191  0.367358  0.0182501
638.084  0.370925  0.018632
638.977  0.374537  0.019022
639.871  0.378194  0.0194205
640.764  0.381897  0.0198276
641.657  0.385646  0.0202436
642.55  0.389442  0.0206686
643.444  0.393287  0.0211027
644.337  0.39718  0.0215464
645.23  0.401124  0.0219996
646.123  0.405117  0.0224628
647.017  0.409163  0.022936
647.91  0.41326  0.0234196
648.803  0.41741  0.0239137
649.696  0.421615  0.0244186
650.59  0.425874  0.0249345
651.483  0.430189  0.0254617
652.376  0.434561  0.0260004
653.269  0.43899  0.0265509
654.163  0.443478  0.0271134
655.056  0.448025  0.0276883
655.949  0.452633  0.0282757
656.842  0.457303  0.028876
657.736  0.462035  0.0294894
658.629  0.46683  0.0301162
659.522  0.471691  0.0307567
660.415  0.476617  0.0314112
661.309  0.48161  0.0320799
662.202  0.486671  0.0327633
663.095  0.4918  0.0334616
663.988  0.497  0.034175
664.882  0.502272  0.034904
665.775  0.507616  0.0356487
666.668  0.513033  0.0364096
667.561  0.518525  0.037187
668.455  0.524094  0.0379811
669.348  0.529739  0.0387924
670.241  0.535463  0.039621
671.134  0.541267  0.0404674
672.028  0.547152  0.0413319
672.921  0.553119  0.0422148
673.814  0.55917  0.0431165
674.707  0.565306  0.0440372
675.601  0.571528  0.0449772
676.494  0.577838  0.045937
677.387  0.584236  0.0469168
678.28  0.590725  0.047917
679.173  0.597305  0.0489378
680.067  0.603978  0.0499796
680.96  0.610745  0.0510427
681.853  0.617608  0.0521273
682.746  0.624568  0.0532337
683.64  0.631626  0.0543623
684.533  0.638784  0.0555132
685.426  0.646044  0.0566867
686.319  0.653405  0.0578832
687.213  0.660871  0.0591027
688.106  0.668441  0.0603454
688.999  0.676118  0.0616117
689.892  0.683903  0.0629016
690.786  0.691797  0.0642152
691.679  0.699801  0.0655528
692.572  0.707917  0.0669144
693.465  0.716146  0.0683
694.359  0.724489  0.0697097
695.252  0.732947  0.0711435
696.145  0.741522  0.0726013
697.038  0.750214  0.0740831
697.932  0.759025  0.0755888
698.825  0.767956  0.0771183
699.718  0.777007  0.0786712
700.611  0.78618  0.0802474
701.505  0.795475  0.0818466
702.398  0.804894  0.0834685
703.291  0.814436  0.0851126
704.184  0.824104  0.0867784
705.078  0.833896  0.0884655
705.971  0.843815  0.0901733
706.864  0.853859  0.0919011
707.757  0.864031  0.0936481
708.651  0.874329  0.0954137
709.544  0.884754  0.0971969
710.437  0.895306  0.0989968
711.33  0.905985  0.100812
712.224  0.91679  0.102643
713.117  0.927722  0.104486
714.01  0.93878  0.106342
714.903  0.949964  0.108209
715.796  0.961272  0.110085
716.69  0.972703  0.111969
717.583  0.984258  0.113859
718.476  0.995934  0.115755
719.369  1.00773  0.117653
720.263  1.01965  0.119552
721.156  1.03168  0.12145
722.049  1.04383  0.123346
722.942  1.05609  0.125237
723.836  1.06846  0.127121
724.729  1.08094  0.128996
725.622  1.09353  0.13086
726.515  1.10622  0.13271
727.409  1.11901  0.134544
728.302  1.1319  0.13636
729.195  1.14488  0.138155
730.088  1.15796  0.139928
730.982  1.17112  0.141674
731.875  1.18437  0.143393
732.768  1.19769  0.145082
733.661  1.21109  0.146737
734.555  1.22457  0.148358
735.448  1.23811  0.14994
736.341  1.25171  0.151483
737.234  1.26537  0.152983
738.128  1.27908  0.154439
739.021  1.29285  0.155848
739.914  1.30665  0.157208
740.807  1.3205  0.158517
741.701  1.33437  0.159773
742.594  1.34828  0.160975
743.487  1.3622  0.16212
744.38  1.37615  0.163208
745.274  1.3901  0.164236
746.167  1.40406  0.165203
747.06  1.41803  0.166109
747.953  1.43198  0.166952
748.847  1.44593  0.167731
749.74  1.45986  0.168446
750.633  1.47377  0.169095
751.526  1.48766  0.169679
752.42  1.50151  0.170198
753.313  1.51533  0.17065
754.206  1.5291  0.171037
755.099  1.54283  0.171358
755.992  1.5565  0.171614
756.886  1.57012  0.171805
757.779  1.58368  0.171931
758.672  1.59717  0.171995
759.565  1.61059  0.171996
760.459  1.62394  0.171935
761.352  1.6372  0.171814
762.245  1.65039  0.171634
763.138  1.66349  0.171396
764.032  1.6765  0.171101
764.925  1.68941  0.170752
765.818  1.70223  0.170349
766.711  1.71495  0.169895
767.605  1.72756  0.16939
768.498  1.74007  0.168837
769.391  1.75247  0.168238
770.284  1.76476  0.167594
771.178  1.77694  0.166908
772.071  1.78901  0.16618
772.964  1.80095  0.165414
773.857  1.81278  0.16461
774.751  1.82449  0.163771
775.644  1.83608  0.162899
776.537  1.84755  0.161995
777.43  1.85889  0.161062
778.324  1.87011  0.1601
779.217  1.8812  0.159113
780.11  1.89217  0.158102
781.003  1.90301  0.157068
781.897  1.91372  0.156013
782.79  1.92431  0.154939
783.683  1.93477  0.153848
784.576  1.94511  0.152741
785.47  1.95531  0.151619
786.363  1.96539  0.150484
787.256  1.97535  0.149338
788.149  1.98518  0.148181
789.043  1.99488  0.147016
789.936  2.00446  0.145843
790.829  2.01392  0.144664
791.722  2.02325  0.143479
792.616  2.03246  0.14229
793.509  2.04155  0.141099
794.402  2.05051  0.139905
795.295  2.05936  0.13871
796.188  2.06809  0.137515
797.082  2.0767  0.136321
797.975  2.08519  0.135128
798.868  2.09357  0.133938
799.761  2.10184  0.13275
800.655  2.10999  0.131566
801.548  2.11803  0.130387
802.441  2.12596  0.129212
803.334  2.13378  0.128043
804.228  2.14149  0.12688
805.121  2.1491  0.125724
806.014  2.1566  0.124575
806.907  2.16399  0.123433
807.801  2.17129  0.122298
808.694  2.17848  0.121172
809.587  2.18557  0.120055
810.48  2.19257  0.118946
811.374  2.19946  0.117846
812.267  2.20626  0.116756
813.16  2.21297  0.115675
814.053  2.21958  0.114604
814.947  2.22611  0.113543
815.84  2.23254  0.112492
816.733  2.23888  0.111451
817.626  2.24514  0.11042
818.52  2.2513  0.1094
819.413  2.25739  0.108391
820.306  2.26339  0.107392
821.199  2.2693  0.106404
822.093  2.27514  0.105426
822.986  2.2809  0.10446
823.879  2.28657  0.103504
824.772  2.29217  0.102559
825.666  2.2977  0.101624
826.559  2.30315  0.100701
827.452  2.30852  0.0997883
828.345  2.31383  0.0988863
829.239  2.31906  0.0979951
830.132  2.32422  0.0971145
831.025  2.32931  0.0962446
831.918  2.33433  0.0953852
832.812  2.33929  0.0945363
833.705  2.34418  0.0936978
834.598  2.34901  0.0928697
835.491  2.35377  0.0920519
836.384  2.35847  0.0912442
837.278  2.36311  0.0904467
838.171  2.36769  0.0896592
839.064  2.37221  0.0888817
839.957  2.37666  0.088114
840.851  2.38107  0.0873561
841.744  2.38541  0.0866078
842.637  2.3897  0.085869
843.53  2.39394  0.0851397
844.424  2.39812  0.0844198
845.317  2.40224  0.0837091
846.21  2.40632  0.0830075
847.103  2.41034  0.082315
847.997  2.41432  0.0816313
848.89  2.41824  0.0809565
849.783  2.42211  0.0802904
850.676  2.42594  0.0796329
851.57  2.42972  0.0789838
852.463  2.43345  0.0783432
853.356  2.43714  0.0777108
854.249  2.44078  0.0770866
855.143  2.44438  0.0764704
856.036  2.44793  0.0758622
856.929  2.45144  0.0752618
857.822  2.45491  0.0746691
858.716  2.45834  0.0740841
859.609  2.46172  0.0735066
860.502  2.46507  0.0729365
861.395  2.46838  0.0723737
862.289  2.47164  0.0718181
863.182  2.47487  0.0712696
864.075  2.47806  0.0707281
864.968  2.48122  0.0701936
865.862  2.48434  0.0696658
866.755  2.48742  0.0691447
867.648  2.49046  0.0686302
868.541  2.49347  0.0681223
869.435  2.49645  0.0676208
870.328  2.4994  0.0671255
871.221  2.50231  0.0666366
872.114  2.50518  0.0661537
873.008  2.50803  0.0656769
873.901  2.51084  0.0652061
874.794  2.51362  0.0647411
875.687  2.51637  0.0642819
876.58  2.51909  0.0638284
877.474  2.52179  0.0633805
878.367  2.52445  0.0629382
879.26  2.52708  0.0625013
880.153  2.52968  0.0620697
881.047  2.53226  0.0616435
881.94  2.53481  0.0612224
882.833  2.53733  0.0608065
883.726  2.53982  0.0603956
884.62  2.54229  0.0599897
885.513  2.54473  0.0595887
886.406  2.54715  0.0591925
887.299  2.54954  0.0588011
888.193  2.55191  0.0584143
889.086  2.55425  0.0580322
889.979  2.55657  0.0576546
890.872  2.55886  0.0572815
891.766  2.56113  0.0569128
892.659  2.56338  0.0565484
893.552  2.5656  0.0561883
894.445  2.5678  0.0558325
895.339  2.56998  0.0554808
896.232  2.57214  0.0551331
897.125  2.57427  0.0547895
898.018  2.57639  0.0544499
898.912  2.57848  0.0541142
899.805  2.58056  0.0537823
900.698  2.58261  0.0534542
901.591  2.58464  0.0531299
902.485  2.58666  0.0528093
903.378  2.58865  0.0524923
904.271  2.59062  0.0521788
905.164  2.59258  0.0518689
906.058  2.59451  0.0515624
906.951  2.59643  0.0512594
907.844  2.59833  0.0509598
908.737  2.60021  0.0506634
909.631  2.60208  0.0503704
910.524  2.60393  0.0500805
911.417  2.60576  0.0497939
912.31  2.60757  0.0495104
913.204  2.60936  0.0492299
914.097  2.61114  0.0489526
914.99  2.61291  0.0486782
915.883  2.61465  0.0484067
916.776  2.61638  0.0481382
917.67  2.6181  0.0478726
918.563  2.6198  0.0476097
919.456  2.62148  0.0473497
920.349  2.62315  0.0470924
921.243  2.62481  0.0468379
922.136  2.62645  0.046586
923.029  2.62807  0.0463367
923.922  2.62969  0.04609
924.816  2.63128  0.0458459
925.709  2.63287  0.0456044
926.602  2.63444  0.0453653
927.495  2.63599  0.0451286
928.389  2.63753  0.0448944
929.282  2.63906  0.0446626
930.175  2.64058  0.0444331
931.068  2.64208  0.044206
931.962  2.64358  0.0439811
932.855  2.64505  0.0437585
933.748  2.64652  0.0435381
934.641  2.64797  0.0433199
935.535  2.64941  0.0431039
936.428  2.65084  0.0428899
937.321  2.65226  0.0426782
938.214  2.65367  0.0424684
939.108  2.65506  0.0422608
940.001  2.65645  0.0420551
940.894  2.65782  0.0418514
941.787  2.65918  0.0416497
942.681  2.66053  0.04145
943.574  2.66187  0.0412521
944.467  2.6632  0.0410561
945.36  2.66452  0.040862
946.254  2.66582  0.0406698
947.147  2.66712  0.0404793
948.04  2.66841  0.0402906
948.933  2.66969  0.0401037
949.827  2.67095  0.0399185
950.72  2.67221  0.039735
951.613  2.67346  0.0395532
952.506  2.6747  0.0393731
953.399  2.67593  0.0391946
954.293  2.67715  0.0390178
955.186  2.67836  0.0388426
956.079  2.67956  0.0386689
956.972  2.68075  0.0384968
957.866  2.68194  0.0383262
958.759  2.68311  0.0381571
959.652  2.68428  0.0379896
960.545  2.68544  0.0378235
961.439  2.68659  0.0376588
962.332  2.68773  0.0374956
963.225  2.68886  0.0373338
964.118  2.68999  0.0371735
965.012  2.6911  0.0370144
965.905  2.69221  0.0368568
966.798  2.69331  0.0367005
967.691  2.69441  0.0365455
968.585  2.69549  0.0363918
969.478  2.69657  0.0362394
970.371  2.69764  0.0360882
971.264  2.69871  0.0359383
972.158  2.69976  0.0357897
973.051  2.70081  0.0356422
973.944  2.70186  0.0354959
974.837  2.70289  0.0353508
975.731  2.70392  0.0352069
976.624  2.70494  0.0350641
977.517  2.70596  0.0349224
978.41  2.70697  0.0347818
979.304  2.70797  0.0346423
980.197  2.70897  0.0345039
981.09  2.70996  0.0343665
981.983  2.71094  0.0342301
982.877  2.71192  0.0340947
983.77  2.71289  0.0339603
984.663  2.71386  0.0338269
985.556  2.71482  0.0336943
986.45  2.71578  0.0335627
987.343  2.71673  0.0334319
988.236  2.71768  0.0333019
989.129  2.71862  0.0331727
990.023  2.71956  0.0330442
990.916  2.7205  0.0329161
991.809  2.72143  0.0327881
992.702  2.72237  0.0326608
993.595  2.72329  0.0325347
994.489  2.72421  0.0324097
995.382  2.72512  0.0322859
996.275  2.72603  0.0321632
997.168  2.72692  0.0320416
998.062  2.72782  0.031921
998.955  2.7287  0.0318016
999.848  2.72958  0.0316832
1000.74  2.73045  0.0315659
1001.63  2.73131  0.0314496
1002.53  2.73217  0.0313344
1003.42  2.73303  0.0312202
1004.31  2.73387  0.0311069
1005.21  2.73471  0.0309947
1006.1  2.73554  0.0308834
1006.99  2.73637  0.0307731
1007.89  2.73719  0.0306638
1008.78  2.73801  0.0305554
1009.67  2.73882  0.0304479
1010.57  2.73962  0.0303414
1011.46  2.74042  0.0302357
1012.35  2.74121  0.030131
1013.25  2.742  0.0300272
1014.14  2.74278  0.0299242
1015.03  2.74356  0.0298221
1015.93  2.74433  0.0297208
1016.82  2.74509  0.0296204
1017.71  2.74585  0.0295209
1018.61  2.7466  0.0294222
1019.5  2.74735  0.0293242
1020.39  2.7481  0.0292271
1021.29  2.74883  0.0291308
1022.18  2.74957  0.0290353
1023.07  2.7503  0.0289406
1023.97  2.75102  0.0288466
1024.86  2.75174  0.0287535
1025.75  2.75245  0.028661
1026.65  2.75316  0.0285693
1027.54  2.75386  0.0284784
1028.43  2.75456  0.0283881
1029.33  2.75526  0.0282986
1030.22  2.75595  0.0282099
1031.11  2.75663  0.0281218
1032.01  2.75731  0.0280344
1032.9  2.75799  0.0279477
1033.79  2.75866  0.0278617
1034.68  2.75933  0.0277764
1035.58  2.75999  0.0276917
1036.47  2.76065  0.0276077
1037.36  2.7613  0.0275243
1038.26  2.76195  0.0274416
1039.15  2.7626  0.0273596
1040.04  2.76324  0.0272781
1040.94  2.76388  0.0271973
1041.83  2.76451  0.0271171
1042.72  2.76514  0.0270376
1043.62  2.76576  0.0269586
1044.51  2.76638  0.0268802
1045.4  2.767  0.0268025
1046.3  2.76761  0.0267253
1047.19  2.76822  0.0266487
1048.08  2.76883  0.0265726
1048.98  2.76943  0.0264972
1049.87  2.77003  0.0264223
1050.76  2.77062  0.0263479
1051.66  2.77121  0.0262741
1052.55  2.7718  0.0262009
1053.44  2.77238  0.0261282
1054.34  2.77296  0.026056
1055.23  2.77353  0.0259843
1056.12  2.77411  0.0259132
1057.02  2.77467  0.0258426
1057.91  2.77524  0.0257725
1058.8  2.7758  0.0257029
1059.7  2.77636  0.0256338
1060.59  2.77691  0.0255652
1061.48  2.77747  0.0254971
1062.38  2.77801  0.0254295
1063.27  2.77856  0.0253624
1064.16  2.7791  0.0252958
1065.06  2.77964  0.0252296
1065.95  2.78017  0.0251639
1066.84  2.7807  0.0250986
1067.73  2.78123  0.0250339
1068.63  2.78176  0.0249695
1069.52  2.78228  0.0249056
1070.41  2.7828  0.0248422
1071.31  2.78332  0.0247792
1072.2  2.78383  0.0247167
1073.09  2.78434  0.0246545
1073.99  2.78485  0.0245928
1074.88  2.78535  0.0245316
1075.77  2.78585  0.0244707
1076.67  2.78635  0.0244103
1077.56  2.78685  0.0243503
1078.45  2.78734  0.0242906
1079.35  2.78783  0.0242314
1080.24  2.78831  0.0241726
1081.13  2.7888  0.0241142
1082.03  2.78928  0.0240562
1082.92  2.78976  0.0239986
1083.81  2.79023  0.0239413
1084.71  2.79071  0.0238845
1085.6  2.79118  0.023828
1086.49  2.79165  0.0237719
1087.39  2.79211  0.0237161
1088.28  2.79257  0.0236607
1089.17  2.79303  0.0236057
1090.07  2.79349  0.0235511
1090.96  2.79394  0.0234968
1091.85  2.7944  0.0234429
1092.75  2.79485  0.0233893
1093.64  2.79529  0.0233361
1094.53  2.79574  0.0232832
1095.43  2.79618  0.0232306
1096.32  2.79662  0.0231784
1097.21  2.79706  0.0231266
1098.11  2.79749  0.023075
1099  2.79793  0.0230238
1099.89  2.79836  0.0229729
1100.78  2.79878  0.0229224
1101.68  2.79921  0.0228721
1102.57  2.79963  0.0228222
1103.46  2.80006  0.0227726
1104.36  2.80047  0.0227233
1105.25  2.80089  0.0226743
1106.14  2.8013  0.0226256
1107.04  2.80172  0.0225773
1107.93  2.80213  0.0225292
1108.82  2.80253  0.0224814
1109.72  2.80294  0.022434
1110.61  2.80334  0.0223868
1111.5  2.80375  0.0223399
1112.4  2.80414  0.0222933
1113.29  2.80454  0.022247
1114.18  2.80494  0.0222009
1115.08  2.80533  0.0221552
1115.97  2.80572  0.0221097
1116.86  2.80611  0.0220645
1117.76  2.8065  0.0220196
1118.65  2.80688  0.021975
1119.54  2.80726  0.0219306
1120.44  2.80764  0.0218865
1121.33  2.80802  0.0218426
1122.22  2.8084  0.021799
1123.12  2.80878  0.0217557
1124.01  2.80915  0.0217126
1124.9  2.80952  0.0216698
1125.8  2.80989  0.0216273
1126.69  2.81026  0.021585
1127.58  2.81062  0.0215429
1128.48  2.81099  0.0215011
1129.37  2.81135  0.0214595
1130.26  2.81171  0.0214182
1131.16  2.81207  0.0213771
1132.05  2.81242  0.0213363
1132.94  2.81278  0.0212957
1133.83  2.81313  0.0212554
1134.73  2.81348  0.0212152
1135.62  2.81383  0.0211753
1136.51  2.81418  0.0211357
1137.41  2.81452  0.0210962
1138.3  2.81487  0.021057
1139.19  2.81521  0.021018
1140.09  2.81555  0.0209792
1140.98  2.81589  0.0209407
1141.87  2.81623  0.0209024
1142.77  2.81656  0.0208643
1143.66  2.8169  0.0208264
1144.55  2.81723  0.0207887
1145.45  2.81756  0.0207512
1146.34  2.81789  0.020714
1147.23  2.81822  0.0206769
1148.13  2.81854  0.0206401
1149.02  2.81887  0.0206035
1149.91  2.81919  0.020567
1150.81  2.81951  0.0205308
1151.7  2.81983  0.0204948
1152.59  2.82015  0.0204589
1153.49  2.82047  0.0204233
1154.38  2.82078  0.0203879
1155.27  2.8211  0.0203526
1156.17  2.82141  0.0203176
1157.06  2.82172  0.0202827
1157.95  2.82203  0.0202481
1158.85  2.82234  0.0202136
1159.74  2.82264  0.0201793
1160.63  2.82295  0.0201452
1161.53  2.82325  0.0201113
1162.42  2.82356  0.0200775
1163.31  2.82386  0.020044
1164.21  2.82416  0.0200106
1165.1  2.82445  0.0199774
1165.99  2.82475  0.0199444
1166.88  2.82505  0.0199116
1167.78  2.82534  0.0198789
1168.67  2.82563  0.0198464
1169.56  2.82592  0.0198141
1170.46  2.82621  0.0197819
1171.35  2.8265  0.01975
1172.24  2.82679  0.0197182
1173.14  2.82708  0.0196865
1174.03  2.82736  0.019655
1174.92  2.82764  0.0196237
1175.82  2.82793  0.0195926
1176.71  2.82821  0.0195616
1177.6  2.82849  0.0195308
1178.5  2.82876  0.0195001
1179.39  2.82904  0.0194696
1180.28  2.82932  0.0194392
1181.18  2.82959  0.019409
1182.07  2.82986  0.019379
1182.96  2.83014  0.0193491
1183.86  2.83041  0.0193194
1184.75  2.83068  0.0192898
1185.64  2.83095  0.0192604
1186.54  2.83121  0.0192311
1187.43  2.83148  0.019202
1188.32  2.83174  0.019173
1189.22  2.83201  0.0191442
1190.11  2.83227  0.0191155
1191  2.83253  0.0190869
1191.9  2.83279  0.0190585
1192.79  2.83305  0.0190303
1193.68  2.83331  0.0190022
1194.58  2.83357  0.0189742
1195.47  2.83382  0.0189464
1196.36  2.83408  0.0189187
1197.26  2.83433  0.0188911
1198.15  2.83458  0.0188637
1199.04  2.83483  0.0188364
1199.93  2.83508  0.0188092
1200.83  2.83533  0.0187822
1201.72  2.83558  0.0187553
1202.61  2.83583  0.0187286
1203.51  2.83607  0.018702
1204.4  2.83632  0.0186755
1205.29  2.83656  0.0186491
1206.19  2.83681  0.0186229
1207.08  2.83705  0.0185968
1207.97  2.83729  0.0185708
1208.87  2.83753  0.0185449
1209.76  2.83777  0.0185192
1210.65  2.838  0.0184936
1211.55  2.83824  0.0184681
1212.44  2.83848  0.0184428
1213.33  2.83871  0.0184175
1214.23  2.83895  0.0183924
1215.12  2.83918  0.0183674
1216.01  2.83941  0.0183425
1216.91  2.83964  0.0183178
1217.8  2.83987  0.0182931
1218.69  2.8401  0.0182686
1219.59  2.84033  0.0182442
1220.48  2.84055  0.0182199
1221.37  2.84078  0.0181957
1222.27  2.84101  0.0181717
1223.16  2.84123  0.0181477
1224.05  2.84145  0.0181239
1224.95  2.84168  0.0181001
1225.84  2.8419  0.0180765
1226.73  2.84212  0.018053
1227.63  2.84234  0.0180296
1228.52  2.84256  0.0180063
1229.41  2.84277  0.0179831
1230.31  2.84299  0.0179601
1231.2  2.84321  0.0179371
1232.09  2.84342  0.0179142
1232.98  2.84364  0.0178915
1233.88  2.84385  0.0178688
1234.77  2.84406  0.0178463
1235.66  2.84428  0.0178238
1236.56  2.84449  0.0178015
1237.45  2.8447  0.0177792
1238.34  2.84491  0.0177571
1239.24  2.84511  0.017735
1240.13  2.84532  0.0177131
1241.02  2.84553  0.0176913
1241.92  2.84573  0.0176695
1242.81  2.84594  0.0176479
1243.7  2.84614  0.0176263
1244.6  2.84635  0.0176049
1245.49  2.84655  0.0175835
1246.38  2.84675  0.0175623
1247.28  2.84695  0.0175411
1248.17  2.84715  0.01752
1249.06  2.84735  0.017499
1249.96  2.84755  0.0174782
1250.85  2.84775  0.0174574
1251.74  2.84795  0.0174367
1252.64  2.84814  0.0174161
1253.53  2.84834  0.0173955
1254.42  2.84853  0.0173751
1255.32  2.84873  0.0173548
1256.21  2.84892  0.0173345
1257.1  2.84912  0.0173144
1258  2.84931  0.0172943
1258.89  2.8495  0.0172743
1259.78  2.84969  0.0172544
1260.68  2.84988  0.0172346
1261.57  2.85007  0.0172149
1262.46  2.85026  0.0171952
1263.36  2.85044  0.0171757
1264.25  2.85063  0.0171562
1265.14  2.85082  0.0171368
1266.04  2.851  0.0171175
1266.93  2.85119  0.0170983
1267.82  2.85137  0.0170792
1268.71  2.85155  0.0170601
1269.61  2.85174  0.0170411
1270.5  2.85192  0.0170222
1271.39  2.8521  0.0170034
1272.29  2.85228  0.0169847
1273.18  2.85246  0.016966
1274.07  2.85264  0.0169475
1274.97  2.85282  0.016929
1275.86  2.853  0.0169106
1276.75  2.85317  0.0168922
1277.65  2.85335  0.016874
1278.54  2.85353  0.0168558
1279.43  2.8537  0.0168377
1280.33  2.85388  0.0168196
1281.22  2.85405  0.0168017
1282.11  2.85422  0.0167838
1283.01  2.8544  0.016766
1283.9  2.85457  0.0167482
1284.79  2.85474  0.0167306
1285.69  2.85491  0.016713
1286.58  2.85508  0.0166955
1287.47  2.85525  0.016678
1288.37  2.85542  0.0166606
1289.26  2.85559  0.0166433
1290.15  2.85575  0.0166261
1291.05  2.85592  0.016609
1291.94  2.85609  0.0165919
1292.83  2.85625  0.0165748
1293.73  2.85642  0.0165579
1294.62  2.85658  0.016541
1295.51  2.85675  0.0165242
1296.41  2.85691  0.0165075
1297.3  2.85707  0.0164908
1298.19  2.85724  0.0164742
1299.09  2.8574  0.0164576
1299.98  2.85756  0.0164412
1300.87  2.85772  0.0164247
1301.76  2.85788  0.0164084
1302.66  2.85804  0.0163921
1303.55  2.8582  0.0163759
1304.44  2.85836  0.0163598
1305.34  2.85851  0.0163437
1306.23  2.85867  0.0163277
1307.12  2.85883  0.0163117
1308.02  2.85898  0.0162958
1308.91  2.85914  0.01628
1309.8  2.85929  0.0162642
1310.7  2.85945  0.0162485
1311.59  2.8596  0.0162329
1312.48  2.85976  0.0162173
1313.38  2.85991  0.0162018
1314.27  2.86006  0.0161863
1315.16  2.86021  0.0161709
1316.06  2.86036  0.0161556
1316.95  2.86051  0.0161403
1317.84  2.86066  0.0161251
1318.74  2.86081  0.0161099
1319.63  2.86096  0.0160948
1320.52  2.86111  0.0160798
1321.42  2.86126  0.0160648
1322.31  2.86141  0.0160499
1323.2  2.86155  0.016035
1324.1  2.8617  0.0160202
1324.99  2.86185  0.0160055
1325.88  2.86199  0.0159908
1326.78  2.86214  0.0159761
1327.67  2.86228  0.0159616
1328.56  2.86243  0.015947
1329.46  2.86257  0.0159326
1330.35  2.86271  0.0159182
1331.24  2.86285  0.0159038
1332.14  2.863  0.0158895
1333.03  2.86314  0.0158752
1333.92  2.86328  0.015861
1334.81  2.86342  0.0158469
1335.71  2.86356  0.0158328
1336.6  2.8637  0.0158188
1337.49  2.86384  0.0158048
1338.39  2.86398  0.0157909
1339.28  2.86412  0.015777
1340.17  2.86425  0.0157632
1341.07  2.86439  0.0157494
1341.96  2.86453  0.0157357
1342.85  2.86466  0.015722
1343.75  2.8648  0.0157084
1344.64  2.86494  0.0156948
1345.53  2.86507  0.0156813
1346.43  2.86521  0.0156678
1347.32  2.86534  0.0156544
1348.21  2.86547  0.015641
1349.11  2.86561  0.0156277
1350  2.86574  0.0156145
