0.077  -0.000926114  6.60503e-06
0.0771276  -0.000815941  5.82678e-06
0.0772552  -0.000710338  5.07922e-06
0.0773828  -0.000609557  4.36426e-06
0.0775104  -0.000513886  3.68409e-06
0.077638  -0.000423663  3.04126e-06
0.0777656  -0.000339295  2.43884e-06
0.0778932  -0.00026128  1.88056e-06
0.0780209  -0.000190252  1.37116e-06
0.0781485  -0.000127058  9.16943e-07
0.0782761  -7.29166e-05  5.26928e-07
0.0784037  -2.98317e-05  2.15869e-07
0.0785313  -2.35289e-06  1.70491e-08
0.0786589  1.50501e-05  1.09203e-07
0.0787865  5.22468e-05  3.79619e-07
0.0789141  0.000102283  7.44197e-07
0.0790417  0.000162526  1.18416e-06
0.0791693  0.000231553  1.68943e-06
0.0792969  0.000308434  2.25351e-06
0.0794245  0.000392504  2.87178e-06
0.0795521  0.000483259  3.54079e-06
0.0796797  0.0005803  4.25783e-06
0.0798073  0.000683301  5.02073e-06
0.0799349  0.000791993  5.82771e-06
0.0800626  0.000906147  6.67728e-06
0.0801902  0.00102557  7.56819e-06
0.0803178  0.00115008  8.49938e-06
0.0804454  0.00127954  9.46993e-06
0.080573  0.00141381  1.0479e-05
0.0807006  0.00155277  1.1526e-05
0.0808282  0.00169633  1.26103e-05
0.0809558  0.00184438  1.37313e-05
0.0810834  0.00199684  1.48886e-05
0.081211  0.00215364  1.60818e-05
0.0813386  0.00231469  1.73106e-05
0.0814662  0.00247994  1.85747e-05
0.0815938  0.00264933  1.98737e-05
0.0817214  0.00282281  2.12075e-05
0.081849  0.00300032  2.25759e-05
0.0819766  0.00318182  2.39787e-05
0.0821043  0.00336727  2.54158e-05
0.0822319  0.00355663  2.68871e-05
0.0823595  0.00374987  2.83926e-05
0.0824871  0.00394695  2.9932e-05
0.0826147  0.00414785  3.15055e-05
0.0827423  0.00435253  3.3113e-05
0.0828699  0.00456097  3.47545e-05
0.0829975  0.00477315  3.643e-05
0.0831251  0.00498905  3.81395e-05
0.0832527  0.00520865  3.98831e-05
0.0833803  0.00543192  4.16609e-05
0.0835079  0.00565886  4.34729e-05
0.0836355  0.00588945  4.53192e-05
0.0837631  0.00612368  4.71999e-05
0.0838907  0.00636153  4.91152e-05
0.0840183  0.006603  5.10651e-05
0.084146  0.00684807  5.30498e-05
0.0842736  0.00709675  5.50694e-05
0.0844012  0.00734901  5.71242e-05
0.0845288  0.00760485  5.92142e-05
0.0846564  0.00786428  6.13397e-05
0.084784  0.00812728  6.35008e-05
0.0849116  0.00839386  6.56978e-05
0.0850392  0.00866401  6.79308e-05
0.0851668  0.00893772  7.02001e-05
0.0852944  0.00921501  7.25059e-05
0.085422  0.00949587  7.48484e-05
0.0855496  0.0097803  7.7228e-05
0.0856772  0.0100683  7.96448e-05
0.0858048  0.0103599  8.20991e-05
0.0859324  0.010655  8.45912e-05
0.0860601  0.0109538  8.71214e-05
0.0861877  0.0112561  8.969e-05
0.0863153  0.011562  9.22972e-05
0.0864429  0.0118715  9.49434e-05
0.0865705  0.0121847  9.76289e-05
0.0866981  0.0125014  0.000100354
0.0868257  0.0128218  0.000103119
0.0869533  0.0131458  0.000105925
0.0870809  0.0134734  0.000108771
0.0872085  0.0138047  0.000111658
0.0873361  0.0141396  0.000114587
0.0874637  0.0144783  0.000117557
0.0875913  0.0148206  0.00012057
0.0877189  0.0151665  0.000123625
0.0878465  0.0155162  0.000126723
0.0879741  0.0158697  0.000129865
0.0881018  0.0162268  0.00013305
0.0882294  0.0165877  0.00013628
0.088357  0.0169524  0.000139554
0.0884846  0.0173208  0.000142874
0.0886122  0.017693  0.000146239
0.0887398  0.0180691  0.000149651
0.0888674  0.0184489  0.000153109
0.088995  0.0188327  0.000156614
0.0891226  0.0192202  0.000160167
0.0892502  0.0196117  0.000163768
0.0893778  0.020007  0.000167418
0.0895054  0.0204063  0.000171117
0.089633  0.0208095  0.000174866
0.0897606  0.0212166  0.000178665
0.0898882  0.0216278  0.000182515
0.0900158  0.0220429  0.000186416
0.0901435  0.022462  0.00019037
0.0902711  0.0228852  0.000194376
0.0903987  0.0233125  0.000198436
0.0905263  0.0237438  0.000202549
0.0906539  0.0241793  0.000206717
0.0907815  0.0246189  0.000210941
0.0909091  0.0250626  0.00021522
0.0910367  0.0255106  0.000219556
0.0911643  0.0259627  0.000223949
0.0912919  0.0264191  0.0002284
0.0914195  0.0268798  0.00023291
0.0915471  0.0273447  0.000237479
0.0916747  0.027814  0.000242108
0.0918023  0.0282876  0.000246799
0.0919299  0.0287656  0.000251551
0.0920575  0.029248  0.000256365
0.0921852  0.0297348  0.000261243
0.0923128  0.0302261  0.000266185
0.0924404  0.0307219  0.000271192
0.092568  0.0312223  0.000276265
0.0926956  0.0317272  0.000281404
0.0928232  0.0322367  0.000286611
0.0929508  0.0327508  0.000291886
0.0930784  0.0332696  0.000297231
0.093206  0.0337931  0.000302646
0.0933336  0.0343213  0.000308132
0.0934612  0.0348543  0.000313691
0.0935888  0.0353921  0.000319322
0.0937164  0.0359347  0.000325028
0.093844  0.0364822  0.000330809
0.0939716  0.0370346  0.000336667
0.0940992  0.037592  0.000342601
0.0942269  0.0381544  0.000348614
0.0943545  0.0387218  0.000354707
0.0944821  0.0392943  0.00036088
0.0946097  0.0398719  0.000367135
0.0947373  0.0404547  0.000373472
0.0948649  0.0410427  0.000379894
0.0949925  0.0416359  0.000386402
0.0951201  0.0422344  0.000392995
0.0952477  0.0428383  0.000399677
0.0953753  0.0434475  0.000406447
0.0955029  0.0440622  0.000413308
0.0956305  0.0446824  0.000420261
0.0957581  0.045308  0.000427306
0.0958857  0.0459393  0.000434446
0.0960133  0.0465761  0.000441682
0.096141  0.0472187  0.000449015
0.0962686  0.0478669  0.000456447
0.0963962  0.048521  0.000463979
0.0965238  0.0491809  0.000471612
0.0966514  0.0498466  0.000479349
0.096779  0.0505183  0.000487191
0.0969066  0.051196  0.000495139
0.0970342  0.0518797  0.000503195
0.0971618  0.0525695  0.000511361
0.0972894  0.0532655  0.000519638
0.097417  0.0539677  0.000528028
0.0975446  0.0546762  0.000536534
0.0976722  0.0553911  0.000545155
0.0977998  0.0561123  0.000553896
0.0979274  0.05684  0.000562757
0.098055  0.0575743  0.00057174
0.0981827  0.0583151  0.000580847
0.0983103  0.0590626  0.00059008
0.0984379  0.0598169  0.000599442
0.0985655  0.0605779  0.000608934
0.0986931  0.0613458  0.000618558
0.0988207  0.0621206  0.000628317
0.0989483  0.0629024  0.000638213
0.0990759  0.0636913  0.000648248
0.0992035  0.0644874  0.000658423
0.0993311  0.0652907  0.000668743
0.0994587  0.0661013  0.000679208
0.0995863  0.0669192  0.000689822
0.0997139  0.0677446  0.000700586
0.0998415  0.0685776  0.000711504
0.0999691  0.0694182  0.000722577
0.100097  0.0702665  0.000733809
0.100224  0.0711225  0.000745202
0.100352  0.0719865  0.000756759
0.10048  0.0728583  0.000768483
0.100607  0.0737383  0.000780376
0.100735  0.0746263  0.000792442
0.100862  0.0755226  0.000804683
0.10099  0.0764272  0.000817103
0.101118  0.0773402  0.000829703
0.101245  0.0782617  0.000842489
0.101373  0.0791918  0.000855462
0.1015  0.0801306  0.000868627
0.101628  0.0810782  0.000881986
0.101756  0.0820347  0.000895543
0.101883  0.0830002  0.000909301
0.102011  0.0839748  0.000923264
0.102138  0.0849586  0.000937436
0.102266  0.0859518  0.000951821
0.102394  0.0869544  0.000966421
0.102521  0.0879665  0.000981242
0.102649  0.0889883  0.000996286
0.102776  0.0900198  0.00101156
0.102904  0.0910613  0.00102706
0.103032  0.0921127  0.00104281
0.103159  0.0931743  0.00105879
0.103287  0.0942462  0.00107501
0.103415  0.0953284  0.00109149
0.103542  0.0964212  0.00110822
0.10367  0.0975246  0.00112521
0.103797  0.0986388  0.00114247
0.103925  0.0997638  0.00115999
0.104053  0.1009  0.00117779
0.10418  0.102047  0.00119587
0.104308  0.103206  0.00121423
0.104435  0.104376  0.00123288
0.104563  0.105558  0.00125183
0.104691  0.106751  0.00127107
0.104818  0.107957  0.00129063
0.104946  0.109175  0.0013105
0.105073  0.110404  0.00133068
0.105201  0.111647  0.00135119
0.105329  0.112901  0.00137203
0.105456  0.114169  0.00139321
0.105584  0.115449  0.00141474
0.105711  0.116743  0.00143661
0.105839  0.11805  0.00145885
0.105967  0.11937  0.00148145
0.106094  0.120704  0.00150442
0.106222  0.122051  0.00152777
0.106349  0.123413  0.00155151
0.106477  0.124789  0.00157564
0.106605  0.126179  0.00160018
0.106732  0.127584  0.00162513
0.10686  0.129003  0.0016505
0.106987  0.130438  0.0016763
0.107115  0.131888  0.00170253
0.107243  0.133353  0.00172921
0.10737  0.134834  0.00175635
0.107498  0.136331  0.00178395
0.107626  0.137844  0.00181203
0.107753  0.139373  0.00184059
0.107881  0.140919  0.00186965
0.108008  0.142481  0.00189921
0.108136  0.144061  0.00192929
0.108264  0.145658  0.00195989
0.108391  0.147273  0.00199104
0.108519  0.148905  0.00202273
0.108646  0.150556  0.00205498
0.108774  0.152225  0.00208781
0.108902  0.153912  0.00212122
0.109029  0.155619  0.00215524
0.109157  0.157345  0.00218986
0.109284  0.15909  0.00222511
0.109412  0.160855  0.00226099
0.10954  0.16264  0.00229753
0.109667  0.164446  0.00233474
0.109795  0.166272  0.00237263
0.109922  0.16812  0.00241122
0.11005  0.169989  0.00245052
0.110178  0.17188  0.00249054
0.110305  0.173793  0.00253131
0.110433  0.175728  0.00257285
0.11056  0.177686  0.00261516
0.110688  0.179668  0.00265827
0.110816  0.181673  0.0027022
0.110943  0.183702  0.00274696
0.111071  0.185755  0.00279257
0.111198  0.187833  0.00283906
0.111326  0.189936  0.00288643
0.111454  0.192065  0.00293472
0.111581  0.19422  0.00298395
0.111709  0.196401  0.00303413
0.111837  0.198609  0.0030853
0.111964  0.200845  0.00313746
0.112092  0.203108  0.00319065
0.112219  0.2054  0.00324489
0.112347  0.20772  0.00330021
0.112475  0.21007  0.00335663
0.112602  0.21245  0.00341417
0.11273  0.214859  0.00347287
0.112857  0.2173  0.00353275
0.112985  0.219772  0.00359385
0.113113  0.222276  0.00365618
0.11324  0.224813  0.00371979
0.113368  0.227382  0.0037847
0.113495  0.229985  0.00385094
0.113623  0.232623  0.00391855
0.113751  0.235295  0.00398756
0.113878  0.238003  0.004058
0.114006  0.240748  0.00412992
0.114133  0.243529  0.00420334
0.114261  0.246347  0.00427831
0.114389  0.249204  0.00435487
0.114516  0.2521  0.00443305
0.114644  0.255035  0.00451289
0.114771  0.258011  0.00459444
0.114899  0.261028  0.00467774
0.115027  0.264087  0.00476284
0.115154  0.267189  0.00484978
0.115282  0.270334  0.00493861
0.11541  0.273523  0.00502937
0.115537  0.276758  0.00512212
0.115665  0.280039  0.00521691
0.115792  0.283367  0.00531379
0.11592  0.286743  0.00541282
0.116048  0.290168  0.00551404
0.116175  0.293643  0.00561752
0.116303  0.297168  0.00572332
0.11643  0.300745  0.0058315
0.116558  0.304376  0.00594211
0.116686  0.30806  0.00605523
0.116813  0.311799  0.00617091
0.116941  0.315594  0.00628923
0.117068  0.319446  0.00641026
0.117196  0.323357  0.00653406
0.117324  0.327327  0.00666071
0.117451  0.331358  0.00679028
0.117579  0.335451  0.00692286
0.117706  0.339608  0.00705852
0.117834  0.343829  0.00719734
0.117962  0.348116  0.0073394
0.118089  0.35247  0.0074848
0.118217  0.356893  0.00763361
0.118344  0.361386  0.00778593
0.118472  0.365951  0.00794185
0.1186  0.370589  0.00810147
0.118727  0.375301  0.00826488
0.118855  0.38009  0.00843218
0.118982  0.384957  0.00860348
0.11911  0.389903  0.00877887
0.119238  0.39493  0.00895847
0.119365  0.40004  0.00914237
0.119493  0.405234  0.0093307
0.119621  0.410515  0.00952357
0.119748  0.415884  0.00972109
0.119876  0.421344  0.00992338
0.120003  0.426895  0.0101306
0.120131  0.432541  0.0103428
0.120259  0.438282  0.0105601
0.120386  0.444122  0.0107827
0.120514  0.450062  0.0110107
0.120641  0.456104  0.0112442
0.120769  0.46225  0.0114834
0.120897  0.468504  0.0117283
0.121024  0.474866  0.0119792
0.121152  0.481339  0.0122362
0.121279  0.487926  0.0124993
0.121407  0.49463  0.0127688
0.121535  0.501451  0.0130448
0.121662  0.508394  0.0133274
0.12179  0.51546  0.0136167
0.121917  0.522652  0.013913
0.122045  0.529972  0.0142162
0.122173  0.537424  0.0145267
0.1223  0.54501  0.0148444
0.122428  0.552733  0.0151696
0.122555  0.560594  0.0155024
0.122683  0.568598  0.0158428
0.122811  0.576747  0.0161911
0.122938  0.585044  0.0165472
0.123066  0.593491  0.0169115
0.123193  0.602091  0.0172838
0.123321  0.610848  0.0176644
0.123449  0.619764  0.0180533
0.123576  0.628842  0.0184506
0.123704  0.638085  0.0188563
0.123832  0.647496  0.0192706
0.123959  0.657077  0.0196934
0.124087  0.666832  0.0201248
0.124214  0.676764  0.0205648
0.124342  0.686874  0.0210133
0.12447  0.697166  0.0214704
0.124597  0.707642  0.0219359
0.124725  0.718306  0.0224099
0.124852  0.729159  0.0228921
0.12498  0.740204  0.0233825
0.125108  0.751443  0.0238809
0.125235  0.762878  0.0243871
0.125363  0.774512  0.0249009
0.12549  0.786347  0.025422
0.125618  0.798384  0.0259502
0.125746  0.810625  0.026485
0.125873  0.82307  0.0270261
0.126001  0.835723  0.0275731
0.126128  0.848583  0.0281255
0.126256  0.861651  0.0286829
0.126384  0.874927  0.0292445
0.126511  0.888413  0.0298099
0.126639  0.902107  0.0303783
0.126766  0.916009  0.0309491
0.126894  0.930119  0.0315214
0.127022  0.944435  0.0320945
0.127149  0.958957  0.0326675
0.127277  0.973681  0.0332394
0.127405  0.988606  0.0338094
0.127532  1.00373  0.0343763
0.12766  1.01905  0.0349391
0.127787  1.03456  0.0354968
0.127915  1.05025  0.0360482
0.128043  1.06613  0.036592
0.12817  1.08219  0.0371272
0.128298  1.09842  0.0376525
0.128425  1.11481  0.0381665
0.128553  1.13137  0.0386682
0.128681  1.14808  0.0391562
0.128808  1.16493  0.0396292
0.128936  1.18192  0.040086
0.129063  1.19904  0.0405254
0.129191  1.21628  0.0409462
0.129319  1.23364  0.0413471
0.129446  1.25109  0.0417272
0.129574  1.26864  0.0420852
0.129701  1.28627  0.0424203
0.129829  1.30397  0.0427314
0.129957  1.32173  0.0430178
0.130084  1.33954  0.0432785
0.130212  1.35739  0.043513
0.130339  1.37527  0.0437206
0.130467  1.39316  0.0439008
0.130595  1.41106  0.0440533
0.130722  1.42894  0.0441778
0.13085  1.44682  0.044274
0.130977  1.46466  0.0443419
0.131105  1.48245  0.0443817
0.131233  1.5002  0.0443933
0.13136  1.51788  0.0443771
0.131488  1.53549  0.0443334
0.131616  1.55302  0.0442626
0.131743  1.57044  0.0441654
0.131871  1.58777  0.0440424
0.131998  1.60498  0.0438942
0.132126  1.62207  0.0437216
0.132254  1.63902  0.0435256
0.132381  1.65584  0.0433069
0.132509  1.67251  0.0430667
0.132636  1.68902  0.0428058
0.132764  1.70537  0.0425253
0.132892  1.72156  0.0422264
0.133019  1.73757  0.04191
0.133147  1.7534  0.0415773
0.133274  1.76905  0.0412294
0.133402  1.78451  0.0408674
0.13353  1.79977  0.0404925
0.133657  1.81485  0.0401056
0.133785  1.82972  0.0397079
0.133912  1.84439  0.0393004
0.13404  1.85886  0.0388841
0.134168  1.87313  0.0384602
0.134295  1.88718  0.0380294
0.134423  1.90103  0.0375928
0.13455  1.91467  0.0371512
0.134678  1.92811  0.0367055
0.134806  1.94133  0.0362565
0.134933  1.95435  0.0358051
0.135061  1.96716  0.0353518
0.135188  1.97976  0.0348975
0.135316  1.99216  0.0344428
0.135444  2.00435  0.0339883
0.135571  2.01634  0.0335345
0.135699  2.02812  0.033082
0.135827  2.03971  0.0326313
0.135954  2.0511  0.0321829
0.136082  2.06229  0.0317372
0.136209  2.07329  0.0312945
0.136337  2.0841  0.0308553
0.136465  2.09472  0.0304198
0.136592  2.10516  0.0299883
0.13672  2.11541  0.0295611
0.136847  2.12548  0.0291385
0.136975  2.13537  0.0287207
0.137103  2.14509  0.0283077
0.13723  2.15464  0.0278999
0.137358  2.16401  0.0274973
0.137485  2.17322  0.0271001
0.137613  2.18227  0.0267084
0.137741  2.19115  0.0263222
0.137868  2.19988  0.0259417
0.137996  2.20845  0.0255668
0.138123  2.21687  0.0251977
0.138251  2.22513  0.0248343
0.138379  2.23326  0.0244767
0.138506  2.24124  0.0241248
0.138634  2.24907  0.0237787
0.138761  2.25677  0.0234384
0.138889  2.26434  0.0231038
0.139017  2.27177  0.0227749
0.139144  2.27907  0.0224516
0.139272  2.28624  0.022134
0.139399  2.29329  0.0218219
0.139527  2.30021  0.0215154
0.139655  2.30702  0.0212143
0.139782  2.31371  0.0209186
0.13991  2.32028  0.0206282
0.140038  2.32674  0.0203431
0.140165  2.33309  0.0200632
0.140293  2.33933  0.0197884
0.14042  2.34547  0.0195186
0.140548  2.3515  0.0192538
0.140676  2.35743  0.0189939
0.140803  2.36327  0.0187388
0.140931  2.369  0.0184884
0.141058  2.37464  0.0182427
0.141186  2.38019  0.0180015
0.141314  2.38564  0.0177649
0.141441  2.39101  0.0175326
0.141569  2.39629  0.0173047
0.141696  2.40148  0.017081
0.141824  2.40659  0.0168614
0.141952  2.41162  0.016646
0.142079  2.41656  0.0164346
0.142207  2.42143  0.0162271
0.142334  2.42622  0.0160234
0.142462  2.43094  0.0158235
0.14259  2.43558  0.0156274
0.142717  2.44015  0.0154348
0.142845  2.44464  0.0152458
0.142972  2.44907  0.0150603
0.1431  2.45343  0.0148782
0.143228  2.45773  0.0146995
0.143355  2.46196  0.014524
0.143483  2.46612  0.0143517
0.143611  2.47022  0.0141825
0.143738  2.47427  0.0140165
0.143866  2.47825  0.0138534
0.143993  2.48217  0.0136933
0.144121  2.48603  0.013536
0.144249  2.48984  0.0133816
0.144376  2.49359  0.0132299
0.144504  2.49729  0.013081
0.144631  2.50093  0.0129347
0.144759  2.50453  0.0127909
0.144887  2.50807  0.0126498
0.145014  2.51156  0.0125111
0.145142  2.515  0.0123748
0.145269  2.51839  0.0122409
0.145397  2.52174  0.0121093
0.145525  2.52504  0.0119801
0.145652  2.52829  0.011853
0.14578  2.5315  0.0117281
0.145907  2.53466  0.0116054
0.146035  2.53779  0.0114848
0.146163  2.54087  0.0113662
0.14629  2.5439  0.0112496
0.146418  2.5469  0.011135
0.146545  2.54986  0.0110224
0.146673  2.55278  0.0109116
0.146801  2.55566  0.0108026
0.146928  2.5585  0.0106955
0.147056  2.56131  0.0105901
0.147183  2.56408  0.0104864
0.147311  2.56681  0.0103845
0.147439  2.56951  0.0102842
0.147566  2.57217  0.0101855
0.147694  2.5748  0.0100885
0.147822  2.5774  0.00999298
0.147949  2.57997  0.00989901
0.148077  2.5825  0.00980654
0.148204  2.585  0.00971554
0.148332  2.58747  0.00962597
0.14846  2.58991  0.00953782
0.148587  2.59232  0.00945105
0.148715  2.5947  0.00936563
0.148842  2.59705  0.00928155
0.14897  2.59938  0.00919876
0.149098  2.60167  0.00911724
0.149225  2.60394  0.00903698
0.149353  2.60618  0.00895794
0.14948  2.6084  0.00888011
0.149608  2.61059  0.00880345
0.149736  2.61275  0.00872794
0.149863  2.61489  0.00865357
0.149991  2.617  0.0085803
0.150118  2.61909  0.00850813
0.150246  2.62116  0.00843702
0.150374  2.6232  0.00836696
0.150501  2.62522  0.00829793
0.150629  2.62722  0.00822991
0.150756  2.62919  0.00816287
0.150884  2.63114  0.0080968
0.151012  2.63307  0.00803168
0.151139  2.63498  0.0079675
0.151267  2.63687  0.00790423
0.151394  2.63874  0.00784187
0.151522  2.64058  0.00778038
0.15165  2.64241  0.00771976
0.151777  2.64422  0.00765999
0.151905  2.64601  0.00760105
0.152033  2.64778  0.00754293
0.15216  2.64953  0.00748562
0.152288  2.65126  0.00742909
0.152415  2.65297  0.00737334
0.152543  2.65467  0.00731835
0.152671  2.65635  0.00726411
0.152798  2.65801  0.0072106
0.152926  2.65965  0.00715781
0.153053  2.66128  0.00710572
0.153181  2.66289  0.00705434
0.153309  2.66448  0.00700363
0.153436  2.66606  0.0069536
0.153564  2.66762  0.00690422
0.153691  2.66916  0.00685549
0.153819  2.67069  0.0068074
0.153947  2.67221  0.00675993
0.154074  2.67371  0.00671308
0.154202  2.6752  0.00666683
0.154329  2.67667  0.00662117
0.154457  2.67812  0.00657609
0.154585  2.67957  0.00653159
0.154712  2.681  0.00648765
0.15484  2.68241  0.00644427
0.154967  2.68381  0.00640143
0.155095  2.6852  0.00635912
0.155223  2.68657  0.00631734
0.15535  2.68794  0.00627608
0.155478  2.68929  0.00623532
0.155606  2.69062  0.00619507
0.155733  2.69195  0.00615531
0.155861  2.69326  0.00611603
0.155988  2.69456  0.00607723
0.156116  2.69585  0.00603889
0.156244  2.69712  0.00600102
0.156371  2.69839  0.0059636
0.156499  2.69964  0.00592662
0.156626  2.70088  0.00589008
0.156754  2.70211  0.00585398
0.156882  2.70333  0.00581829
0.157009  2.70454  0.00578303
0.157137  2.70574  0.00574817
0.157264  2.70693  0.00571373
0.157392  2.70811  0.00567967
0.15752  2.70927  0.00564601
0.157647  2.71043  0.00561274
0.157775  2.71158  0.00557984
0.157902  2.71271  0.00554732
0.15803  2.71384  0.00551517
0.158158  2.71496  0.00548338
0.158285  2.71607  0.00545194
0.158413  2.71717  0.00542085
0.15854  2.71826  0.00539012
0.158668  2.71934  0.00535972
0.158796  2.72041  0.00532965
0.158923  2.72147  0.00529992
0.159051  2.72253  0.00527051
0.159178  2.72357  0.00524142
0.159306  2.72461  0.00521264
0.159434  2.72564  0.00518418
0.159561  2.72666  0.00515602
0.159689  2.72767  0.00512816
0.159817  2.72867  0.0051006
0.159944  2.72967  0.00507333
0.160072  2.73066  0.00504635
0.160199  2.73164  0.00501965
0.160327  2.73261  0.00499323
0.160455  2.73357  0.00496709
0.160582  2.73453  0.00494122
0.16071  2.73548  0.00491561
0.160837  2.73642  0.00489027
0.160965  2.73736  0.00486519
0.161093  2.73828  0.00484036
0.16122  2.73921  0.00481579
0.161348  2.74012  0.00479146
0.161475  2.74103  0.00476738
0.161603  2.74193  0.00474354
0.161731  2.74282  0.00471993
0.161858  2.74371  0.00469656
0.161986  2.74459  0.00467342
0.162113  2.74546  0.00465051
0.162241  2.74633  0.00462782
0.162369  2.74719  0.00460536
0.162496  2.74805  0.00458311
0.162624  2.74889  0.00456107
0.162751  2.74974  0.00453925
0.162879  2.75057  0.00451764
0.163007  2.7514  0.00449623
0.163134  2.75223  0.00447502
0.163262  2.75305  0.00445401
0.163389  2.75386  0.0044332
0.163517  2.75467  0.00441259
0.163645  2.75547  0.00439216
0.163772  2.75627  0.00437192
0.1639  2.75706  0.00435187
0.164028  2.75785  0.004332
0.164155  2.75863  0.00431231
0.164283  2.75941  0.0042928
0.16441  2.76018  0.00427346
0.164538  2.76094  0.00425429
0.164666  2.7617  0.00423529
0.164793  2.76246  0.00421646
0.164921  2.76321  0.0041978
0.165048  2.76396  0.00417929
0.165176  2.7647  0.00416094
0.165304  2.76544  0.00414275
0.165431  2.76617  0.00412471
0.165559  2.7669  0.00410682
0.165686  2.76762  0.00408907
0.165814  2.76834  0.00407147
0.165942  2.76906  0.00405401
0.166069  2.76977  0.00403669
0.166197  2.77048  0.0040195
0.166324  2.77119  0.00400244
0.166452  2.77189  0.0039855
0.16658  2.77259  0.00396867
0.166707  2.77329  0.00395195
0.166835  2.77398  0.00393532
0.166962  2.77468  0.00391871
0.16709  2.77537  0.00390224
0.167218  2.77606  0.00388593
0.167345  2.77674  0.00386978
0.167473  2.77742  0.00385378
0.167601  2.77809  0.00383793
0.167728  2.77875  0.00382223
0.167856  2.77942  0.00380669
0.167983  2.78007  0.00379128
0.168111  2.78072  0.00377603
0.168239  2.78137  0.00376091
0.168366  2.78201  0.00374594
0.168494  2.78265  0.0037311
0.168621  2.78328  0.00371641
0.168749  2.78391  0.00370185
0.168877  2.78454  0.00368742
0.169004  2.78516  0.00367313
0.169132  2.78577  0.00365896
0.169259  2.78638  0.00364493
0.169387  2.78699  0.00363102
0.169515  2.78759  0.00361724
0.169642  2.78819  0.00360358
0.16977  2.78878  0.00359004
0.169897  2.78937  0.00357663
0.170025  2.78995  0.00356333
0.170153  2.79053  0.00355016
0.17028  2.79111  0.0035371
0.170408  2.79168  0.00352416
0.170535  2.79225  0.00351133
0.170663  2.79282  0.00349861
0.170791  2.79338  0.003486
0.170918  2.79393  0.00347351
0.171046  2.79449  0.00346112
0.171173  2.79504  0.00344884
0.171301  2.79558  0.00343666
0.171429  2.79612  0.00342459
0.171556  2.79666  0.00341263
0.171684  2.7972  0.00340076
0.171812  2.79773  0.003389
0.171939  2.79826  0.00337734
0.172067  2.79878  0.00336578
0.172194  2.7993  0.00335431
0.172322  2.79982  0.00334294
0.17245  2.80033  0.00333166
0.172577  2.80084  0.00332048
0.172705  2.80135  0.0033094
0.172832  2.80185  0.0032984
0.17296  2.80235  0.0032875
0.173088  2.80285  0.00327668
0.173215  2.80334  0.00326596
0.173343  2.80383  0.00325532
0.17347  2.80432  0.00324477
0.173598  2.8048  0.00323431
0.173726  2.80528  0.00322393
0.173853  2.80576  0.00321364
0.173981  2.80624  0.00320342
0.174108  2.80671  0.00319329
0.174236  2.80718  0.00318325
0.174364  2.80764  0.00317328
0.174491  2.8081  0.00316339
0.174619  2.80856  0.00315358
0.174746  2.80902  0.00314385
0.174874  2.80947  0.0031342
0.175002  2.80993  0.00312462
0.175129  2.81037  0.00311512
0.175257  2.81082  0.00310569
0.175384  2.81126  0.00309633
0.175512  2.8117  0.00308705
0.17564  2.81214  0.00307784
0.175767  2.81257  0.0030687
0.175895  2.81301  0.00305963
0.176023  2.81344  0.00305064
0.17615  2.81386  0.00304171
0.176278  2.81429  0.00303285
0.176405  2.81471  0.00302405
0.176533  2.81513  0.00301533
0.176661  2.81554  0.00300667
0.176788  2.81596  0.00299807
0.176916  2.81637  0.00298954
0.177043  2.81678  0.00298108
0.177171  2.81718  0.00297268
0.177299  2.81759  0.00296434
0.177426  2.81799  0.00295606
0.177554  2.81839  0.00294785
0.177681  2.81878  0.00293969
0.177809  2.81918  0.0029316
0.177937  2.81957  0.00292357
0.178064  2.81996  0.00291559
0.178192  2.82035  0.00290768
0.178319  2.82073  0.00289982
0.178447  2.82112  0.00289202
0.178575  2.8215  0.00288427
0.178702  2.82188  0.00287658
0.17883  2.82225  0.00286895
0.178957  2.82263  0.00286137
0.179085  2.823  0.00285385
0.179213  2.82337  0.00284638
0.17934  2.82374  0.00283897
0.179468  2.8241  0.0028316
0.179595  2.82447  0.00282429
0.179723  2.82483  0.00281704
0.179851  2.82519  0.00280983
0.179978  2.82554  0.00280267
0.180106  2.8259  0.00279557
0.180234  2.82625  0.00278851
0.180361  2.8266  0.00278151
0.180489  2.82695  0.00277455
0.180616  2.8273  0.00276764
0.180744  2.82765  0.00276078
0.180872  2.82799  0.00275396
0.180999  2.82833  0.0027472
0.181127  2.82867  0.00274048
0.181254  2.82901  0.00273381
0.181382  2.82935  0.00272718
0.18151  2.82968  0.0027206
0.181637  2.83001  0.00271406
0.181765  2.83034  0.00270757
0.181892  2.83067  0.00270112
0.18202  2.831  0.00269471
0.182148  2.83132  0.00268835
0.182275  2.83165  0.00268203
0.182403  2.83197  0.00267575
0.18253  2.83229  0.00266952
0.182658  2.83261  0.00266333
0.182786  2.83292  0.00265718
0.182913  2.83324  0.00265106
0.183041  2.83355  0.00264499
0.183168  2.83386  0.00263896
0.183296  2.83417  0.00263297
0.183424  2.83448  0.00262702
0.183551  2.83479  0.00262111
0.183679  2.83509  0.00261524
0.183807  2.8354  0.0026094
0.183934  2.8357  0.00260361
0.184062  2.836  0.00259785
0.184189  2.8363  0.00259213
0.184317  2.83659  0.00258644
0.184445  2.83689  0.00258079
0.184572  2.83718  0.00257518
0.1847  2.83747  0.00256961
0.184827  2.83777  0.00256407
0.184955  2.83805  0.00255856
0.185083  2.83834  0.00255309
0.18521  2.83863  0.00254766
0.185338  2.83891  0.00254226
0.185465  2.8392  0.00253689
0.185593  2.83948  0.00253156
0.185721  2.83976  0.00252626
0.185848  2.84004  0.002521
0.185976  2.84032  0.00251576
0.186103  2.84059  0.00251056
0.186231  2.84087  0.0025054
0.186359  2.84114  0.00250026
0.186486  2.84141  0.00249516
0.186614  2.84168  0.00249009
0.186741  2.84195  0.00248505
0.186869  2.84222  0.00248004
0.186997  2.84249  0.00247506
0.187124  2.84275  0.00247011
0.187252  2.84302  0.0024652
0.187379  2.84328  0.00246031
0.187507  2.84354  0.00245545
0.187635  2.8438  0.00245062
0.187762  2.84406  0.00244582
0.18789  2.84432  0.00244105
0.188018  2.84457  0.00243631
0.188145  2.84483  0.0024316
0.188273  2.84508  0.00242692
0.1884  2.84534  0.00242226
0.188528  2.84559  0.00241763
0.188656  2.84584  0.00241303
0.188783  2.84609  0.00240846
0.188911  2.84633  0.00240391
0.189038  2.84658  0.00239939
0.189166  2.84683  0.0023949
0.189294  2.84707  0.00239043
0.189421  2.84731  0.00238599
0.189549  2.84756  0.00238158
0.189676  2.8478  0.00237719
0.189804  2.84804  0.00237283
0.189932  2.84827  0.00236849
0.190059  2.84851  0.00236418
0.190187  2.84875  0.0023599
0.190314  2.84898  0.00235564
0.190442  2.84922  0.0023514
0.19057  2.84945  0.00234719
0.190697  2.84968  0.002343
0.190825  2.84991  0.00233883
0.190952  2.85014  0.00233469
0.19108  2.85037  0.00233058
0.191208  2.8506  0.00232648
0.191335  2.85082  0.00232242
0.191463  2.85105  0.00231837
0.19159  2.85127  0.00231434
0.191718  2.8515  0.00231034
0.191846  2.85172  0.00230637
0.191973  2.85194  0.00230241
0.192101  2.85216  0.00229848
0.192229  2.85238  0.00229456
0.192356  2.8526  0.00229067
0.192484  2.85281  0.00228681
0.192611  2.85303  0.00228296
0.192739  2.85324  0.00227914
0.192867  2.85346  0.00227533
0.192994  2.85367  0.00227155
0.193122  2.85388  0.00226779
0.193249  2.8541  0.00226405
0.193377  2.85431  0.00226033
0.193505  2.85451  0.00225663
0.193632  2.85472  0.00225295
0.19376  2.85493  0.00224929
0.193887  2.85514  0.00224565
0.194015  2.85534  0.00224203
0.194143  2.85555  0.00223843
0.19427  2.85575  0.00223484
0.194398  2.85595  0.00223128
0.194525  2.85616  0.00222774
0.194653  2.85636  0.00222422
0.194781  2.85656  0.00222071
0.194908  2.85676  0.00221723
0.195036  2.85696  0.00221376
0.195163  2.85715  0.00221031
0.195291  2.85735  0.00220688
0.195419  2.85755  0.00220347
0.195546  2.85774  0.00220008
0.195674  2.85793  0.0021967
0.195802  2.85813  0.00219335
0.195929  2.85832  0.00219001
0.196057  2.85851  0.00218669
0.196184  2.8587  0.00218338
0.196312  2.85889  0.00218009
0.19644  2.85908  0.00217682
0.196567  2.85927  0.00217357
0.196695  2.85946  0.00217033
0.196822  2.85964  0.00216712
0.19695  2.85983  0.00216391
0.197078  2.86001  0.00216073
0.197205  2.8602  0.00215756
0.197333  2.86038  0.0021544
0.19746  2.86057  0.00215127
0.197588  2.86075  0.00214815
0.197716  2.86093  0.00214504
0.197843  2.86111  0.00214195
0.197971  2.86129  0.00213888
0.198098  2.86147  0.00213582
0.198226  2.86165  0.00213278
0.198354  2.86182  0.00212976
0.198481  2.862  0.00212675
0.198609  2.86218  0.00212375
0.198736  2.86235  0.00212077
0.198864  2.86253  0.00211781
0.198992  2.8627  0.00211485
0.199119  2.86287  0.00211192
0.199247  2.86304  0.002109
0.199374  2.86322  0.00210609
0.199502  2.86339  0.0021032
0.19963  2.86356  0.00210032
0.199757  2.86373  0.00209746
0.199885  2.86389  0.00209461
0.200013  2.86406  0.00209178
0.20014  2.86423  0.00208896
0.200268  2.8644  0.00208615
0.200395  2.86456  0.00208336
0.200523  2.86473  0.00208058
0.200651  2.86489  0.00207781
0.200778  2.86506  0.00207506
0.200906  2.86522  0.00207232
0.201033  2.86538  0.0020696
0.201161  2.86554  0.00206689
0.201289  2.86571  0.00206419
0.201416  2.86587  0.0020615
0.201544  2.86603  0.00205883
0.201671  2.86619  0.00205617
0.201799  2.86634  0.00205353
0.201927  2.8665  0.00205089
0.202054  2.86666  0.00204827
0.202182  2.86682  0.00204566
0.202309  2.86697  0.00204307
0.202437  2.86713  0.00204048
0.202565  2.86728  0.00203791
0.202692  2.86744  0.00203535
0.20282  2.86759  0.00203281
0.202947  2.86774  0.00203027
0.203075  2.8679  0.00202775
0.203203  2.86805  0.00202524
0.20333  2.8682  0.00202274
0.203458  2.86835  0.00202025
0.203585  2.8685  0.00201778
0.203713  2.86865  0.00201531
0.203841  2.8688  0.00201286
0.203968  2.86895  0.00201042
0.204096  2.8691  0.00200799
0.204224  2.86924  0.00200557
0.204351  2.86939  0.00200317
0.204479  2.86954  0.00200077
0.204606  2.86968  0.00199839
0.204734  2.86983  0.00199602
0.204862  2.86997  0.00199365
0.204989  2.87012  0.0019913
0.205117  2.87026  0.00198896
0.205244  2.8704  0.00198663
0.205372  2.87054  0.00198431
0.2055  2.87068  0.001982
0.205627  2.87083  0.00197971
0.205755  2.87097  0.00197742
0.205882  2.87111  0.00197514
0.20601  2.87125  0.00197288
0.206138  2.87138  0.00197062
0.206265  2.87152  0.00196838
0.206393  2.87166  0.00196614
0.20652  2.8718  0.00196391
0.206648  2.87194  0.0019617
0.206776  2.87207  0.00195949
0.206903  2.87221  0.0019573
0.207031  2.87234  0.00195511
0.207158  2.87248  0.00195294
0.207286  2.87261  0.00195077
0.207414  2.87275  0.00194861
0.207541  2.87288  0.00194647
0.207669  2.87301  0.00194433
0.207796  2.87314  0.0019422
0.207924  2.87328  0.00194008
0.208052  2.87341  0.00193797
0.208179  2.87354  0.00193587
0.208307  2.87367  0.00193378
0.208435  2.8738  0.0019317
0.208562  2.87393  0.00192963
0.20869  2.87406  0.00192757
0.208817  2.87419  0.00192551
0.208945  2.87431  0.00192347
0.209073  2.87444  0.00192143
0.2092  2.87457  0.00191941
0.209328  2.87469  0.00191739
0.209455  2.87482  0.00191538
0.209583  2.87495  0.00191338
0.209711  2.87507  0.00191139
0.209838  2.8752  0.0019094
0.209966  2.87532  0.00190743
0.210093  2.87544  0.00190546
0.210221  2.87557  0.00190351
0.210349  2.87569  0.00190156
0.210476  2.87581  0.00189962
0.210604  2.87593  0.00189768
0.210731  2.87606  0.00189576
0.210859  2.87618  0.00189384
0.210987  2.8763  0.00189193
0.211114  2.87642  0.00189004
0.211242  2.87654  0.00188814
0.211369  2.87666  0.00188626
0.211497  2.87678  0.00188438
0.211625  2.8769  0.00188252
0.211752  2.87701  0.00188066
0.21188  2.87713  0.0018788
0.212008  2.87725  0.00187696
0.212135  2.87737  0.00187512
0.212263  2.87748  0.0018733
0.21239  2.8776  0.00187147
0.212518  2.87771  0.00186966
0.212646  2.87783  0.00186786
0.212773  2.87794  0.00186606
0.212901  2.87806  0.00186427
0.213028  2.87817  0.00186248
0.213156  2.87829  0.00186071
0.213284  2.8784  0.00185894
0.213411  2.87851  0.00185718
0.213539  2.87862  0.00185542
0.213666  2.87874  0.00185368
0.213794  2.87885  0.00185194
0.213922  2.87896  0.0018502
0.214049  2.87907  0.00184848
0.214177  2.87918  0.00184676
0.214304  2.87929  0.00184505
0.214432  2.8794  0.00184335
0.21456  2.87951  0.00184165
0.214687  2.87962  0.00183996
0.214815  2.87973  0.00183828
0.214942  2.87984  0.0018366
0.21507  2.87994  0.00183493
0.215198  2.88005  0.00183327
0.215325  2.88016  0.00183161
0.215453  2.88027  0.00182996
0.21558  2.88037  0.00182832
0.215708  2.88048  0.00182668
0.215836  2.88058  0.00182505
0.215963  2.88069  0.00182343
0.216091  2.88079  0.00182181
0.216219  2.8809  0.0018202
0.216346  2.881  0.0018186
0.216474  2.88111  0.001817
0.216601  2.88121  0.00181541
0.216729  2.88131  0.00181382
0.216857  2.88142  0.00181225
0.216984  2.88152  0.00181067
0.217112  2.88162  0.00180911
0.217239  2.88172  0.00180755
0.217367  2.88182  0.001806
0.217495  2.88193  0.00180445
0.217622  2.88203  0.00180291
0.21775  2.88213  0.00180137
0.217877  2.88223  0.00179984
0.218005  2.88233  0.00179832
0.218133  2.88243  0.0017968
0.21826  2.88252  0.00179529
0.218388  2.88262  0.00179379
0.218515  2.88272  0.00179229
0.218643  2.88282  0.00179079
0.218771  2.88292  0.0017893
0.218898  2.88302  0.00178782
0.219026  2.88311  0.00178635
0.219153  2.88321  0.00178488
0.219281  2.88331  0.00178341
0.219409  2.8834  0.00178195
0.219536  2.8835  0.0017805
0.219664  2.88359  0.00177905
0.219791  2.88369  0.00177761
0.219919  2.88378  0.00177617
0.220047  2.88388  0.00177474
0.220174  2.88397  0.00177331
0.220302  2.88407  0.00177189
0.22043  2.88416  0.00177048
0.220557  2.88425  0.00176907
0.220685  2.88435  0.00176766
0.220812  2.88444  0.00176626
0.22094  2.88453  0.00176487
0.221068  2.88462  0.00176348
0.221195  2.88472  0.0017621
0.221323  2.88481  0.00176072
0.22145  2.8849  0.00175935
0.221578  2.88499  0.00175798
0.221706  2.88508  0.00175662
0.221833  2.88517  0.00175526
0.221961  2.88526  0.00175391
0.222088  2.88535  0.00175256
0.222216  2.88544  0.00175122
0.222344  2.88553  0.00174988
0.222471  2.88562  0.00174855
0.222599  2.88571  0.00174722
0.222726  2.8858  0.0017459
0.222854  2.88589  0.00174458
0.222982  2.88597  0.00174327
0.223109  2.88606  0.00174196
0.223237  2.88615  0.00174066
0.223364  2.88624  0.00173936
0.223492  2.88632  0.00173807
0.22362  2.88641  0.00173678
0.223747  2.88649  0.00173549
0.223875  2.88658  0.00173421
0.224003  2.88667  0.00173294
0.22413  2.88675  0.00173167
0.224258  2.88684  0.00173041
0.224385  2.88692  0.00172914
0.224513  2.88701  0.00172789
0.224641  2.88709  0.00172664
0.224768  2.88717  0.00172539
0.224896  2.88726  0.00172415
0.225023  2.88734  0.00172291
0.225151  2.88743  0.00172168
0.225279  2.88751  0.00172045
0.225406  2.88759  0.00171922
0.225534  2.88767  0.001718
0.225661  2.88776  0.00171679
0.225789  2.88784  0.00171558
0.225917  2.88792  0.00171437
0.226044  2.888  0.00171317
0.226172  2.88808  0.00171197
0.226299  2.88816  0.00171078
0.226427  2.88824  0.00170959
0.226555  2.88833  0.0017084
0.226682  2.88841  0.00170722
0.22681  2.88849  0.00170604
0.226937  2.88857  0.00170487
0.227065  2.88864  0.0017037
0.227193  2.88872  0.00170254
0.22732  2.8888  0.00170138
0.227448  2.88888  0.00170022
0.227575  2.88896  0.00169907
0.227703  2.88904  0.00169792
0.227831  2.88912  0.00169678
0.227958  2.8892  0.00169564
0.228086  2.88927  0.0016945
0.228214  2.88935  0.00169337
0.228341  2.88943  0.00169224
0.228469  2.8895  0.00169112
0.228596  2.88958  0.00169
0.228724  2.88966  0.00168888
0.228852  2.88973  0.00168777
0.228979  2.88981  0.00168666
0.229107  2.88989  0.00168556
0.229234  2.88996  0.00168445
0.229362  2.89004  0.00168336
0.22949  2.89011  0.00168226
0.229617  2.89019  0.00168118
0.229745  2.89026  0.00168009
0.229872  2.89034  0.00167901
0.23  2.89041  0.00167793
