0.077  -0.000925961  4.6756e-05
0.0771276  -0.000815806  4.12001e-05
0.0772552  -0.000710221  3.58733e-05
0.0773828  -0.000609457  3.07884e-05
0.0775104  -0.000513801  2.596e-05
0.077638  -0.000423593  2.14055e-05
0.0777656  -0.000339239  1.71455e-05
0.0778932  -0.000261237  1.32052e-05
0.0780209  -0.000190221  9.6169e-06
0.0781485  -0.000127037  6.42354e-06
0.0782761  -7.29046e-05  3.68694e-06
0.0784037  -2.98268e-05  1.50864e-06
0.0785313  -2.3525e-06  1.19008e-07
0.0786589  1.50476e-05  7.61344e-07
0.0787865  5.22381e-05  2.64344e-06
0.0789141  0.000102266  5.17581e-06
0.0790417  0.000162499  8.2256e-06
0.0791693  0.000231514  1.17209e-05
0.0792969  0.000308383  1.5615e-05
0.0794245  0.000392439  1.98743e-05
0.0795521  0.000483179  2.44735e-05
0.0796797  0.000580204  2.93925e-05
0.0798073  0.000683188  3.4615e-05
0.0799349  0.000791862  4.01275e-05
0.0800626  0.000905997  4.59185e-05
0.0801902  0.0010254  5.19782e-05
0.0803178  0.00114989  5.82981e-05
0.0804454  0.00127933  6.48707e-05
0.080573  0.00141357  7.16894e-05
0.0807006  0.00155252  7.87485e-05
0.0808282  0.00169605  8.60426e-05
0.0809558  0.00184408  9.35671e-05
0.0810834  0.00199651  0.000101318
0.081211  0.00215328  0.000109291
0.0813386  0.00231431  0.000117483
0.0814662  0.00247953  0.00012589
0.0815938  0.00264889  0.000134511
0.0817214  0.00282234  0.000143342
0.081849  0.00299982  0.000152381
0.0819766  0.00318129  0.000161625
0.0821043  0.00336671  0.000171073
0.0822319  0.00355604  0.000180723
0.0823595  0.00374925  0.000190573
0.0824871  0.0039463  0.000200622
0.0826147  0.00414716  0.000210868
0.0827423  0.0043518  0.00022131
0.0828699  0.00456021  0.000231947
0.0829975  0.00477236  0.000242778
0.0831251  0.00498822  0.000253801
0.0832527  0.00520778  0.000265016
0.0833803  0.00543102  0.000276423
0.0835079  0.00565792  0.00028802
0.0836355  0.00588847  0.000299806
0.0837631  0.00612266  0.000311782
0.0838907  0.00636047  0.000323947
0.0840183  0.0066019  0.0003363
0.084146  0.00684693  0.000348841
0.0842736  0.00709556  0.00036157
0.0844012  0.00734778  0.000374486
0.0845288  0.00760358  0.00038759
0.0846564  0.00786297  0.000400881
0.084784  0.00812593  0.000414358
0.0849116  0.00839246  0.000428023
0.0850392  0.00866256  0.000441875
0.0851668  0.00893623  0.000455914
0.0852944  0.00921347  0.00047014
0.085422  0.00949428  0.000484554
0.0855496  0.00977866  0.000499155
0.0856772  0.0100666  0.000513944
0.0858048  0.0103581  0.000528921
0.0859324  0.0106532  0.000544086
0.0860601  0.0109519  0.00055944
0.0861877  0.0112542  0.000574983
0.0863153  0.0115601  0.000590716
0.0864429  0.0118696  0.000606638
0.0865705  0.0121826  0.000622751
0.0866981  0.0124993  0.000639055
0.0868257  0.0128196  0.00065555
0.0869533  0.0131436  0.000672237
0.0870809  0.0134712  0.000689117
0.0872085  0.0138024  0.00070619
0.0873361  0.0141373  0.000723457
0.0874637  0.0144758  0.000740919
0.0875913  0.0148181  0.000758576
0.0877189  0.015164  0.000776429
0.0878465  0.0155136  0.000794479
0.0879741  0.015867  0.000812726
0.0881018  0.0162241  0.000831173
0.0882294  0.0165849  0.000849818
0.088357  0.0169495  0.000868665
0.0884846  0.0173179  0.000887712
0.0886122  0.0176901  0.000906962
0.0887398  0.018066  0.000926415
0.0888674  0.0184458  0.000946072
0.088995  0.0188295  0.000965934
0.0891226  0.019217  0.000986003
0.0892502  0.0196084  0.00100628
0.0893778  0.0200036  0.00102676
0.0895054  0.0204028  0.00104746
0.089633  0.020806  0.00106836
0.0897606  0.021213  0.00108948
0.0898882  0.0216241  0.00111081
0.0900158  0.0220392  0.00113236
0.0901435  0.0224582  0.00115412
0.0902711  0.0228814  0.0011761
0.0903987  0.0233085  0.0011983
0.0905263  0.0237398  0.00122072
0.0906539  0.0241752  0.00124336
0.0907815  0.0246147  0.00126622
0.0909091  0.0250584  0.00128931
0.0910367  0.0255063  0.00131262
0.0911643  0.0259583  0.00133616
0.0912919  0.0264146  0.00135993
0.0914195  0.0268752  0.00138393
0.0915471  0.0273401  0.00140816
0.0916747  0.0278093  0.00143263
0.0918023  0.0282828  0.00145733
0.0919299  0.0287607  0.00148227
0.0920575  0.029243  0.00150745
0.0921852  0.0297298  0.00153287
0.0923128  0.030221  0.00155853
0.0924404  0.0307167  0.00158444
0.092568  0.031217  0.00161059
0.0926956  0.0317218  0.00163699
0.0928232  0.0322312  0.00166364
0.0929508  0.0327452  0.00169055
0.0930784  0.0332639  0.00171771
0.093206  0.0337873  0.00174512
0.0933336  0.0343154  0.00177279
0.0934612  0.0348483  0.00180073
0.0935888  0.035386  0.00182892
0.0937164  0.0359286  0.00185738
0.093844  0.036476  0.00188611
0.0939716  0.0370283  0.00191511
0.0940992  0.0375856  0.00194438
0.0942269  0.0381479  0.00197392
0.0943545  0.0387152  0.00200374
0.0944821  0.0392876  0.00203384
0.0946097  0.0398651  0.00206422
0.0947373  0.0404478  0.00209489
0.0948649  0.0410357  0.00212584
0.0949925  0.0416288  0.00215708
0.0951201  0.0422272  0.00218861
0.0952477  0.042831  0.00222044
0.0953753  0.0434401  0.00225256
0.0955029  0.0440547  0.00228498
0.0956305  0.0446747  0.00231771
0.0957581  0.0453003  0.00235074
0.0958857  0.0459314  0.00238408
0.0960133  0.0465682  0.00241773
0.096141  0.0472106  0.00245169
0.0962686  0.0478588  0.00248597
0.0963962  0.0485127  0.00252058
0.0965238  0.0491724  0.0025555
0.0966514  0.0498381  0.00259076
0.096779  0.0505096  0.00262634
0.0969066  0.0511872  0.00266226
0.0970342  0.0518708  0.00269851
0.0971618  0.0525605  0.00273511
0.0972894  0.0532564  0.00277204
0.097417  0.0539585  0.00280933
0.0975446  0.0546669  0.00284696
0.0976722  0.0553816  0.00288495
0.0977998  0.0561027  0.0029233
0.0979274  0.0568303  0.00296201
0.098055  0.0575644  0.00300109
0.0981827  0.0583051  0.00304053
0.0983103  0.0590525  0.00308035
0.0984379  0.0598066  0.00312055
0.0985655  0.0605674  0.00316113
0.0986931  0.0613352  0.00320209
0.0988207  0.0621099  0.00324344
0.0989483  0.0628916  0.00328519
0.0990759  0.0636803  0.00332734
0.0992035  0.0644763  0.00336989
0.0993311  0.0652794  0.00341285
0.0994587  0.0660898  0.00345622
0.0995863  0.0669077  0.0035
0.0997139  0.0677329  0.00354421
0.0998415  0.0685658  0.00358885
0.0999691  0.0694062  0.00363391
0.100097  0.0702543  0.00367942
0.100224  0.0711102  0.00372536
0.100352  0.071974  0.00377175
0.10048  0.0728457  0.00381859
0.100607  0.0737255  0.00386589
0.100735  0.0746134  0.00391365
0.100862  0.0755095  0.00396188
0.10099  0.076414  0.00401058
0.101118  0.0773268  0.00405976
0.101245  0.0782481  0.00410943
0.101373  0.0791781  0.00415959
0.1015  0.0801167  0.00421024
0.101628  0.0810641  0.0042614
0.101756  0.0820205  0.00431307
0.101883  0.0829858  0.00436525
0.102011  0.0839602  0.00441795
0.102138  0.0849439  0.00447118
0.102266  0.0859368  0.00452495
0.102394  0.0869392  0.00457926
0.102521  0.0879512  0.00463412
0.102649  0.0889728  0.00468953
0.102776  0.0900041  0.0047455
0.102904  0.0910454  0.00480205
0.103032  0.0920967  0.00485917
0.103159  0.0931581  0.00491688
0.103287  0.0942297  0.00497518
0.103415  0.0953118  0.00503408
0.103542  0.0964043  0.00509359
0.10367  0.0975075  0.00515371
0.103797  0.0986215  0.00521446
0.103925  0.0997464  0.00527584
0.104053  0.100882  0.00533787
0.10418  0.102029  0.00540054
0.104308  0.103188  0.00546387
0.104435  0.104358  0.00552787
0.104563  0.105539  0.00559255
0.104691  0.106733  0.00565791
0.104818  0.107938  0.00572396
0.104946  0.109155  0.00579073
0.105073  0.110385  0.0058582
0.105201  0.111627  0.00592641
0.105329  0.112882  0.00599534
0.105456  0.114149  0.00606503
0.105584  0.115429  0.00613546
0.105711  0.116722  0.00620667
0.105839  0.118029  0.00627865
0.105967  0.119349  0.00635143
0.106094  0.120682  0.006425
0.106222  0.12203  0.00649938
0.106349  0.123391  0.00657459
0.106477  0.124767  0.00665064
0.106605  0.126157  0.00672753
0.106732  0.127561  0.00680528
0.10686  0.128981  0.00688391
0.106987  0.130415  0.00696342
0.107115  0.131865  0.00704383
0.107243  0.13333  0.00712516
0.10737  0.13481  0.00720741
0.107498  0.136307  0.00729061
0.107626  0.137819  0.00737476
0.107753  0.139348  0.00745988
0.107881  0.140894  0.00754598
0.108008  0.142456  0.00763308
0.108136  0.144036  0.0077212
0.108264  0.145632  0.00781035
0.108391  0.147247  0.00790055
0.108519  0.148879  0.00799181
0.108646  0.150529  0.00808415
0.108774  0.152198  0.00817759
0.108902  0.153885  0.00827215
0.109029  0.155591  0.00836784
0.109157  0.157317  0.00846468
0.109284  0.159062  0.00856268
0.109412  0.160826  0.00866188
0.10954  0.162611  0.00876228
0.109667  0.164417  0.00886392
0.109795  0.166243  0.0089668
0.109922  0.16809  0.00907094
0.11005  0.169959  0.00917638
0.110178  0.171849  0.00928312
0.110305  0.173762  0.0093912
0.110433  0.175697  0.00950063
0.11056  0.177655  0.00961144
0.110688  0.179636  0.00972365
0.110816  0.18164  0.00983728
0.110943  0.183669  0.00995236
0.111071  0.185722  0.0100689
0.111198  0.187799  0.010187
0.111326  0.189902  0.0103065
0.111454  0.192031  0.0104277
0.111581  0.194185  0.0105504
0.111709  0.196366  0.0106747
0.111837  0.198574  0.0108006
0.111964  0.200809  0.0109282
0.112092  0.203072  0.0110575
0.112219  0.205363  0.0111884
0.112347  0.207683  0.0113212
0.112475  0.210032  0.0114557
0.112602  0.212411  0.0115921
0.11273  0.214821  0.0117302
0.112857  0.217261  0.0118703
0.112985  0.219732  0.0120123
0.113113  0.222236  0.0121562
0.11324  0.224772  0.0123021
0.113368  0.227341  0.01245
0.113495  0.229944  0.0125999
0.113623  0.232581  0.012752
0.113751  0.235253  0.0129061
0.113878  0.23796  0.0130625
0.114006  0.240704  0.013221
0.114133  0.243485  0.0133818
0.114261  0.246303  0.0135449
0.114389  0.249159  0.0137103
0.114516  0.252054  0.0138781
0.114644  0.254989  0.0140483
0.114771  0.257964  0.0142209
0.114899  0.260981  0.0143961
0.115027  0.264039  0.0145738
0.115154  0.26714  0.0147541
0.115282  0.270285  0.0149371
0.11541  0.273474  0.0151227
0.115537  0.276708  0.0153112
0.115665  0.279988  0.0155024
0.115792  0.283316  0.0156964
0.11592  0.286691  0.0158934
0.116048  0.290115  0.0160934
0.116175  0.293589  0.0162963
0.116303  0.297114  0.0165024
0.11643  0.300691  0.0167115
0.116558  0.30432  0.0169239
0.116686  0.308003  0.0171395
0.116813  0.311742  0.0173584
0.116941  0.315536  0.0175807
0.117068  0.319388  0.0178064
0.117196  0.323298  0.0180357
0.117324  0.327267  0.0182684
0.117451  0.331298  0.0185049
0.117579  0.33539  0.018745
0.117706  0.339546  0.0189889
0.117834  0.343766  0.0192366
0.117962  0.348052  0.0194882
0.118089  0.352406  0.0197438
0.118217  0.356828  0.0200034
0.118344  0.36132  0.0202672
0.118472  0.365884  0.0205351
0.1186  0.370521  0.0208074
0.118727  0.375233  0.0210839
0.118855  0.380021  0.0213649
0.118982  0.384886  0.0216503
0.11911  0.389831  0.0219404
0.119238  0.394858  0.022235
0.119365  0.399967  0.0225344
0.119493  0.40516  0.0228386
0.119621  0.41044  0.0231476
0.119748  0.415809  0.0234616
0.119876  0.421267  0.0237807
0.120003  0.426818  0.0241048
0.120131  0.432462  0.0244341
0.120259  0.438203  0.0247686
0.120386  0.444041  0.0251085
0.120514  0.44998  0.0254537
0.120641  0.456021  0.0258044
0.120769  0.462167  0.0261607
0.120897  0.468419  0.0265225
0.121024  0.47478  0.02689
0.121152  0.481253  0.0272632
0.121279  0.487839  0.0276422
0.121407  0.494541  0.028027
0.121535  0.501361  0.0284177
0.121662  0.508303  0.0288143
0.12179  0.515367  0.0292168
0.121917  0.522558  0.0296254
0.122045  0.529878  0.0300399
0.122173  0.537329  0.0304606
0.1223  0.544913  0.0308872
0.122428  0.552634  0.0313199
0.122555  0.560495  0.0317587
0.122683  0.568498  0.0322035
0.122811  0.576645  0.0326543
0.122938  0.584941  0.0331111
0.123066  0.593387  0.0335738
0.123193  0.601986  0.0340424
0.123321  0.610742  0.0345167
0.123449  0.619656  0.0349967
0.123576  0.628733  0.0354823
0.123704  0.637975  0.0359734
0.123832  0.647385  0.0364697
0.123959  0.656965  0.0369712
0.124087  0.666719  0.0374776
0.124214  0.676649  0.0379888
0.124342  0.686758  0.0385044
0.12447  0.697049  0.0390243
0.124597  0.707524  0.0395481
0.124725  0.718186  0.0400755
0.124852  0.729038  0.0406062
0.12498  0.740082  0.0411398
0.125108  0.75132  0.0416759
0.125235  0.762754  0.042214
0.125363  0.774387  0.0427537
0.12549  0.786221  0.0432944
0.125618  0.798257  0.0438356
0.125746  0.810497  0.0443768
0.125873  0.822942  0.0449172
0.126001  0.835593  0.0454562
0.126128  0.848452  0.0459931
0.126256  0.861519  0.0465272
0.126384  0.874795  0.0470577
0.126511  0.88828  0.0475838
0.126639  0.901973  0.0481047
0.126766  0.915875  0.0486194
0.126894  0.929985  0.049127
0.127022  0.9443  0.0496266
0.127149  0.958821  0.0501172
0.127277  0.973545  0.0505979
0.127405  0.98847  0.0510675
0.127532  1.00359  0.0515251
0.12766  1.01891  0.0519696
0.127787  1.03442  0.0524
0.127915  1.05012  0.0528151
0.128043  1.066  0.053214
0.12817  1.08205  0.0535956
0.128298  1.09828  0.0539589
0.128425  1.11468  0.0543028
0.128553  1.13123  0.0546264
0.128681  1.14794  0.0549288
0.128808  1.1648  0.055209
0.128936  1.18179  0.0554663
0.129063  1.19891  0.0556998
0.129191  1.21615  0.0559089
0.129319  1.23351  0.0560929
0.129446  1.25096  0.0562512
0.129574  1.26851  0.0563834
0.129701  1.28614  0.0564891
0.129829  1.30385  0.056568
0.129957  1.32161  0.0566199
0.130084  1.33942  0.0566448
0.130212  1.35727  0.0566426
0.130339  1.37515  0.0566135
0.130467  1.39305  0.0565577
0.130595  1.41095  0.0564755
0.130722  1.42884  0.0563674
0.13085  1.44671  0.0562338
0.130977  1.46456  0.0560754
0.131105  1.48236  0.0558929
0.131233  1.50011  0.055687
0.13136  1.51779  0.0554587
0.131488  1.5354  0.0552088
0.131616  1.55293  0.0549383
0.131743  1.57036  0.0546483
0.131871  1.58769  0.0543398
0.131998  1.6049  0.054014
0.132126  1.62199  0.053672
0.132254  1.63895  0.0533149
0.132381  1.65577  0.052944
0.132509  1.67244  0.0525604
0.132636  1.68896  0.0521653
0.132764  1.70531  0.0517598
0.132892  1.7215  0.0513452
0.133019  1.73751  0.0509224
0.133147  1.75335  0.0504927
0.133274  1.769  0.050057
0.133402  1.78446  0.0496164
0.13353  1.79973  0.0491719
0.133657  1.81481  0.0487244
0.133785  1.82968  0.0482747
0.133912  1.84436  0.0478238
0.13404  1.85883  0.0473725
0.134168  1.8731  0.0469214
0.134295  1.88716  0.0464712
0.134423  1.90101  0.0460227
0.13455  1.91465  0.0455763
0.134678  1.92809  0.0451327
0.134806  1.94132  0.0446924
0.134933  1.95434  0.0442557
0.135061  1.96715  0.0438232
0.135188  1.97975  0.0433951
0.135316  1.99215  0.0429718
0.135444  2.00434  0.0425535
0.135571  2.01633  0.0421406
0.135699  2.02812  0.0417333
0.135827  2.03971  0.0413317
0.135954  2.0511  0.0409359
0.136082  2.0623  0.0405462
0.136209  2.0733  0.0401626
0.136337  2.08411  0.0397851
0.136465  2.09473  0.0394139
0.136592  2.10517  0.039049
0.13672  2.11542  0.0386903
0.136847  2.1255  0.038338
0.136975  2.13539  0.0379919
0.137103  2.14511  0.037652
0.13723  2.15466  0.0373184
0.137358  2.16403  0.0369908
0.137485  2.17324  0.0366694
0.137613  2.18229  0.036354
0.137741  2.19117  0.0360445
0.137868  2.1999  0.0357409
0.137996  2.20847  0.035443
0.138123  2.21689  0.0351508
0.138251  2.22516  0.0348642
0.138379  2.23329  0.034583
0.138506  2.24127  0.0343073
0.138634  2.2491  0.0340367
0.138761  2.25681  0.0337714
0.138889  2.26437  0.0335111
0.139017  2.2718  0.0332558
0.139144  2.2791  0.0330053
0.139272  2.28628  0.0327595
0.139399  2.29333  0.0325184
0.139527  2.30025  0.0322818
0.139655  2.30706  0.0320496
0.139782  2.31375  0.0318217
0.13991  2.32032  0.0315981
0.140038  2.32678  0.0313785
0.140165  2.33313  0.031163
0.140293  2.33937  0.0309514
0.14042  2.34551  0.0307437
0.140548  2.35154  0.0305396
0.140676  2.35748  0.0303392
0.140803  2.36331  0.0301424
0.140931  2.36904  0.0299491
0.141058  2.37468  0.0297591
0.141186  2.38023  0.0295724
0.141314  2.38569  0.029389
0.141441  2.39105  0.0292087
0.141569  2.39633  0.0290314
0.141696  2.40152  0.0288572
0.141824  2.40663  0.0286858
0.141952  2.41166  0.0285173
0.142079  2.41661  0.0283516
0.142207  2.42148  0.0281886
0.142334  2.42627  0.0280283
0.142462  2.43098  0.0278705
0.14259  2.43563  0.0277153
0.142717  2.44019  0.0275625
0.142845  2.44469  0.0274122
0.142972  2.44912  0.0272641
0.1431  2.45348  0.0271184
0.143228  2.45778  0.0269749
0.143355  2.46201  0.0268336
0.143483  2.46617  0.0266944
0.143611  2.47027  0.0265574
0.143738  2.47431  0.0264223
0.143866  2.4783  0.0262893
0.143993  2.48222  0.0261582
0.144121  2.48608  0.026029
0.144249  2.48989  0.0259017
0.144376  2.49364  0.0257762
0.144504  2.49734  0.0256525
0.144631  2.50098  0.0255305
0.144759  2.50458  0.0254103
0.144887  2.50812  0.0252917
0.145014  2.51161  0.0251747
0.145142  2.51505  0.0250594
0.145269  2.51844  0.0249456
0.145397  2.52179  0.0248334
0.145525  2.52509  0.0247226
0.145652  2.52834  0.0246133
0.14578  2.53155  0.0245055
0.145907  2.53472  0.0243991
0.146035  2.53784  0.024294
0.146163  2.54092  0.0241903
0.14629  2.54396  0.024088
0.146418  2.54695  0.0239869
0.146545  2.54991  0.0238871
0.146673  2.55283  0.0237886
0.146801  2.55571  0.0236913
0.146928  2.55855  0.0235952
0.147056  2.56136  0.0235003
0.147183  2.56413  0.0234065
0.147311  2.56686  0.0233139
0.147439  2.56956  0.0232224
0.147566  2.57223  0.023132
0.147694  2.57486  0.0230426
0.147822  2.57745  0.0229543
0.147949  2.58002  0.0228671
0.148077  2.58255  0.0227808
0.148204  2.58505  0.0226956
0.148332  2.58752  0.0226113
0.14846  2.58996  0.022528
0.148587  2.59237  0.0224456
0.148715  2.59475  0.0223642
0.148842  2.59711  0.0222837
0.14897  2.59943  0.0222041
0.149098  2.60173  0.0221253
0.149225  2.60399  0.0220474
0.149353  2.60624  0.0219704
0.14948  2.60845  0.0218942
0.149608  2.61064  0.0218188
0.149736  2.6128  0.0217443
0.149863  2.61494  0.0216705
0.149991  2.61706  0.0215975
0.150118  2.61915  0.0215253
0.150246  2.62121  0.0214538
0.150374  2.62325  0.0213831
0.150501  2.62527  0.0213131
0.150629  2.62727  0.0212438
0.150756  2.62924  0.0211753
0.150884  2.63119  0.0211074
0.151012  2.63312  0.0210402
0.151139  2.63503  0.0209737
0.151267  2.63692  0.0209079
0.151394  2.63879  0.0208427
0.151522  2.64064  0.0207781
0.15165  2.64246  0.0207142
0.151777  2.64427  0.0206509
0.151905  2.64606  0.0205882
0.152033  2.64783  0.0205262
0.15216  2.64958  0.0204647
0.152288  2.65131  0.0204038
0.152415  2.65302  0.0203435
0.152543  2.65472  0.0202838
0.152671  2.6564  0.0202246
0.152798  2.65806  0.0201659
0.152926  2.6597  0.0201079
0.153053  2.66133  0.0200503
0.153181  2.66294  0.0199933
0.153309  2.66453  0.0199368
0.153436  2.66611  0.0198808
0.153564  2.66767  0.0198253
0.153691  2.66921  0.0197703
0.153819  2.67074  0.0197159
0.153947  2.67226  0.0196619
0.154074  2.67376  0.0196083
0.154202  2.67525  0.0195553
0.154329  2.67672  0.0195027
0.154457  2.67817  0.0194505
0.154585  2.67962  0.0193989
0.154712  2.68105  0.0193476
0.15484  2.68246  0.0192968
0.154967  2.68386  0.0192465
0.155095  2.68525  0.0191965
0.155223  2.68662  0.019147
0.15535  2.68799  0.0190979
0.155478  2.68934  0.0190492
0.155606  2.69067  0.0190009
0.155733  2.692  0.018953
0.155861  2.69331  0.0189055
0.155988  2.69461  0.0188584
0.156116  2.6959  0.0188117
0.156244  2.69717  0.0187653
0.156371  2.69844  0.0187194
0.156499  2.69969  0.0186738
0.156626  2.70093  0.0186285
0.156754  2.70216  0.0185836
0.156882  2.70338  0.0185391
0.157009  2.70459  0.0184949
0.157137  2.70579  0.0184511
0.157264  2.70698  0.0184076
0.157392  2.70816  0.0183644
0.15752  2.70932  0.0183216
0.157647  2.71048  0.0182791
0.157775  2.71163  0.0182369
0.157902  2.71276  0.018195
0.15803  2.71389  0.0181535
0.158158  2.71501  0.0181122
0.158285  2.71612  0.0180713
0.158413  2.71722  0.0180307
0.15854  2.71831  0.0179903
0.158668  2.71939  0.0179503
0.158796  2.72046  0.0179105
0.158923  2.72152  0.0178711
0.159051  2.72257  0.0178319
0.159178  2.72362  0.017793
0.159306  2.72466  0.0177544
0.159434  2.72568  0.017716
0.159561  2.7267  0.0176779
0.159689  2.72772  0.0176401
0.159817  2.72872  0.0176026
0.159944  2.72972  0.0175653
0.160072  2.7307  0.0175283
0.160199  2.73168  0.0174915
0.160327  2.73266  0.0174549
0.160455  2.73362  0.0174186
0.160582  2.73458  0.0173826
0.16071  2.73553  0.0173468
0.160837  2.73647  0.0173112
0.160965  2.7374  0.0172759
0.161093  2.73833  0.0172408
0.16122  2.73925  0.0172059
0.161348  2.74017  0.0171712
0.161475  2.74107  0.0171368
0.161603  2.74197  0.0171026
0.161731  2.74287  0.0170686
0.161858  2.74375  0.0170348
0.161986  2.74463  0.0170012
0.162113  2.74551  0.0169679
0.162241  2.74638  0.0169347
0.162369  2.74724  0.0169017
0.162496  2.74809  0.016869
0.162624  2.74894  0.0168364
0.162751  2.74978  0.016804
0.162879  2.75062  0.0167718
0.163007  2.75145  0.0167398
0.163134  2.75228  0.016708
0.163262  2.7531  0.0166764
0.163389  2.75391  0.0166449
0.163517  2.75472  0.0166136
0.163645  2.75552  0.0165825
0.163772  2.75632  0.0165516
0.1639  2.75711  0.0165208
0.164028  2.75789  0.0164902
0.164155  2.75868  0.0164597
0.164283  2.75945  0.0164294
0.16441  2.76022  0.0163993
0.164538  2.76099  0.0163693
0.164666  2.76175  0.0163394
0.164793  2.76251  0.0163097
0.164921  2.76326  0.0162802
0.165048  2.764  0.0162507
0.165176  2.76475  0.0162214
0.165304  2.76548  0.0161923
0.165431  2.76622  0.0161632
0.165559  2.76695  0.0161343
0.165686  2.76767  0.0161055
0.165814  2.76839  0.0160768
0.165942  2.76911  0.0160482
0.166069  2.76982  0.0160196
0.166197  2.77053  0.0159912
0.166324  2.77123  0.0159628
0.166452  2.77194  0.0159345
0.16658  2.77263  0.0159061
0.166707  2.77333  0.0158778
0.166835  2.77403  0.0158494
0.166962  2.77472  0.0158207
0.16709  2.77541  0.0157921
0.167218  2.7761  0.0157637
0.167345  2.77678  0.0157356
0.167473  2.77746  0.0157076
0.167601  2.77813  0.0156799
0.167728  2.7788  0.0156524
0.167856  2.77946  0.0156251
0.167983  2.78012  0.015598
0.168111  2.78077  0.0155711
0.168239  2.78142  0.0155444
0.168366  2.78206  0.0155179
0.168494  2.78269  0.0154917
0.168621  2.78333  0.0154656
0.168749  2.78396  0.0154397
0.168877  2.78458  0.015414
0.169004  2.7852  0.0153885
0.169132  2.78581  0.0153631
0.169259  2.78642  0.015338
0.169387  2.78703  0.0153131
0.169515  2.78763  0.0152883
0.169642  2.78823  0.0152637
0.16977  2.78882  0.0152393
0.169897  2.78941  0.015215
0.170025  2.79  0.015191
0.170153  2.79058  0.0151671
0.17028  2.79115  0.0151434
0.170408  2.79173  0.0151198
0.170535  2.79229  0.0150965
0.170663  2.79286  0.0150733
0.170791  2.79342  0.0150502
0.170918  2.79398  0.0150273
0.171046  2.79453  0.0150046
0.171173  2.79508  0.014982
0.171301  2.79563  0.0149596
0.171429  2.79617  0.0149374
0.171556  2.79671  0.0149153
0.171684  2.79724  0.0148934
0.171812  2.79777  0.0148716
0.171939  2.7983  0.0148499
0.172067  2.79882  0.0148284
0.172194  2.79934  0.0148071
0.172322  2.79986  0.0147859
0.17245  2.80037  0.0147649
0.172577  2.80088  0.0147439
0.172705  2.80139  0.0147232
0.172832  2.80189  0.0147026
0.17296  2.80239  0.0146821
0.173088  2.80289  0.0146617
0.173215  2.80338  0.0146415
0.173343  2.80387  0.0146214
0.17347  2.80436  0.0146015
0.173598  2.80484  0.0145817
0.173726  2.80532  0.014562
0.173853  2.8058  0.0145424
0.173981  2.80628  0.014523
0.174108  2.80675  0.0145037
0.174236  2.80722  0.0144845
0.174364  2.80768  0.0144655
0.174491  2.80815  0.0144466
0.174619  2.80861  0.0144278
0.174746  2.80906  0.0144091
0.174874  2.80952  0.0143905
0.175002  2.80997  0.0143721
0.175129  2.81042  0.0143538
0.175257  2.81086  0.0143356
0.175384  2.8113  0.0143175
0.175512  2.81174  0.0142995
0.17564  2.81218  0.0142816
0.175767  2.81262  0.0142639
0.175895  2.81305  0.0142463
0.176023  2.81348  0.0142287
0.17615  2.8139  0.0142113
0.176278  2.81433  0.014194
0.176405  2.81475  0.0141768
0.176533  2.81517  0.0141597
0.176661  2.81558  0.0141428
0.176788  2.816  0.0141259
0.176916  2.81641  0.0141091
0.177043  2.81682  0.0140924
0.177171  2.81722  0.0140759
0.177299  2.81763  0.0140594
0.177426  2.81803  0.0140431
0.177554  2.81843  0.0140268
0.177681  2.81883  0.0140106
0.177809  2.81922  0.0139946
0.177937  2.81961  0.0139786
0.178064  2.82  0.0139627
0.178192  2.82039  0.0139469
0.178319  2.82077  0.0139312
0.178447  2.82116  0.0139157
0.178575  2.82154  0.0139002
0.178702  2.82192  0.0138847
0.17883  2.82229  0.0138694
0.178957  2.82267  0.0138542
0.179085  2.82304  0.0138391
0.179213  2.82341  0.013824
0.17934  2.82378  0.0138091
0.179468  2.82414  0.0137942
0.179595  2.82451  0.0137794
0.179723  2.82487  0.0137647
0.179851  2.82523  0.0137501
0.179978  2.82558  0.0137356
0.180106  2.82594  0.0137212
0.180234  2.82629  0.0137068
0.180361  2.82664  0.0136925
0.180489  2.82699  0.0136783
0.180616  2.82734  0.0136642
0.180744  2.82769  0.0136502
0.180872  2.82803  0.0136363
0.180999  2.82837  0.0136224
0.181127  2.82871  0.0136086
0.181254  2.82905  0.0135949
0.181382  2.82939  0.0135813
0.18151  2.82972  0.0135677
0.181637  2.83005  0.0135542
0.181765  2.83038  0.0135408
0.181892  2.83071  0.0135275
0.18202  2.83104  0.0135142
0.182148  2.83136  0.013501
0.182275  2.83169  0.0134879
0.182403  2.83201  0.0134749
0.18253  2.83233  0.0134619
0.182658  2.83265  0.013449
0.182786  2.83296  0.0134362
0.182913  2.83328  0.0134235
0.183041  2.83359  0.0134108
0.183168  2.8339  0.0133982
0.183296  2.83421  0.0133856
0.183424  2.83452  0.0133732
0.183551  2.83483  0.0133608
0.183679  2.83513  0.0133484
0.183807  2.83544  0.0133361
0.183934  2.83574  0.0133239
0.184062  2.83604  0.0133118
0.184189  2.83634  0.0132997
0.184317  2.83663  0.0132877
0.184445  2.83693  0.0132758
0.184572  2.83722  0.0132639
0.1847  2.83751  0.0132521
0.184827  2.8378  0.0132403
0.184955  2.83809  0.0132286
0.185083  2.83838  0.013217
0.18521  2.83867  0.0132054
0.185338  2.83895  0.0131939
0.185465  2.83924  0.0131825
0.185593  2.83952  0.0131711
0.185721  2.8398  0.0131597
0.185848  2.84008  0.0131485
0.185976  2.84036  0.0131373
0.186103  2.84063  0.0131261
0.186231  2.84091  0.013115
0.186359  2.84118  0.013104
0.186486  2.84145  0.013093
0.186614  2.84172  0.0130821
0.186741  2.84199  0.0130712
0.186869  2.84226  0.0130604
0.186997  2.84253  0.0130497
0.187124  2.84279  0.013039
0.187252  2.84306  0.0130283
0.187379  2.84332  0.0130177
0.187507  2.84358  0.0130072
0.187635  2.84384  0.0129967
0.187762  2.8441  0.0129863
0.18789  2.84436  0.0129759
0.188018  2.84461  0.0129656
0.188145  2.84487  0.0129553
0.188273  2.84512  0.0129451
0.1884  2.84537  0.0129349
0.188528  2.84563  0.0129248
0.188656  2.84588  0.0129147
0.188783  2.84612  0.0129047
0.188911  2.84637  0.0128947
0.189038  2.84662  0.0128848
0.189166  2.84686  0.0128749
0.189294  2.84711  0.0128651
0.189421  2.84735  0.0128553
0.189549  2.84759  0.0128456
0.189676  2.84783  0.0128359
0.189804  2.84807  0.0128263
0.189932  2.84831  0.0128167
0.190059  2.84855  0.0128072
0.190187  2.84879  0.0127977
0.190314  2.84902  0.0127883
0.190442  2.84925  0.0127789
0.19057  2.84949  0.0127695
0.190697  2.84972  0.0127602
0.190825  2.84995  0.0127509
0.190952  2.85018  0.0127417
0.19108  2.85041  0.0127326
0.191208  2.85063  0.0127234
0.191335  2.85086  0.0127143
0.191463  2.85109  0.0127053
0.19159  2.85131  0.0126963
0.191718  2.85153  0.0126873
0.191846  2.85176  0.0126784
0.191973  2.85198  0.0126696
0.192101  2.8522  0.0126607
0.192229  2.85242  0.0126519
0.192356  2.85263  0.0126432
0.192484  2.85285  0.0126345
0.192611  2.85307  0.0126258
0.192739  2.85328  0.0126172
0.192867  2.8535  0.0126086
0.192994  2.85371  0.0126001
0.193122  2.85392  0.0125916
0.193249  2.85413  0.0125831
0.193377  2.85434  0.0125747
0.193505  2.85455  0.0125663
0.193632  2.85476  0.012558
0.19376  2.85497  0.0125497
0.193887  2.85517  0.0125414
0.194015  2.85538  0.0125332
0.194143  2.85558  0.012525
0.19427  2.85579  0.0125168
0.194398  2.85599  0.0125087
0.194525  2.85619  0.0125006
0.194653  2.85639  0.0124926
0.194781  2.85659  0.0124846
0.194908  2.85679  0.0124766
0.195036  2.85699  0.0124687
0.195163  2.85719  0.0124608
0.195291  2.85739  0.0124529
0.195419  2.85758  0.0124451
0.195546  2.85778  0.0124373
0.195674  2.85797  0.0124296
0.195802  2.85816  0.0124218
0.195929  2.85836  0.0124141
0.196057  2.85855  0.0124065
0.196184  2.85874  0.0123989
0.196312  2.85893  0.0123913
0.19644  2.85912  0.0123837
0.196567  2.85931  0.0123762
0.196695  2.85949  0.0123687
0.196822  2.85968  0.0123613
0.19695  2.85987  0.0123539
0.197078  2.86005  0.0123465
0.197205  2.86024  0.0123391
0.197333  2.86042  0.0123318
0.19746  2.8606  0.0123245
0.197588  2.86078  0.0123173
0.197716  2.86097  0.0123101
0.197843  2.86115  0.0123029
0.197971  2.86133  0.0122957
0.198098  2.8615  0.0122886
0.198226  2.86168  0.0122815
0.198354  2.86186  0.0122744
0.198481  2.86204  0.0122674
0.198609  2.86221  0.0122604
0.198736  2.86239  0.0122534
0.198864  2.86256  0.0122465
0.198992  2.86274  0.0122395
0.199119  2.86291  0.0122327
0.199247  2.86308  0.0122258
0.199374  2.86325  0.012219
0.199502  2.86342  0.0122122
0.19963  2.86359  0.0122054
0.199757  2.86376  0.0121987
0.199885  2.86393  0.012192
0.200013  2.8641  0.0121853
0.20014  2.86427  0.0121786
0.200268  2.86443  0.012172
0.200395  2.8646  0.0121654
0.200523  2.86476  0.0121588
0.200651  2.86493  0.0121523
0.200778  2.86509  0.0121458
0.200906  2.86526  0.0121393
0.201033  2.86542  0.0121328
0.201161  2.86558  0.0121264
0.201289  2.86574  0.01212
0.201416  2.8659  0.0121136
0.201544  2.86606  0.0121073
0.201671  2.86622  0.0121009
0.201799  2.86638  0.0120946
0.201927  2.86654  0.0120884
0.202054  2.8667  0.0120821
0.202182  2.86685  0.0120759
0.202309  2.86701  0.0120697
0.202437  2.86717  0.0120635
0.202565  2.86732  0.0120574
0.202692  2.86747  0.0120513
0.20282  2.86763  0.0120452
0.202947  2.86778  0.0120391
0.203075  2.86793  0.0120331
0.203203  2.86809  0.012027
0.20333  2.86824  0.012021
0.203458  2.86839  0.0120151
0.203585  2.86854  0.0120091
0.203713  2.86869  0.0120032
0.203841  2.86884  0.0119973
0.203968  2.86898  0.0119914
0.204096  2.86913  0.0119856
0.204224  2.86928  0.0119797
0.204351  2.86943  0.0119739
0.204479  2.86957  0.0119682
0.204606  2.86972  0.0119624
0.204734  2.86986  0.0119567
0.204862  2.87001  0.011951
0.204989  2.87015  0.0119453
0.205117  2.87029  0.0119396
0.205244  2.87044  0.011934
0.205372  2.87058  0.0119283
0.2055  2.87072  0.0119228
0.205627  2.87086  0.0119172
0.205755  2.871  0.0119116
0.205882  2.87114  0.0119061
0.20601  2.87128  0.0119006
0.206138  2.87142  0.0118951
0.206265  2.87156  0.0118896
0.206393  2.8717  0.0118842
0.20652  2.87183  0.0118788
0.206648  2.87197  0.0118734
0.206776  2.87211  0.011868
0.206903  2.87224  0.0118626
0.207031  2.87238  0.0118573
0.207158  2.87251  0.011852
0.207286  2.87265  0.0118467
0.207414  2.87278  0.0118414
0.207541  2.87291  0.0118361
0.207669  2.87305  0.0118309
0.207796  2.87318  0.0118257
0.207924  2.87331  0.0118205
0.208052  2.87344  0.0118153
0.208179  2.87357  0.0118102
0.208307  2.8737  0.011805
0.208435  2.87383  0.0117999
0.208562  2.87396  0.0117948
0.20869  2.87409  0.0117897
0.208817  2.87422  0.0117847
0.208945  2.87435  0.0117796
0.209073  2.87448  0.0117746
0.2092  2.8746  0.0117696
0.209328  2.87473  0.0117646
0.209455  2.87486  0.0117597
0.209583  2.87498  0.0117547
0.209711  2.87511  0.0117498
0.209838  2.87523  0.0117449
0.209966  2.87536  0.01174
0.210093  2.87548  0.0117352
0.210221  2.8756  0.0117303
0.210349  2.87573  0.0117255
0.210476  2.87585  0.0117207
0.210604  2.87597  0.0117159
0.210731  2.87609  0.0117111
0.210859  2.87621  0.0117063
0.210987  2.87633  0.0117016
0.211114  2.87645  0.0116969
0.211242  2.87657  0.0116922
0.211369  2.87669  0.0116875
0.211497  2.87681  0.0116828
0.211625  2.87693  0.0116782
0.211752  2.87705  0.0116735
0.21188  2.87717  0.0116689
0.212008  2.87728  0.0116643
0.212135  2.8774  0.0116597
0.212263  2.87752  0.0116551
0.21239  2.87763  0.0116506
0.212518  2.87775  0.0116461
0.212646  2.87786  0.0116415
0.212773  2.87798  0.011637
0.212901  2.87809  0.0116326
0.213028  2.87821  0.0116281
0.213156  2.87832  0.0116236
0.213284  2.87843  0.0116192
0.213411  2.87855  0.0116148
0.213539  2.87866  0.0116104
0.213666  2.87877  0.011606
0.213794  2.87888  0.0116016
0.213922  2.87899  0.0115973
0.214049  2.87911  0.0115929
0.214177  2.87922  0.0115886
0.214304  2.87933  0.0115843
0.214432  2.87944  0.01158
0.21456  2.87955  0.0115757
0.214687  2.87965  0.0115715
0.214815  2.87976  0.0115672
0.214942  2.87987  0.011563
0.21507  2.87998  0.0115588
0.215198  2.88009  0.0115546
0.215325  2.88019  0.0115504
0.215453  2.8803  0.0115462
0.21558  2.88041  0.0115421
0.215708  2.88051  0.0115379
0.215836  2.88062  0.0115338
0.215963  2.88072  0.0115297
0.216091  2.88083  0.0115256
0.216219  2.88093  0.0115215
0.216346  2.88104  0.0115174
0.216474  2.88114  0.0115134
0.216601  2.88124  0.0115093
0.216729  2.88135  0.0115053
0.216857  2.88145  0.0115013
0.216984  2.88155  0.0114973
0.217112  2.88166  0.0114933
0.217239  2.88176  0.0114894
0.217367  2.88186  0.0114854
0.217495  2.88196  0.0114815
0.217622  2.88206  0.0114775
0.21775  2.88216  0.0114736
0.217877  2.88226  0.0114697
0.218005  2.88236  0.0114658
0.218133  2.88246  0.011462
0.21826  2.88256  0.0114581
0.218388  2.88266  0.0114543
0.218515  2.88276  0.0114504
0.218643  2.88285  0.0114466
0.218771  2.88295  0.0114428
0.218898  2.88305  0.011439
0.219026  2.88315  0.0114352
0.219153  2.88324  0.0114315
0.219281  2.88334  0.0114277
0.219409  2.88344  0.011424
0.219536  2.88353  0.0114203
0.219664  2.88363  0.0114165
0.219791  2.88372  0.0114128
0.219919  2.88382  0.0114091
0.220047  2.88391  0.0114055
0.220174  2.88401  0.0114018
0.220302  2.8841  0.0113982
0.22043  2.8842  0.0113945
0.220557  2.88429  0.0113909
0.220685  2.88438  0.0113873
0.220812  2.88447  0.0113837
0.22094  2.88457  0.0113801
0.221068  2.88466  0.0113765
0.221195  2.88475  0.0113729
0.221323  2.88484  0.0113694
0.22145  2.88493  0.0113658
0.221578  2.88503  0.0113623
0.221706  2.88512  0.0113588
0.221833  2.88521  0.0113553
0.221961  2.8853  0.0113518
0.222088  2.88539  0.0113483
0.222216  2.88548  0.0113448
0.222344  2.88557  0.0113414
0.222471  2.88565  0.0113379
0.222599  2.88574  0.0113345
0.222726  2.88583  0.0113311
0.222854  2.88592  0.0113277
0.222982  2.88601  0.0113243
0.223109  2.8861  0.0113209
0.223237  2.88618  0.0113175
0.223364  2.88627  0.0113141
0.223492  2.88636  0.0113108
0.22362  2.88644  0.0113074
0.223747  2.88653  0.0113041
0.223875  2.88661  0.0113008
0.224003  2.8867  0.0112975
0.22413  2.88679  0.0112942
0.224258  2.88687  0.0112909
0.224385  2.88696  0.0112876
0.224513  2.88704  0.0112843
0.224641  2.88712  0.0112811
0.224768  2.88721  0.0112778
0.224896  2.88729  0.0112746
0.225023  2.88738  0.0112713
0.225151  2.88746  0.0112681
0.225279  2.88754  0.0112649
0.225406  2.88763  0.0112617
0.225534  2.88771  0.0112585
0.225661  2.88779  0.0112554
0.225789  2.88787  0.0112522
0.225917  2.88795  0.0112491
0.226044  2.88804  0.0112459
0.226172  2.88812  0.0112428
0.226299  2.8882  0.0112397
0.226427  2.88828  0.0112365
0.226555  2.88836  0.0112334
0.226682  2.88844  0.0112304
0.22681  2.88852  0.0112273
0.226937  2.8886  0.0112242
0.227065  2.88868  0.0112211
0.227193  2.88876  0.0112181
0.22732  2.88884  0.011215
0.227448  2.88892  0.011212
0.227575  2.88899  0.011209
0.227703  2.88907  0.011206
0.227831  2.88915  0.011203
0.227958  2.88923  0.0112
0.228086  2.88931  0.011197
0.228214  2.88938  0.011194
0.228341  2.88946  0.011191
0.228469  2.88954  0.0111881
0.228596  2.88962  0.0111851
0.228724  2.88969  0.0111822
0.228852  2.88977  0.0111793
0.228979  2.88984  0.0111763
0.229107  2.88992  0.0111734
0.229234  2.89  0.0111705
0.229362  2.89007  0.0111676
0.22949  2.89015  0.0111648
0.229617  2.89022  0.0111619
0.229745  2.8903  0.011159
0.229872  2.89037  0.0111562
0.23  2.89044  0.0111533
