279  -9.89594e-07  2.8909e-08
279.893  1.23524e-05  3.60894e-07
280.786  3.99276e-05  1.16669e-06
281.68  7.65082e-05  2.23585e-06
282.573  0.000120262  3.51491e-06
283.466  0.00017017  4.9742e-06
284.359  0.000225561  6.5941e-06
285.253  0.000285945  8.3604e-06
286.146  0.00035095  1.02622e-05
287.039  0.000420276  1.22909e-05
287.932  0.000493679  1.44393e-05
288.826  0.000570952  1.67014e-05
289.719  0.000651921  1.90722e-05
290.612  0.000736433  2.15472e-05
291.505  0.000824355  2.41226e-05
292.399  0.000915569  2.67949e-05
293.292  0.00100997  2.95612e-05
294.185  0.00110746  3.24186e-05
295.078  0.00120796  3.53647e-05
295.972  0.00131139  3.83974e-05
296.865  0.00141768  4.15144e-05
297.758  0.00152676  4.4714e-05
298.651  0.00163858  4.79944e-05
299.545  0.00175307  5.13542e-05
300.438  0.00187019  5.47916e-05
301.331  0.0019899  5.83056e-05
302.224  0.00211214  6.18947e-05
303.118  0.00223688  6.55578e-05
304.011  0.00236407  6.92938e-05
304.904  0.00249369  7.31017e-05
305.797  0.0026257  7.69806e-05
306.691  0.00276006  8.09294e-05
307.584  0.00289675  8.49475e-05
308.477  0.00303574  8.90339e-05
309.37  0.003177  9.3188e-05
310.264  0.00332052  9.74091e-05
311.157  0.00346625  0.000101696
312.05  0.0036142  0.00010605
312.943  0.00376432  0.000110468
313.837  0.00391661  0.00011495
314.73  0.00407105  0.000119497
315.623  0.00422761  0.000124107
316.516  0.00438629  0.000128781
317.41  0.00454706  0.000133517
318.303  0.00470992  0.000138315
319.196  0.00487484  0.000143175
320.089  0.00504181  0.000148097
320.982  0.00521083  0.00015308
321.876  0.00538188  0.000158123
322.769  0.00555494  0.000163228
323.662  0.00573002  0.000168392
324.555  0.0059071  0.000173617
325.449  0.00608616  0.000178901
326.342  0.00626721  0.000184244
327.235  0.00645023  0.000189647
328.128  0.00663522  0.00019511
329.022  0.00682216  0.000200631
329.915  0.00701106  0.00020621
330.808  0.0072019  0.000211849
331.701  0.00739468  0.000217545
332.595  0.00758939  0.0002233
333.488  0.00778604  0.000229113
334.381  0.00798461  0.000234985
335.274  0.0081851  0.000240914
336.168  0.0083875  0.000246901
337.061  0.00859182  0.000252945
337.954  0.00879805  0.000259048
338.847  0.00900619  0.000265208
339.741  0.00921623  0.000271426
340.634  0.00942817  0.000277701
341.527  0.00964201  0.000284033
342.42  0.00985775  0.000290424
343.314  0.0100754  0.000296871
344.207  0.0102949  0.000303376
345.1  0.0105164  0.000309939
345.993  0.0107397  0.000316559
346.887  0.0109649  0.000323237
347.78  0.011192  0.000329972
348.673  0.011421  0.000336764
349.566  0.0116519  0.000343615
350.46  0.0118847  0.000350522
351.353  0.0121194  0.000357488
352.246  0.012356  0.000364511
353.139  0.0125945  0.000371592
354.033  0.0128349  0.000378731
354.926  0.0130772  0.000385928
355.819  0.0133214  0.000393183
356.712  0.0135675  0.000400496
357.606  0.0138155  0.000407867
358.499  0.0140654  0.000415296
359.392  0.0143173  0.000422784
360.285  0.014571  0.000430331
361.178  0.0148267  0.000437936
362.072  0.0150843  0.0004456
362.965  0.0153439  0.000453323
363.858  0.0156053  0.000461105
364.751  0.0158687  0.000468946
365.645  0.0161341  0.000476847
366.538  0.0164014  0.000484807
367.431  0.0166706  0.000492827
368.324  0.0169418  0.000500907
369.218  0.017215  0.000509046
370.111  0.0174901  0.000517246
371.004  0.0177671  0.000525507
371.897  0.0180462  0.000533828
372.791  0.0183272  0.000542209
373.684  0.0186103  0.000550652
374.577  0.0188953  0.000559156
375.47  0.0191823  0.000567721
376.364  0.0194713  0.000576348
377.257  0.0197623  0.000585037
378.15  0.0200554  0.000593787
379.043  0.0203504  0.0006026
379.937  0.0206475  0.000611476
380.83  0.0209466  0.000620414
381.723  0.0212478  0.000629415
382.616  0.021551  0.000638479
383.51  0.0218563  0.000647607
384.403  0.0221637  0.000656799
385.296  0.0224731  0.000666054
386.189  0.0227846  0.000675374
387.083  0.0230982  0.000684759
387.976  0.0234139  0.000694208
388.869  0.0237317  0.000703723
389.762  0.0240516  0.000713303
390.656  0.0243737  0.000722948
391.549  0.0246979  0.00073266
392.442  0.0250242  0.000742438
393.335  0.0253527  0.000752282
394.229  0.0256833  0.000762194
395.122  0.0260161  0.000772172
396.015  0.0263511  0.000782219
396.908  0.0266883  0.000792333
397.802  0.0270277  0.000802515
398.695  0.0273692  0.000812766
399.588  0.0277131  0.000823086
400.481  0.0280591  0.000833476
401.374  0.0284074  0.000843935
402.268  0.0287579  0.000854463
403.161  0.0291107  0.000865063
404.054  0.0294658  0.000875733
404.947  0.0298232  0.000886474
405.841  0.0301828  0.000897286
406.734  0.0305448  0.000908171
407.627  0.0309091  0.000919128
408.52  0.0312758  0.000930157
409.414  0.0316447  0.000941259
410.307  0.0320161  0.000952435
411.2  0.0323898  0.000963685
412.093  0.0327659  0.000975009
412.987  0.0331444  0.000986408
413.88  0.0335253  0.000997882
414.773  0.0339086  0.00100943
415.666  0.0342943  0.00102106
416.56  0.0346825  0.00103276
417.453  0.0350732  0.00104454
418.346  0.0354663  0.0010564
419.239  0.035862  0.00106833
420.133  0.0362601  0.00108034
421.026  0.0366608  0.00109243
421.919  0.037064  0.00110461
422.812  0.0374697  0.00111686
423.706  0.0378781  0.00112919
424.599  0.0382889  0.0011416
425.492  0.0387024  0.00115409
426.385  0.0391185  0.00116667
427.279  0.0395373  0.00117932
428.172  0.0399586  0.00119206
429.065  0.0403827  0.00120489
429.958  0.0408094  0.0012178
430.852  0.0412387  0.00123079
431.745  0.0416709  0.00124386
432.638  0.0421057  0.00125703
433.531  0.0425432  0.00127028
434.425  0.0429836  0.00128361
435.318  0.0434267  0.00129703
436.211  0.0438726  0.00131054
437.104  0.0443213  0.00132414
437.997  0.0447729  0.00133783
438.891  0.0452273  0.00135161
439.784  0.0456845  0.00136548
440.677  0.0461447  0.00137944
441.57  0.0466077  0.00139349
442.464  0.0470737  0.00140763
443.357  0.0475427  0.00142187
444.25  0.0480146  0.00143619
445.143  0.0484894  0.00145062
446.037  0.0489673  0.00146514
446.93  0.0494483  0.00147975
447.823  0.0499322  0.00149446
448.716  0.0504193  0.00150926
449.61  0.0509094  0.00152417
450.503  0.0514026  0.00153917
451.396  0.051899  0.00155427
452.289  0.0523985  0.00156947
453.183  0.0529012  0.00158477
454.076  0.0534071  0.00160018
454.969  0.0539162  0.00161568
455.862  0.0544286  0.00163129
456.756  0.0549442  0.001647
457.649  0.0554631  0.00166281
458.542  0.0559854  0.00167873
459.435  0.056511  0.00169476
460.329  0.0570399  0.00171089
461.222  0.0575722  0.00172713
462.115  0.058108  0.00174348
463.008  0.0586472  0.00175993
463.902  0.0591898  0.0017765
464.795  0.059736  0.00179317
465.688  0.0602856  0.00180996
466.581  0.0608388  0.00182686
467.475  0.0613956  0.00184388
468.368  0.061956  0.00186101
469.261  0.06252  0.00187825
470.154  0.0630877  0.00189561
471.048  0.063659  0.00191308
471.941  0.064234  0.00193068
472.834  0.0648128  0.00194839
473.727  0.0653954  0.00196622
474.621  0.0659817  0.00198418
475.514  0.0665719  0.00200225
476.407  0.0671659  0.00202045
477.3  0.0677638  0.00203877
478.193  0.0683657  0.00205722
479.087  0.0689715  0.00207579
479.98  0.0695812  0.00209448
480.873  0.070195  0.00211331
481.766  0.0708128  0.00213226
482.66  0.0714347  0.00215135
483.553  0.0720607  0.00217056
484.446  0.0726909  0.00218991
485.339  0.0733252  0.00220939
486.233  0.0739638  0.00222901
487.126  0.0746066  0.00224876
488.019  0.0752537  0.00226864
488.912  0.0759051  0.00228867
489.806  0.0765608  0.00230883
490.699  0.077221  0.00232913
491.592  0.0778855  0.00234958
492.485  0.0785546  0.00237016
493.379  0.0792281  0.00239089
494.272  0.0799062  0.00241177
495.165  0.0805889  0.00243279
496.058  0.0812761  0.00245396
496.952  0.0819681  0.00247527
497.845  0.0826647  0.00249674
498.738  0.0833661  0.00251836
499.631  0.0840722  0.00254013
500.525  0.0847832  0.00256205
501.418  0.0854991  0.00258414
502.311  0.0862198  0.00260637
503.204  0.0869455  0.00262877
504.098  0.0876762  0.00265132
504.991  0.0884119  0.00267404
505.884  0.0891528  0.00269692
506.777  0.0898987  0.00271996
507.671  0.0906498  0.00274316
508.564  0.0914062  0.00276654
509.457  0.0921678  0.00279008
510.35  0.0929347  0.00281379
511.244  0.093707  0.00283768
512.137  0.0944847  0.00286173
513.03  0.0952678  0.00288596
513.923  0.0960565  0.00291037
514.817  0.0968507  0.00293496
515.71  0.0976506  0.00295972
516.603  0.0984561  0.00298467
517.496  0.0992673  0.0030098
518.389  0.100084  0.00303511
519.283  0.100907  0.00306061
520.176  0.101736  0.0030863
521.069  0.102571  0.00311217
521.962  0.103411  0.00313824
522.856  0.104258  0.0031645
523.749  0.105111  0.00319096
524.642  0.10597  0.00321762
525.535  0.106835  0.00324447
526.429  0.107706  0.00327152
527.322  0.108584  0.00329878
528.215  0.109469  0.00332624
529.108  0.110359  0.00335391
530.002  0.111256  0.00338179
530.895  0.11216  0.00340988
531.788  0.113071  0.00343818
532.681  0.113988  0.00346669
533.575  0.114912  0.00349543
534.468  0.115843  0.00352438
535.361  0.116781  0.00355355
536.254  0.117726  0.00358295
537.148  0.118678  0.00361257
538.041  0.119637  0.00364242
538.934  0.120603  0.0036725
539.827  0.121576  0.00370282
540.721  0.122557  0.00373336
541.614  0.123546  0.00376415
542.507  0.124542  0.00379517
543.4  0.125545  0.00382644
544.294  0.126556  0.00385795
545.187  0.127575  0.00388971
546.08  0.128602  0.00392171
546.973  0.129636  0.00395397
547.867  0.130679  0.00398648
548.76  0.13173  0.00401925
549.653  0.132788  0.00405228
550.546  0.133856  0.00408558
551.44  0.134931  0.00411913
552.333  0.136015  0.00415296
553.226  0.137107  0.00418705
554.119  0.138208  0.00422142
555.013  0.139318  0.00425606
555.906  0.140436  0.00429099
556.799  0.141564  0.00432619
557.692  0.1427  0.00436168
558.585  0.143845  0.00439746
559.479  0.145  0.00443353
560.372  0.146164  0.00446989
561.265  0.147337  0.00450655
562.158  0.14852  0.00454351
563.052  0.149712  0.00458077
563.945  0.150914  0.00461834
564.838  0.152126  0.00465622
565.731  0.153348  0.00469441
566.625  0.15458  0.00473292
567.518  0.155822  0.00477174
568.411  0.157074  0.00481089
569.304  0.158336  0.00485037
570.198  0.15961  0.00489018
571.091  0.160893  0.00493032
571.984  0.162188  0.00497079
572.877  0.163493  0.00501161
573.771  0.164809  0.00505277
574.664  0.166137  0.00509428
575.557  0.167475  0.00513615
576.45  0.168825  0.00517836
577.344  0.170187  0.00522094
578.237  0.17156  0.00526388
579.13  0.172945  0.00530719
580.023  0.174342  0.00535087
580.917  0.17575  0.00539493
581.81  0.177171  0.00543936
582.703  0.178605  0.00548418
583.596  0.180051  0.00552939
584.49  0.181509  0.00557499
585.383  0.182981  0.00562098
586.276  0.184465  0.00566738
587.169  0.185963  0.00571418
588.063  0.187473  0.00576139
588.956  0.188997  0.00580901
589.849  0.190535  0.00585706
590.742  0.192087  0.00590552
591.636  0.193652  0.00595442
592.529  0.195232  0.00600375
593.422  0.196826  0.00605351
594.315  0.198434  0.00610372
595.209  0.200057  0.00615438
596.102  0.201695  0.00620548
596.995  0.203347  0.00625705
597.888  0.205015  0.00630908
598.781  0.206699  0.00636157
599.675  0.208398  0.00641454
600.568  0.210113  0.00646798
601.461  0.211844  0.00652191
602.354  0.213591  0.00657633
603.248  0.215354  0.00663124
604.141  0.217134  0.00668664
605.034  0.218931  0.00674256
605.927  0.220745  0.00679898
606.821  0.222576  0.00685592
607.714  0.224425  0.00691339
608.607  0.226292  0.00697137
609.5  0.228176  0.0070299
610.394  0.230079  0.00708896
611.287  0.232  0.00714857
612.18  0.23394  0.00720872
613.073  0.235899  0.00726944
613.967  0.237877  0.00733071
614.86  0.239875  0.00739256
615.753  0.241893  0.00745498
616.646  0.24393  0.00751799
617.54  0.245988  0.00758158
618.433  0.248066  0.00764576
619.326  0.250165  0.00771055
620.219  0.252285  0.00777594
621.113  0.254427  0.00784194
622.006  0.256591  0.00790857
622.899  0.258776  0.00797582
623.792  0.260984  0.0080437
624.686  0.263214  0.00811223
625.579  0.265468  0.0081814
626.472  0.267744  0.00825122
627.365  0.270045  0.0083217
628.259  0.272369  0.00839285
629.152  0.274718  0.00846467
630.045  0.277091  0.00853718
630.938  0.279489  0.00861036
631.832  0.281913  0.00868425
632.725  0.284362  0.00875883
633.618  0.286838  0.00883412
634.511  0.28934  0.00891012
635.405  0.291869  0.00898685
636.298  0.294425  0.0090643
637.191  0.297009  0.00914249
638.084  0.29962  0.00922142
638.977  0.302261  0.00930109
639.871  0.30493  0.00938152
640.764  0.307628  0.00946272
641.657  0.310357  0.00954468
642.55  0.313115  0.00962742
643.444  0.315904  0.00971093
644.337  0.318724  0.00979524
645.23  0.321576  0.00988034
646.123  0.32446  0.00996625
647.017  0.327377  0.010053
647.91  0.330326  0.0101405
648.803  0.333309  0.0102288
649.696  0.336326  0.010318
650.59  0.339378  0.010408
651.483  0.342464  0.0104988
652.376  0.345587  0.0105905
653.269  0.348745  0.010683
654.163  0.351941  0.0107764
655.056  0.355173  0.0108706
655.949  0.358444  0.0109657
656.842  0.361753  0.0110617
657.736  0.365101  0.0111585
658.629  0.368488  0.0112563
659.522  0.371916  0.0113548
660.415  0.375385  0.0114543
661.309  0.378895  0.0115547
662.202  0.382448  0.0116559
663.095  0.386043  0.011758
663.988  0.389682  0.0118611
664.882  0.393366  0.011965
665.775  0.397094  0.0120698
666.668  0.400868  0.0121755
667.561  0.404688  0.0122821
668.455  0.408555  0.0123896
669.348  0.41247  0.0124979
670.241  0.416434  0.0126072
671.134  0.420447  0.0127174
672.028  0.42451  0.0128284
672.921  0.428624  0.0129403
673.814  0.43279  0.0130531
674.707  0.437009  0.0131667
675.601  0.441281  0.0132813
676.494  0.445607  0.0133966
677.387  0.449988  0.0135128
678.28  0.454425  0.0136299
679.173  0.458919  0.0137477
680.067  0.463471  0.0138664
680.96  0.468081  0.0139859
681.853  0.472752  0.0141062
682.746  0.477482  0.0142272
683.64  0.482274  0.014349
684.533  0.487129  0.0144715
685.426  0.492047  0.0145947
686.319  0.49703  0.0147186
687.213  0.502078  0.0148432
688.106  0.507193  0.0149684
688.999  0.512375  0.0150942
689.892  0.517625  0.0152206
690.786  0.522945  0.0153476
691.679  0.528336  0.0154751
692.572  0.533799  0.015603
693.465  0.539335  0.0157314
694.359  0.544944  0.0158602
695.252  0.550629  0.0159894
696.145  0.55639  0.0161189
697.038  0.562228  0.0162486
697.932  0.568144  0.0163785
698.825  0.574141  0.0165086
699.718  0.580218  0.0166388
700.611  0.586377  0.016769
701.505  0.592619  0.0168992
702.398  0.598946  0.0170293
703.291  0.605358  0.0171593
704.184  0.611856  0.017289
705.078  0.618443  0.0174183
705.971  0.625119  0.0175473
706.864  0.631885  0.0176758
707.757  0.638742  0.0178036
708.651  0.645692  0.0179308
709.544  0.652736  0.0180572
710.437  0.659875  0.0181828
711.33  0.66711  0.0183073
712.224  0.674443  0.0184307
713.117  0.681874  0.0185528
714.01  0.689405  0.0186737
714.903  0.697036  0.018793
715.796  0.704769  0.0189107
716.69  0.712606  0.0190266
717.583  0.720546  0.0191406
718.476  0.728591  0.0192526
719.369  0.736743  0.0193623
720.263  0.745002  0.0194697
721.156  0.753368  0.0195745
722.049  0.761844  0.0196766
722.942  0.770429  0.0197758
723.836  0.779125  0.0198719
724.729  0.787933  0.0199647
725.622  0.796853  0.0200541
726.515  0.805885  0.0201399
727.409  0.815031  0.0202217
728.302  0.824292  0.0202995
729.195  0.833666  0.020373
730.088  0.843156  0.020442
730.982  0.852761  0.0205063
731.875  0.862482  0.0205657
732.768  0.872319  0.0206199
733.661  0.882272  0.0206687
734.555  0.89234  0.0207119
735.448  0.902525  0.0207492
736.341  0.912825  0.0207804
737.234  0.923241  0.0208053
738.128  0.933773  0.0208237
739.021  0.944419  0.0208353
739.914  0.955179  0.0208398
740.807  0.966052  0.0208371
741.701  0.977038  0.020827
742.594  0.988135  0.0208091
743.487  0.999343  0.0207833
744.38  1.01066  0.0207495
745.274  1.02209  0.0207073
746.167  1.03362  0.0206566
747.06  1.04525  0.0205972
747.953  1.05699  0.0205289
748.847  1.06883  0.0204516
749.74  1.08077  0.0203651
750.633  1.09281  0.0202692
751.526  1.10494  0.0201639
752.42  1.11716  0.020049
753.313  1.12947  0.0199245
754.206  1.14187  0.0197902
755.099  1.15435  0.0196461
755.992  1.16691  0.0194921
756.886  1.17955  0.0193283
757.779  1.19226  0.0191546
758.672  1.20504  0.018971
759.565  1.21789  0.0187776
760.459  1.2308  0.0185744
761.352  1.24377  0.0183616
762.245  1.25679  0.0181392
763.138  1.26987  0.0179074
764.032  1.28299  0.0176663
764.925  1.29615  0.017416
765.818  1.30935  0.0171569
766.711  1.32258  0.016889
767.605  1.33584  0.0166127
768.498  1.34913  0.0163282
769.391  1.36243  0.0160358
770.284  1.37575  0.0157358
771.178  1.38908  0.0154285
772.071  1.40242  0.0151142
772.964  1.41575  0.0147934
773.857  1.42908  0.0144664
774.751  1.4424  0.0141336
775.644  1.45571  0.0137954
776.537  1.469  0.0134522
777.43  1.48226  0.0131045
778.324  1.4955  0.0127527
779.217  1.5087  0.0123973
780.11  1.52187  0.0120387
781.003  1.53499  0.0116774
781.897  1.54807  0.0113139
782.79  1.5611  0.0109487
783.683  1.57408  0.0105823
784.576  1.587  0.0102152
785.47  1.59985  0.00984796
786.363  1.61264  0.00948102
787.256  1.62536  0.00911495
788.149  1.63801  0.00875029
789.043  1.65058  0.0083876
789.936  1.66307  0.00802746
790.829  1.67547  0.00767046
791.722  1.68779  0.00731721
792.616  1.70003  0.00696837
793.509  1.71217  0.00662462
794.402  1.72421  0.00628671
795.295  1.73617  0.00595544
796.188  1.74802  0.0056317
797.082  1.75977  0.00531646
797.975  1.77142  0.00501083
798.868  1.78296  0.00471607
799.761  1.7944  0.0044336
800.655  1.80573  0.00416506
801.548  1.81695  0.00391233
802.441  1.82806  0.00367756
803.334  1.83906  0.00346314
804.228  1.84995  0.00327171
805.121  1.86072  0.003106
806.014  1.87138  0.00296873
806.907  1.88192  0.00286229
807.801  1.89235  0.00278844
808.694  1.90267  0.002748
809.587  1.91287  0.00274065
810.48  1.92295  0.00276486
811.374  1.93292  0.00281807
812.267  1.94277  0.002897
813.16  1.95251  0.00299803
814.053  1.96213  0.00311749
814.947  1.97163  0.00325195
815.84  1.98102  0.00339829
816.733  1.9903  0.00355381
817.626  1.99946  0.00371622
818.52  2.0085  0.00388359
819.413  2.01744  0.00405433
820.306  2.02626  0.00422712
821.199  2.03497  0.00440089
822.093  2.04357  0.00457474
822.986  2.05206  0.00474797
823.879  2.06044  0.00491998
824.772  2.06872  0.00509029
825.666  2.07688  0.00525851
826.559  2.08495  0.00542433
827.452  2.0929  0.00558749
828.345  2.10075  0.0057478
829.239  2.1085  0.00590508
830.132  2.11615  0.00605921
831.025  2.12369  0.00621011
831.918  2.13114  0.00635769
832.812  2.13849  0.00650191
833.705  2.14574  0.00664274
834.598  2.15289  0.00678015
835.491  2.15995  0.00691416
836.384  2.16691  0.00704475
837.278  2.17378  0.00717195
838.171  2.18057  0.00729579
839.064  2.18726  0.00741628
839.957  2.19386  0.00753348
840.851  2.20037  0.00764742
841.744  2.2068  0.00775814
842.637  2.21314  0.0078657
843.53  2.21939  0.00797014
844.424  2.22557  0.00807152
845.317  2.23166  0.0081699
846.21  2.23767  0.00826532
847.103  2.2436  0.00835785
847.997  2.24945  0.00844754
848.89  2.25523  0.00853446
849.783  2.26093  0.00861867
850.676  2.26655  0.00870021
851.57  2.2721  0.00877916
852.463  2.27758  0.00885558
853.356  2.28298  0.00892951
854.249  2.28832  0.00900102
855.143  2.29358  0.00907017
856.036  2.29878  0.00913701
856.929  2.30391  0.00920161
857.822  2.30897  0.00926401
858.716  2.31397  0.00932427
859.609  2.3189  0.00938246
860.502  2.32377  0.00943861
861.395  2.32857  0.00949278
862.289  2.33332  0.00954503
863.182  2.338  0.00959541
864.075  2.34263  0.00964395
864.968  2.34719  0.00969073
865.862  2.3517  0.00973577
866.755  2.35615  0.00977913
867.648  2.36055  0.00982085
868.541  2.36489  0.00986099
869.435  2.36918  0.00989957
870.328  2.37341  0.00993665
871.221  2.37759  0.00997226
872.114  2.38172  0.0100065
873.008  2.38579  0.0100393
873.901  2.38982  0.0100707
874.794  2.3938  0.0101009
875.687  2.39773  0.0101298
876.58  2.40161  0.0101574
877.474  2.40544  0.0101839
878.367  2.40923  0.0102091
879.26  2.41297  0.0102333
880.153  2.41667  0.0102563
881.047  2.42033  0.0102783
881.94  2.42394  0.0102993
882.833  2.4275  0.0103192
883.726  2.43103  0.0103382
884.62  2.43451  0.0103562
885.513  2.43795  0.0103733
886.406  2.44136  0.0103895
887.299  2.44472  0.0104048
888.193  2.44804  0.0104193
889.086  2.45133  0.010433
889.979  2.45457  0.0104458
890.872  2.45778  0.0104579
891.766  2.46096  0.0104693
892.659  2.46409  0.0104799
893.552  2.4672  0.0104898
894.445  2.47026  0.010499
895.339  2.47329  0.0105076
896.232  2.47629  0.0105155
897.125  2.47926  0.0105228
898.018  2.48219  0.0105295
898.912  2.48509  0.0105356
899.805  2.48795  0.0105412
900.698  2.49079  0.0105462
901.591  2.49359  0.0105506
902.485  2.49637  0.0105545
903.378  2.49911  0.010558
904.271  2.50182  0.0105609
905.164  2.50451  0.0105633
906.058  2.50716  0.0105653
906.951  2.50979  0.0105669
907.844  2.51239  0.010568
908.737  2.51496  0.0105687
909.631  2.51751  0.010569
910.524  2.52003  0.0105689
911.417  2.52252  0.0105685
912.31  2.52498  0.0105676
913.204  2.52742  0.0105664
914.097  2.52984  0.0105649
914.99  2.53222  0.010563
915.883  2.53459  0.0105608
916.776  2.53693  0.0105582
917.67  2.53925  0.0105554
918.563  2.54154  0.0105523
919.456  2.54381  0.0105489
920.349  2.54606  0.0105452
921.243  2.54828  0.0105412
922.136  2.55048  0.010537
923.029  2.55266  0.0105325
923.922  2.55482  0.0105278
924.816  2.55696  0.0105229
925.709  2.55907  0.0105177
926.602  2.56117  0.0105123
927.495  2.56324  0.0105067
928.389  2.5653  0.0105009
929.282  2.56733  0.0104949
930.175  2.56935  0.0104887
931.068  2.57134  0.0104824
931.962  2.57332  0.0104758
932.855  2.57528  0.0104691
933.748  2.57722  0.0104622
934.641  2.57914  0.0104551
935.535  2.58104  0.0104479
936.428  2.58292  0.0104405
937.321  2.58479  0.010433
938.214  2.58664  0.0104254
939.108  2.58847  0.0104176
940.001  2.59029  0.0104097
940.894  2.59208  0.0104016
941.787  2.59387  0.0103935
942.681  2.59563  0.0103852
943.574  2.59738  0.0103768
944.467  2.59911  0.0103683
945.36  2.60083  0.0103597
946.254  2.60253  0.010351
947.147  2.60422  0.0103422
948.04  2.60589  0.0103333
948.933  2.60755  0.0103244
949.827  2.60919  0.0103153
950.72  2.61082  0.0103062
951.613  2.61243  0.0102969
952.506  2.61403  0.0102877
953.399  2.61561  0.0102783
954.293  2.61718  0.0102689
955.186  2.61874  0.0102594
956.079  2.62029  0.0102498
956.972  2.62182  0.0102402
957.866  2.62333  0.0102305
958.759  2.62484  0.0102208
959.652  2.62633  0.010211
960.545  2.62781  0.0102012
961.439  2.62927  0.0101913
962.332  2.63073  0.0101814
963.225  2.63217  0.0101714
964.118  2.6336  0.0101614
965.012  2.63501  0.0101514
965.905  2.63642  0.0101413
966.798  2.63781  0.0101312
967.691  2.6392  0.010121
968.585  2.64057  0.0101109
969.478  2.64193  0.0101007
970.371  2.64328  0.0100904
971.264  2.64461  0.0100802
972.158  2.64594  0.0100699
973.051  2.64726  0.0100596
973.944  2.64856  0.0100493
974.837  2.64986  0.010039
975.731  2.65114  0.0100287
976.624  2.65241  0.0100183
977.517  2.65368  0.0100079
978.41  2.65493  0.00999753
979.304  2.65617  0.00998714
980.197  2.65741  0.00997674
981.09  2.65863  0.00996632
981.983  2.65985  0.00995591
982.877  2.66105  0.00994548
983.77  2.66225  0.00993505
984.663  2.66344  0.00992462
985.556  2.66461  0.00991419
986.45  2.66578  0.00990376
987.343  2.66694  0.00989332
988.236  2.66809  0.00988289
989.129  2.66923  0.00987246
990.023  2.67037  0.00986203
990.916  2.67149  0.00985161
991.809  2.67261  0.00984119
992.702  2.67371  0.00983078
993.595  2.67481  0.00982037
994.489  2.6759  0.00980997
995.382  2.67699  0.00979958
996.275  2.67806  0.0097892
997.168  2.67913  0.00977883
998.062  2.68019  0.00976847
998.955  2.68124  0.00975812
999.848  2.68228  0.00974778
1000.74  2.68332  0.00973745
1001.63  2.68435  0.00972714
1002.53  2.68537  0.00971684
1003.42  2.68638  0.00970655
1004.31  2.68739  0.00969628
1005.21  2.68839  0.00968603
1006.1  2.68938  0.00967579
1006.99  2.69036  0.00966557
1007.89  2.69134  0.00965536
1008.78  2.69231  0.00964517
1009.67  2.69327  0.009635
1010.57  2.69423  0.00962485
1011.46  2.69518  0.00961471
1012.35  2.69613  0.0096046
1013.25  2.69706  0.0095945
1014.14  2.69799  0.00958443
1015.03  2.69892  0.00957437
1015.93  2.69983  0.00956434
1016.82  2.70075  0.00955432
1017.71  2.70165  0.00954433
1018.61  2.70255  0.00953436
1019.5  2.70344  0.00952441
1020.39  2.70433  0.00951449
1021.29  2.70521  0.00950458
1022.18  2.70608  0.0094947
1023.07  2.70695  0.00948485
1023.97  2.70781  0.00947501
1024.86  2.70867  0.0094652
1025.75  2.70952  0.00945542
1026.65  2.71037  0.00944565
1027.54  2.71121  0.00943592
1028.43  2.71204  0.0094262
1029.33  2.71287  0.00941651
1030.22  2.71369  0.00940685
1031.11  2.71451  0.00939721
1032.01  2.71532  0.0093876
1032.9  2.71613  0.00937801
1033.79  2.71693  0.00936845
1034.68  2.71773  0.00935891
1035.58  2.71852  0.0093494
1036.47  2.71931  0.00933992
1037.36  2.72009  0.00933046
1038.26  2.72086  0.00932103
1039.15  2.72163  0.00931163
1040.04  2.7224  0.00930225
1040.94  2.72316  0.0092929
1041.83  2.72392  0.00928357
1042.72  2.72467  0.00927427
1043.62  2.72542  0.009265
1044.51  2.72616  0.00925576
1045.4  2.7269  0.00924654
1046.3  2.72763  0.00923735
1047.19  2.72836  0.00922819
1048.08  2.72908  0.00921906
1048.98  2.7298  0.00920995
1049.87  2.73051  0.00920087
1050.76  2.73123  0.00919182
1051.66  2.73193  0.0091828
1052.55  2.73263  0.0091738
1053.44  2.73333  0.00916483
1054.34  2.73402  0.00915589
1055.23  2.73471  0.00914697
1056.12  2.7354  0.00913809
1057.02  2.73608  0.00912923
1057.91  2.73675  0.0091204
1058.8  2.73743  0.0091116
1059.7  2.73809  0.00910282
1060.59  2.73876  0.00909408
1061.48  2.73942  0.00908536
1062.38  2.74007  0.00907667
1063.27  2.74073  0.009068
1064.16  2.74137  0.00905937
1065.06  2.74202  0.00905076
1065.95  2.74266  0.00904218
1066.84  2.7433  0.00903363
1067.73  2.74393  0.0090251
1068.63  2.74456  0.00901661
1069.52  2.74519  0.00900814
1070.41  2.74581  0.0089997
1071.31  2.74643  0.00899128
1072.2  2.74704  0.0089829
1073.09  2.74765  0.00897454
1073.99  2.74826  0.00896621
1074.88  2.74886  0.00895791
1075.77  2.74947  0.00894963
1076.67  2.75006  0.00894138
1077.56  2.75066  0.00893316
1078.45  2.75125  0.00892497
1079.35  2.75183  0.0089168
1080.24  2.75242  0.00890867
1081.13  2.753  0.00890056
1082.03  2.75358  0.00889247
1082.92  2.75415  0.00888442
1083.81  2.75472  0.00887639
1084.71  2.75529  0.00886838
1085.6  2.75585  0.00886041
1086.49  2.75641  0.00885246
1087.39  2.75697  0.00884454
1088.28  2.75753  0.00883664
1089.17  2.75808  0.00882878
1090.07  2.75863  0.00882094
1090.96  2.75918  0.00881312
1091.85  2.75972  0.00880533
1092.75  2.76026  0.00879757
1093.64  2.7608  0.00878984
1094.53  2.76133  0.00878213
1095.43  2.76186  0.00877445
1096.32  2.76239  0.00876679
1097.21  2.76291  0.00875916
1098.11  2.76344  0.00875156
1099  2.76396  0.00874398
1099.89  2.76447  0.00873643
1100.78  2.76499  0.00872891
1101.68  2.7655  0.00872141
1102.57  2.76601  0.00871393
1103.46  2.76651  0.00870649
1104.36  2.76702  0.00869906
1105.25  2.76752  0.00869167
1106.14  2.76802  0.0086843
1107.04  2.76851  0.00867695
1107.93  2.769  0.00866963
1108.82  2.76949  0.00866234
1109.72  2.76998  0.00865507
1110.61  2.77047  0.00864782
1111.5  2.77095  0.0086406
1112.4  2.77143  0.00863341
1113.29  2.77191  0.00862624
1114.18  2.77238  0.00861909
1115.08  2.77286  0.00861197
1115.97  2.77333  0.00860487
1116.86  2.77379  0.0085978
1117.76  2.77426  0.00859076
1118.65  2.77472  0.00858373
1119.54  2.77518  0.00857674
1120.44  2.77564  0.00856976
1121.33  2.7761  0.00856281
1122.22  2.77655  0.00855589
1123.12  2.777  0.00854898
1124.01  2.77745  0.00854211
1124.9  2.7779  0.00853525
1125.8  2.77834  0.00852842
1126.69  2.77878  0.00852161
1127.58  2.77922  0.00851483
1128.48  2.77966  0.00850807
1129.37  2.7801  0.00850134
1130.26  2.78053  0.00849462
1131.16  2.78096  0.00848793
1132.05  2.78139  0.00848127
1132.94  2.78182  0.00847462
1133.83  2.78224  0.008468
1134.73  2.78267  0.0084614
1135.62  2.78309  0.00845483
1136.51  2.78351  0.00844828
1137.41  2.78392  0.00844175
1138.3  2.78434  0.00843524
1139.19  2.78475  0.00842875
1140.09  2.78516  0.00842229
1140.98  2.78557  0.00841585
1141.87  2.78598  0.00840943
1142.77  2.78638  0.00840304
1143.66  2.78679  0.00839666
1144.55  2.78719  0.00839031
1145.45  2.78759  0.00838398
1146.34  2.78798  0.00837767
1147.23  2.78838  0.00837139
1148.13  2.78877  0.00836512
1149.02  2.78916  0.00835888
1149.91  2.78955  0.00835266
1150.81  2.78994  0.00834646
1151.7  2.79033  0.00834028
1152.59  2.79071  0.00833412
1153.49  2.79109  0.00832798
1154.38  2.79147  0.00832187
1155.27  2.79185  0.00831577
1156.17  2.79223  0.0083097
1157.06  2.7926  0.00830364
1157.95  2.79298  0.00829761
1158.85  2.79335  0.0082916
1159.74  2.79372  0.00828561
1160.63  2.79409  0.00827964
1161.53  2.79445  0.00827369
1162.42  2.79482  0.00826776
1163.31  2.79518  0.00826184
1164.21  2.79554  0.00825595
1165.1  2.7959  0.00825008
1165.99  2.79626  0.00824423
1166.88  2.79662  0.0082384
1167.78  2.79697  0.00823259
1168.67  2.79733  0.0082268
1169.56  2.79768  0.00822103
1170.46  2.79803  0.00821528
1171.35  2.79838  0.00820955
1172.24  2.79872  0.00820384
1173.14  2.79907  0.00819814
1174.03  2.79941  0.00819247
1174.92  2.79976  0.00818682
1175.82  2.8001  0.00818118
1176.71  2.80044  0.00817556
1177.6  2.80077  0.00816997
1178.5  2.80111  0.00816439
1179.39  2.80145  0.00815883
1180.28  2.80178  0.00815329
1181.18  2.80211  0.00814776
1182.07  2.80244  0.00814226
1182.96  2.80277  0.00813677
1183.86  2.8031  0.00813131
1184.75  2.80342  0.00812586
1185.64  2.80375  0.00812043
1186.54  2.80407  0.00811501
1187.43  2.80439  0.00810962
1188.32  2.80471  0.00810424
1189.22  2.80503  0.00809888
1190.11  2.80535  0.00809354
1191  2.80567  0.00808822
1191.9  2.80598  0.00808292
1192.79  2.8063  0.00807763
1193.68  2.80661  0.00807236
1194.58  2.80692  0.00806711
1195.47  2.80723  0.00806187
1196.36  2.80754  0.00805665
1197.26  2.80784  0.00805145
1198.15  2.80815  0.00804627
1199.04  2.80845  0.00804111
1199.93  2.80876  0.00803596
1200.83  2.80906  0.00803083
1201.72  2.80936  0.00802571
1202.61  2.80966  0.00802061
1203.51  2.80996  0.00801553
1204.4  2.81025  0.00801047
1205.29  2.81055  0.00800542
1206.19  2.81084  0.00800039
1207.08  2.81114  0.00799537
1207.97  2.81143  0.00799038
1208.87  2.81172  0.00798539
1209.76  2.81201  0.00798043
1210.65  2.8123  0.00797548
1211.55  2.81258  0.00797055
1212.44  2.81287  0.00796563
1213.33  2.81315  0.00796073
1214.23  2.81344  0.00795584
1215.12  2.81372  0.00795098
1216.01  2.814  0.00794612
1216.91  2.81428  0.00794129
1217.8  2.81456  0.00793646
1218.69  2.81484  0.00793166
1219.59  2.81511  0.00792687
1220.48  2.81539  0.00792209
1221.37  2.81566  0.00791733
1222.27  2.81594  0.00791259
1223.16  2.81621  0.00790786
1224.05  2.81648  0.00790315
1224.95  2.81675  0.00789845
1225.84  2.81702  0.00789377
1226.73  2.81729  0.0078891
1227.63  2.81755  0.00788445
1228.52  2.81782  0.00787981
1229.41  2.81808  0.00787518
1230.31  2.81835  0.00787058
1231.2  2.81861  0.00786598
1232.09  2.81887  0.0078614
1232.98  2.81913  0.00785684
1233.88  2.81939  0.00785229
1234.77  2.81965  0.00784775
1235.66  2.81991  0.00784323
1236.56  2.82016  0.00783873
1237.45  2.82042  0.00783424
1238.34  2.82067  0.00782976
1239.24  2.82093  0.00782529
1240.13  2.82118  0.00782085
1241.02  2.82143  0.00781641
1241.92  2.82168  0.00781199
1242.81  2.82193  0.00780758
1243.7  2.82218  0.00780319
1244.6  2.82242  0.00779881
1245.49  2.82267  0.00779444
1246.38  2.82292  0.00779009
1247.28  2.82316  0.00778575
1248.17  2.8234  0.00778143
1249.06  2.82365  0.00777712
1249.96  2.82389  0.00777282
1250.85  2.82413  0.00776854
1251.74  2.82437  0.00776427
1252.64  2.82461  0.00776001
1253.53  2.82485  0.00775577
1254.42  2.82508  0.00775154
1255.32  2.82532  0.00774732
1256.21  2.82556  0.00774312
1257.1  2.82579  0.00773892
1258  2.82602  0.00773475
1258.89  2.82626  0.00773058
1259.78  2.82649  0.00772643
1260.68  2.82672  0.00772229
1261.57  2.82695  0.00771816
1262.46  2.82718  0.00771405
1263.36  2.82741  0.00770995
1264.25  2.82763  0.00770586
1265.14  2.82786  0.00770179
1266.04  2.82809  0.00769772
1266.93  2.82831  0.00769367
1267.82  2.82854  0.00768964
1268.71  2.82876  0.00768561
1269.61  2.82898  0.0076816
1270.5  2.8292  0.0076776
1271.39  2.82942  0.00767361
1272.29  2.82964  0.00766963
1273.18  2.82986  0.00766567
1274.07  2.83008  0.00766171
1274.97  2.8303  0.00765777
1275.86  2.83052  0.00765385
1276.75  2.83073  0.00764993
1277.65  2.83095  0.00764603
1278.54  2.83116  0.00764213
1279.43  2.83138  0.00763825
1280.33  2.83159  0.00763438
1281.22  2.8318  0.00763053
1282.11  2.83201  0.00762668
1283.01  2.83222  0.00762285
1283.9  2.83243  0.00761903
1284.79  2.83264  0.00761522
1285.69  2.83285  0.00761142
1286.58  2.83306  0.00760763
1287.47  2.83327  0.00760385
1288.37  2.83347  0.00760009
1289.26  2.83368  0.00759633
1290.15  2.83388  0.00759259
1291.05  2.83409  0.00758886
1291.94  2.83429  0.00758514
1292.83  2.83449  0.00758143
1293.73  2.83469  0.00757773
1294.62  2.83489  0.00757405
1295.51  2.83509  0.00757037
1296.41  2.83529  0.00756671
1297.3  2.83549  0.00756305
1298.19  2.83569  0.00755941
1299.09  2.83589  0.00755578
1299.98  2.83609  0.00755216
1300.87  2.83628  0.00754855
1301.76  2.83648  0.00754495
1302.66  2.83667  0.00754136
1303.55  2.83687  0.00753778
1304.44  2.83706  0.00753421
1305.34  2.83725  0.00753065
1306.23  2.83744  0.00752711
1307.12  2.83764  0.00752357
1308.02  2.83783  0.00752004
1308.91  2.83802  0.00751653
1309.8  2.83821  0.00751302
1310.7  2.83839  0.00750953
1311.59  2.83858  0.00750604
1312.48  2.83877  0.00750257
1313.38  2.83896  0.0074991
1314.27  2.83914  0.00749565
1315.16  2.83933  0.0074922
1316.06  2.83951  0.00748877
1316.95  2.8397  0.00748534
1317.84  2.83988  0.00748193
1318.74  2.84007  0.00747852
1319.63  2.84025  0.00747513
1320.52  2.84043  0.00747174
1321.42  2.84061  0.00746837
1322.31  2.84079  0.007465
1323.2  2.84097  0.00746165
1324.1  2.84115  0.0074583
1324.99  2.84133  0.00745497
1325.88  2.84151  0.00745164
1326.78  2.84169  0.00744832
1327.67  2.84186  0.00744501
1328.56  2.84204  0.00744172
1329.46  2.84221  0.00743843
1330.35  2.84239  0.00743515
1331.24  2.84256  0.00743188
1332.14  2.84274  0.00742862
1333.03  2.84291  0.00742537
1333.92  2.84308  0.00742212
1334.81  2.84326  0.00741889
1335.71  2.84343  0.00741567
1336.6  2.8436  0.00741245
1337.49  2.84377  0.00740925
1338.39  2.84394  0.00740605
1339.28  2.84411  0.00740287
1340.17  2.84428  0.00739969
1341.07  2.84445  0.00739652
1341.96  2.84462  0.00739336
1342.85  2.84478  0.00739021
1343.75  2.84495  0.00738706
1344.64  2.84512  0.00738393
1345.53  2.84528  0.00738081
1346.43  2.84545  0.00737769
1347.32  2.84561  0.00737458
1348.21  2.84577  0.00737149
1349.11  2.84594  0.0073684
1350  2.8461  0.00736532
