279  -1.08536e-06  7.52687e-09
279.893  1.35485e-05  9.37628e-08
280.786  4.3796e-05  3.02459e-07
281.68  8.39253e-05  5.78376e-07
282.573  0.000131928  9.07261e-07
283.466  0.000186687  1.2811e-06
284.359  0.000247467  1.69455e-06
285.253  0.000313733  2.14366e-06
286.146  0.000385076  2.62539e-06
287.039  0.000461168  3.13728e-06
287.932  0.000541742  3.67727e-06
288.826  0.000626574  4.24363e-06
289.719  0.00071547  4.83485e-06
290.612  0.000808265  5.44959e-06
291.505  0.000904812  6.08668e-06
292.399  0.00100498  6.74507e-06
293.292  0.00110867  7.42379e-06
294.185  0.00121576  8.12197e-06
295.078  0.00132616  8.83881e-06
295.972  0.00143979  9.57357e-06
296.865  0.00155657  1.03256e-05
297.758  0.00167644  1.10941e-05
298.651  0.00179932  1.18787e-05
299.545  0.00192516  1.26787e-05
300.438  0.0020539  1.34935e-05
301.331  0.00218549  1.43228e-05
302.224  0.00231988  1.51659e-05
303.118  0.00245703  1.60225e-05
304.011  0.0025969  1.68921e-05
304.904  0.00273945  1.77744e-05
305.797  0.00288464  1.86688e-05
306.691  0.00303243  1.9575e-05
307.584  0.0031828  2.04927e-05
308.477  0.00333572  2.14214e-05
309.37  0.00349116  2.2361e-05
310.264  0.00364909  2.33109e-05
311.157  0.00380949  2.4271e-05
312.05  0.00397233  2.52408e-05
312.943  0.00413759  2.62201e-05
313.837  0.00430525  2.72087e-05
314.73  0.00447529  2.82061e-05
315.623  0.0046477  2.92122e-05
316.516  0.00482245  3.02266e-05
317.41  0.00499953  3.12492e-05
318.303  0.00517892  3.22796e-05
319.196  0.00536062  3.33175e-05
320.089  0.00554459  3.43628e-05
320.982  0.00573084  3.54153e-05
321.876  0.00591935  3.64745e-05
322.769  0.0061101  3.75405e-05
323.662  0.0063031  3.86128e-05
324.555  0.00649832  3.96912e-05
325.449  0.00669576  4.07757e-05
326.342  0.00689541  4.18659e-05
327.235  0.00709725  4.29615e-05
328.128  0.0073013  4.40625e-05
329.022  0.00750752  4.51686e-05
329.915  0.00771593  4.62796e-05
330.808  0.00792651  4.73953e-05
331.701  0.00813925  4.85155e-05
332.595  0.00835416  4.964e-05
333.488  0.00857123  5.07686e-05
334.381  0.00879045  5.19011e-05
335.274  0.00901181  5.30372e-05
336.168  0.00923533  5.4177e-05
337.061  0.00946098  5.532e-05
337.954  0.00968878  5.64662e-05
338.847  0.00991871  5.76154e-05
339.741  0.0101508  5.87674e-05
340.634  0.010385  5.99219e-05
341.527  0.0106213  6.10789e-05
342.42  0.0108598  6.22382e-05
343.314  0.0111004  6.33995e-05
344.207  0.0113431  6.45627e-05
345.1  0.0115879  6.57277e-05
345.993  0.0118349  6.68942e-05
346.887  0.012084  6.80621e-05
347.78  0.0123353  6.92312e-05
348.673  0.0125886  7.04014e-05
349.566  0.0128442  7.15725e-05
350.46  0.0131018  7.27442e-05
351.353  0.0133616  7.39166e-05
352.246  0.0136235  7.50893e-05
353.139  0.0138876  7.62623e-05
354.033  0.0141538  7.74353e-05
354.926  0.0144221  7.86083e-05
355.819  0.0146926  7.9781e-05
356.712  0.0149653  8.09534e-05
357.606  0.0152401  8.21252e-05
358.499  0.0155171  8.32963e-05
359.392  0.0157962  8.44665e-05
360.285  0.0160776  8.56357e-05
361.178  0.0163611  8.68038e-05
362.072  0.0166467  8.79706e-05
362.965  0.0169346  8.9136e-05
363.858  0.0172246  9.02997e-05
364.751  0.0175169  9.14618e-05
365.645  0.0178113  9.2622e-05
366.538  0.0181079  9.37801e-05
367.431  0.0184068  9.49362e-05
368.324  0.0187079  9.609e-05
369.218  0.0190112  9.72413e-05
370.111  0.0193167  9.83901e-05
371.004  0.0196245  9.95363e-05
371.897  0.0199345  0.00010068
372.791  0.0202468  0.00010182
373.684  0.0205613  0.000102958
374.577  0.0208781  0.000104092
375.47  0.0211972  0.000105223
376.364  0.0215185  0.000106351
377.257  0.0218422  0.000107475
378.15  0.0221681  0.000108595
379.043  0.0224964  0.000109712
379.937  0.022827  0.000110825
380.83  0.0231599  0.000111935
381.723  0.0234951  0.00011304
382.616  0.0238327  0.000114141
383.51  0.0241726  0.000115238
384.403  0.0245149  0.000116331
385.296  0.0248596  0.00011742
386.189  0.0252067  0.000118504
387.083  0.0255562  0.000119584
387.976  0.025908  0.000120659
388.869  0.0262623  0.00012173
389.762  0.026619  0.000122796
390.656  0.0269782  0.000123858
391.549  0.0273398  0.000124915
392.442  0.0277039  0.000125967
393.335  0.0280704  0.000127015
394.229  0.0284395  0.000128058
395.122  0.028811  0.000129097
396.015  0.029185  0.00013013
396.908  0.0295616  0.000131159
397.802  0.0299407  0.000132184
398.695  0.0303224  0.000133204
399.588  0.0307066  0.000134219
400.481  0.0310934  0.00013523
401.374  0.0314827  0.000136236
402.268  0.0318747  0.000137238
403.161  0.0322693  0.000138236
404.054  0.0326666  0.00013923
404.947  0.0330664  0.00014022
405.841  0.033469  0.000141206
406.734  0.0338742  0.000142188
407.627  0.0342821  0.000143167
408.52  0.0346927  0.000144142
409.414  0.035106  0.000145114
410.307  0.0355221  0.000146083
411.2  0.0359409  0.000147049
412.093  0.0363625  0.000148013
412.987  0.0367868  0.000148975
413.88  0.037214  0.000149935
414.773  0.037644  0.000150893
415.666  0.0380768  0.00015185
416.56  0.0385125  0.000152806
417.453  0.038951  0.000153761
418.346  0.0393924  0.000154717
419.239  0.0398368  0.000155673
420.133  0.040284  0.000156629
421.026  0.0407342  0.000157587
421.919  0.0411874  0.000158546
422.812  0.0416435  0.000159508
423.706  0.0421027  0.000160473
424.599  0.0425648  0.000161441
425.492  0.04303  0.000162413
426.385  0.0434982  0.000163391
427.279  0.0439696  0.000164373
428.172  0.044444  0.000165362
429.065  0.0449215  0.000166358
429.958  0.0454022  0.000167362
430.852  0.0458861  0.000168375
431.745  0.0463731  0.000169397
432.638  0.0468633  0.00017043
433.531  0.0473567  0.000171475
434.425  0.0478534  0.000172532
435.318  0.0483534  0.000173602
436.211  0.0488567  0.000174688
437.104  0.0493632  0.000175789
437.997  0.0498731  0.000176908
438.891  0.0503864  0.000178045
439.784  0.0509031  0.000179201
440.677  0.0514231  0.000180379
441.57  0.0519466  0.000181579
442.464  0.0524736  0.000182803
443.357  0.0530041  0.000184053
444.25  0.053538  0.000185329
445.143  0.0540755  0.000186634
446.037  0.0546166  0.000187969
446.93  0.0551612  0.000189336
447.823  0.0557095  0.000190737
448.716  0.0562614  0.000192173
449.61  0.056817  0.000193647
450.503  0.0573763  0.00019516
451.396  0.0579392  0.000196714
452.289  0.058506  0.000198311
453.183  0.0590765  0.000199954
454.076  0.0596509  0.000201644
454.969  0.0602291  0.000203384
455.862  0.0608111  0.000205175
456.756  0.0613971  0.00020702
457.649  0.061987  0.000208922
458.542  0.0625808  0.000210882
459.435  0.0631787  0.000212903
460.329  0.0637806  0.000214987
461.222  0.0643865  0.000217138
462.115  0.0649965  0.000219356
463.008  0.0656107  0.000221645
463.902  0.066229  0.000224008
464.795  0.0668515  0.000226446
465.688  0.0674782  0.000228963
466.581  0.0681092  0.00023156
467.475  0.0687444  0.000234242
468.368  0.069384  0.000237009
469.261  0.070028  0.000239866
470.154  0.0706763  0.000242815
471.048  0.0713292  0.000245857
471.941  0.0719864  0.000248997
472.834  0.0726482  0.000252237
473.727  0.0733146  0.000255579
474.621  0.0739855  0.000259027
475.514  0.0746611  0.000262582
476.407  0.0753413  0.000266249
477.3  0.0760262  0.000270029
478.193  0.0767159  0.000273925
479.087  0.0774104  0.000277941
479.98  0.0781097  0.000282078
480.873  0.0788139  0.00028634
481.766  0.079523  0.000290729
482.66  0.080237  0.000295249
483.553  0.0809561  0.000299902
484.446  0.0816802  0.00030469
485.339  0.0824094  0.000309617
486.233  0.0831437  0.000314686
487.126  0.0838832  0.000319898
488.019  0.084628  0.000325258
488.912  0.085378  0.000330767
489.806  0.0861334  0.000336429
490.699  0.0868941  0.000342247
491.592  0.0876603  0.000348223
492.485  0.0884319  0.00035436
493.379  0.0892091  0.000360661
494.272  0.0899918  0.000367129
495.165  0.0907801  0.000373767
496.058  0.0915742  0.000380577
496.952  0.0923739  0.000387564
497.845  0.0931795  0.000394729
498.738  0.0939909  0.000402075
499.631  0.0948082  0.000409607
500.525  0.0956314  0.000417326
501.418  0.0964606  0.000425236
502.311  0.0972959  0.00043334
503.204  0.0981374  0.000441642
504.098  0.098985  0.000450143
504.991  0.0998388  0.000458849
505.884  0.100699  0.000467761
506.777  0.101566  0.000476883
507.671  0.102438  0.00048622
508.564  0.103318  0.000495773
509.457  0.104204  0.000505547
510.35  0.105096  0.000515545
511.244  0.105996  0.00052577
512.137  0.106902  0.000536227
513.03  0.107815  0.000546919
513.923  0.108734  0.00055785
514.817  0.109661  0.000569024
515.71  0.110595  0.000580444
516.603  0.111536  0.000592116
517.496  0.112484  0.000604041
518.389  0.113439  0.000616226
519.283  0.114401  0.000628674
520.176  0.115371  0.000641389
521.069  0.116349  0.000654376
521.962  0.117334  0.000667639
522.856  0.118326  0.000681183
523.749  0.119326  0.000695012
524.642  0.120334  0.000709132
525.535  0.12135  0.000723546
526.429  0.122374  0.000738261
527.322  0.123406  0.000753281
528.215  0.124446  0.00076861
529.108  0.125494  0.000784255
530.002  0.126551  0.000800221
530.895  0.127616  0.000816513
531.788  0.128689  0.000833136
532.681  0.129771  0.000850097
533.575  0.130861  0.000867401
534.468  0.131961  0.000885054
535.361  0.133069  0.000903063
536.254  0.134186  0.000921432
537.148  0.135312  0.000940169
538.041  0.136447  0.000959281
538.934  0.137592  0.000978772
539.827  0.138746  0.000998651
540.721  0.139909  0.00101892
541.614  0.141082  0.0010396
542.507  0.142264  0.00106068
543.4  0.143456  0.00108218
544.294  0.144659  0.0011041
545.187  0.145871  0.00112645
546.08  0.147093  0.00114924
546.973  0.148325  0.00117248
547.867  0.149568  0.00119617
548.76  0.150821  0.00122032
549.653  0.152085  0.00124495
550.546  0.15336  0.00127005
551.44  0.154645  0.00129564
552.333  0.155941  0.00132173
553.226  0.157249  0.00134833
554.119  0.158567  0.00137544
555.013  0.159897  0.00140308
555.906  0.161239  0.00143125
556.799  0.162592  0.00145997
557.692  0.163957  0.00148925
558.585  0.165333  0.00151909
559.479  0.166722  0.0015495
560.372  0.168123  0.00158051
561.265  0.169536  0.00161211
562.158  0.170962  0.00164433
563.052  0.1724  0.00167717
563.945  0.173851  0.00171064
564.838  0.175316  0.00174475
565.731  0.176793  0.00177953
566.625  0.178283  0.00181498
567.518  0.179787  0.00185111
568.411  0.181305  0.00188794
569.304  0.182836  0.00192548
570.198  0.184381  0.00196374
571.091  0.185941  0.00200274
571.984  0.187514  0.0020425
572.877  0.189102  0.00208303
573.771  0.190705  0.00212434
574.664  0.192323  0.00216644
575.557  0.193955  0.00220937
576.45  0.195603  0.00225312
577.344  0.197267  0.00229773
578.237  0.198946  0.00234319
579.13  0.200641  0.00238954
580.023  0.202352  0.00243679
580.917  0.204079  0.00248496
581.81  0.205822  0.00253406
582.703  0.207583  0.00258412
583.596  0.20936  0.00263516
584.49  0.211154  0.00268719
585.383  0.212966  0.00274023
586.276  0.214795  0.00279431
587.169  0.216642  0.00284945
588.063  0.218508  0.00290566
588.956  0.220391  0.00296298
589.849  0.222293  0.00302142
590.742  0.224214  0.00308101
591.636  0.226154  0.00314177
592.529  0.228114  0.00320372
593.422  0.230093  0.00326689
594.315  0.232092  0.00333131
595.209  0.234111  0.003397
596.102  0.23615  0.00346399
596.995  0.23821  0.00353231
597.888  0.240292  0.00360198
598.781  0.242394  0.00367303
599.675  0.244518  0.00374549
600.568  0.246664  0.0038194
601.461  0.248833  0.00389477
602.354  0.251024  0.00397165
603.248  0.253237  0.00405007
604.141  0.255474  0.00413006
605.034  0.257735  0.00421165
605.927  0.260019  0.00429487
606.821  0.262328  0.00437977
607.714  0.264661  0.00446638
608.607  0.267019  0.00455473
609.5  0.269402  0.00464486
610.394  0.271812  0.00473682
611.287  0.274247  0.00483064
612.18  0.276708  0.00492637
613.073  0.279197  0.00502403
613.967  0.281712  0.00512369
614.86  0.284256  0.00522537
615.753  0.286827  0.00532913
616.646  0.289427  0.00543501
617.54  0.292056  0.00554306
618.433  0.294714  0.00565333
619.326  0.297402  0.00576586
620.219  0.30012  0.0058807
621.113  0.302869  0.00599791
622.006  0.305649  0.00611754
622.899  0.308461  0.00623964
623.792  0.311305  0.00636427
624.686  0.314181  0.00649149
625.579  0.317091  0.00662135
626.472  0.320035  0.00675391
627.365  0.323012  0.00688923
628.259  0.326025  0.00702737
629.152  0.329072  0.00716841
630.045  0.332156  0.00731239
630.938  0.335276  0.0074594
631.832  0.338433  0.00760949
632.725  0.341627  0.00776274
633.618  0.34486  0.00791922
634.511  0.348131  0.00807899
635.405  0.351442  0.00824214
636.298  0.354793  0.00840875
637.191  0.358184  0.00857888
638.084  0.361617  0.00875262
638.977  0.365092  0.00893005
639.871  0.368609  0.00911126
640.764  0.37217  0.00929632
641.657  0.375775  0.00948533
642.55  0.379425  0.00967838
643.444  0.38312  0.00987555
644.337  0.386862  0.0100769
645.23  0.39065  0.0102826
646.123  0.394486  0.0104928
647.017  0.398371  0.0107074
647.91  0.402306  0.0109266
648.803  0.40629  0.0111506
649.696  0.410325  0.0113793
650.59  0.414412  0.011613
651.483  0.418552  0.0118518
652.376  0.422746  0.0120956
653.269  0.426994  0.0123448
654.163  0.431297  0.0125993
655.056  0.435656  0.0128593
655.949  0.440073  0.0131249
656.842  0.444548  0.0133963
657.736  0.449081  0.0136735
658.629  0.453675  0.0139568
659.522  0.45833  0.0142461
660.415  0.463047  0.0145417
661.309  0.467827  0.0148437
662.202  0.472671  0.0151521
663.095  0.477581  0.0154673
663.988  0.482556  0.0157892
664.882  0.487599  0.0161181
665.775  0.492711  0.016454
666.668  0.497891  0.0167972
667.561  0.503143  0.0171477
668.455  0.508466  0.0175057
669.348  0.513863  0.0178714
670.241  0.519333  0.018245
671.134  0.524879  0.0186264
672.028  0.530501  0.019016
672.921  0.536201  0.0194138
673.814  0.54198  0.0198201
674.707  0.54784  0.0202349
675.601  0.553781  0.0206584
676.494  0.559804  0.0210909
677.387  0.565912  0.0215323
678.28  0.572105  0.0219829
679.173  0.578385  0.0224428
680.067  0.584752  0.0229123
680.96  0.591209  0.0233913
681.853  0.597756  0.0238801
682.746  0.604396  0.0243788
683.64  0.611128  0.0248875
684.533  0.617956  0.0254065
685.426  0.624879  0.0259357
686.319  0.631899  0.0264754
687.213  0.639018  0.0270257
688.106  0.646237  0.0275866
688.999  0.653558  0.0281583
689.892  0.660981  0.0287409
690.786  0.668507  0.0293344
691.679  0.67614  0.029939
692.572  0.683878  0.0305548
693.465  0.691725  0.0311817
694.359  0.699681  0.0318199
695.252  0.707747  0.0324694
696.145  0.715924  0.0331302
697.038  0.724215  0.0338024
697.932  0.732619  0.0344859
698.825  0.741138  0.0351806
699.718  0.749774  0.0358867
700.611  0.758527  0.036604
701.505  0.767398  0.0373324
702.398  0.776388  0.0380718
703.291  0.785498  0.0388222
704.184  0.79473  0.0395834
705.078  0.804083  0.0403552
705.971  0.813559  0.0411374
706.864  0.823158  0.0419298
707.757  0.832881  0.0427322
708.651  0.842728  0.0435443
709.544  0.8527  0.0443658
710.437  0.862797  0.0451963
711.33  0.873019  0.0460354
712.224  0.883367  0.0468828
713.117  0.893841  0.0477381
714.01  0.90444  0.0486007
714.903  0.915164  0.0494701
715.796  0.926013  0.0503458
716.69  0.936987  0.0512271
717.583  0.948085  0.0521136
718.476  0.959307  0.0530045
719.369  0.970651  0.053899
720.263  0.982116  0.0547965
721.156  0.993702  0.0556962
722.049  1.00541  0.0565973
722.942  1.01723  0.0574989
723.836  1.02917  0.0584001
724.729  1.04122  0.0593
725.622  1.05339  0.0601976
726.515  1.06567  0.061092
727.409  1.07805  0.0619822
728.302  1.09054  0.0628671
729.195  1.10314  0.0637455
730.088  1.11583  0.0646166
730.982  1.12862  0.065479
731.875  1.14151  0.0663318
732.768  1.15448  0.0671737
733.661  1.16755  0.0680036
734.555  1.1807  0.0688204
735.448  1.19392  0.0696229
736.341  1.20723  0.07041
737.234  1.2206  0.0711805
738.128  1.23405  0.0719333
739.021  1.24755  0.0726673
739.914  1.26112  0.0733813
740.807  1.27474  0.0740744
741.701  1.28841  0.0747455
742.594  1.30212  0.0753936
743.487  1.31588  0.0760178
744.38  1.32966  0.0766171
745.274  1.34348  0.0771906
746.167  1.35732  0.0777377
747.06  1.37118  0.0782574
747.953  1.38506  0.0787491
748.847  1.39894  0.0792122
749.74  1.41282  0.0796461
750.633  1.4267  0.0800503
751.526  1.44058  0.0804244
752.42  1.45444  0.0807679
753.313  1.46828  0.0810807
754.206  1.4821  0.0813625
755.099  1.49589  0.0816131
755.992  1.50964  0.0818325
756.886  1.52336  0.0820207
757.779  1.53703  0.0821778
758.672  1.55065  0.0823038
759.565  1.56421  0.082399
760.459  1.57772  0.0824637
761.352  1.59117  0.0824982
762.245  1.60455  0.0825029
763.138  1.61785  0.0824782
764.032  1.63108  0.0824248
764.925  1.64423  0.0823431
765.818  1.6573  0.0822337
766.711  1.67028  0.0820974
767.605  1.68317  0.0819347
768.498  1.69596  0.0817465
769.391  1.70866  0.0815335
770.284  1.72126  0.0812965
771.178  1.73375  0.0810364
772.071  1.74614  0.0807539
772.964  1.75842  0.0804499
773.857  1.77059  0.0801252
774.751  1.78265  0.0797809
775.644  1.79459  0.0794178
776.537  1.80642  0.0790366
777.43  1.81813  0.0786385
778.324  1.82972  0.0782242
779.217  1.84119  0.0777946
780.11  1.85254  0.0773506
781.003  1.86377  0.0768932
781.897  1.87487  0.076423
782.79  1.88585  0.0759411
783.683  1.89671  0.0754481
784.576  1.90744  0.074945
785.47  1.91804  0.0744325
786.363  1.92852  0.0739114
787.256  1.93887  0.0733824
788.149  1.9491  0.0728463
789.043  1.95921  0.0723037
789.936  1.96919  0.0717555
790.829  1.97904  0.0712021
791.722  1.98877  0.0706443
792.616  1.99838  0.0700826
793.509  2.00786  0.0695177
794.402  2.01722  0.0689501
795.295  2.02646  0.0683804
796.188  2.03558  0.067809
797.082  2.04458  0.0672365
797.975  2.05346  0.0666633
798.868  2.06222  0.0660899
799.761  2.07086  0.0655166
800.655  2.07939  0.0649439
801.548  2.0878  0.0643722
802.441  2.0961  0.0638018
803.334  2.10429  0.063233
804.228  2.11236  0.0626662
805.121  2.12033  0.0621017
806.014  2.12818  0.0615397
806.907  2.13593  0.0609805
807.801  2.14358  0.0604243
808.694  2.15111  0.0598713
809.587  2.15855  0.0593219
810.48  2.16588  0.058776
811.374  2.17311  0.0582341
812.267  2.18024  0.0576961
813.16  2.18727  0.0571622
814.053  2.1942  0.0566327
814.947  2.20104  0.0561076
815.84  2.20778  0.0555869
816.733  2.21444  0.055071
817.626  2.22099  0.0545597
818.52  2.22746  0.0540532
819.413  2.23384  0.0535516
820.306  2.24013  0.053055
821.199  2.24634  0.0525633
822.093  2.25246  0.0520767
822.986  2.2585  0.0515951
823.879  2.26445  0.0511186
824.772  2.27032  0.0506473
825.666  2.27612  0.0501811
826.559  2.28183  0.0497201
827.452  2.28746  0.0492643
828.345  2.29302  0.0488136
829.239  2.29851  0.0483682
830.132  2.30392  0.0479278
831.025  2.30926  0.0474927
831.918  2.31452  0.0470626
832.812  2.31972  0.0466377
833.705  2.32484  0.0462179
834.598  2.3299  0.0458032
835.491  2.33489  0.0453935
836.384  2.33982  0.0449888
837.278  2.34468  0.0445891
838.171  2.34947  0.0441944
839.064  2.35421  0.0438045
839.957  2.35888  0.0434195
840.851  2.36349  0.0430394
841.744  2.36804  0.042664
842.637  2.37253  0.0422934
843.53  2.37696  0.0419275
844.424  2.38134  0.0415662
845.317  2.38566  0.0412095
846.21  2.38992  0.0408574
847.103  2.39413  0.0405097
847.997  2.39829  0.0401666
848.89  2.40239  0.0398278
849.783  2.40645  0.0394934
850.676  2.41045  0.0391633
851.57  2.4144  0.0388374
852.463  2.41831  0.0385158
853.356  2.42216  0.0381982
854.249  2.42597  0.0378848
855.143  2.42973  0.0375754
856.036  2.43344  0.0372701
856.929  2.43711  0.0369686
857.822  2.44074  0.036671
858.716  2.44432  0.0363773
859.609  2.44785  0.0360874
860.502  2.45135  0.0358012
861.395  2.4548  0.0355186
862.289  2.45821  0.0352397
863.182  2.46159  0.0349644
864.075  2.46492  0.0346926
864.968  2.46821  0.0344243
865.862  2.47146  0.0341595
866.755  2.47468  0.033898
867.648  2.47786  0.0336398
868.541  2.481  0.0333849
869.435  2.4841  0.0331333
870.328  2.48717  0.0328849
871.221  2.49021  0.0326396
872.114  2.49321  0.0323974
873.008  2.49618  0.0321583
873.901  2.49911  0.0319222
874.794  2.50201  0.031689
875.687  2.50487  0.0314588
876.58  2.50771  0.0312314
877.474  2.51051  0.0310069
878.367  2.51329  0.0307852
879.26  2.51603  0.0305662
880.153  2.51874  0.03035
881.047  2.52142  0.0301364
881.94  2.52408  0.0299254
882.833  2.5267  0.0297171
883.726  2.5293  0.0295113
884.62  2.53187  0.029308
885.513  2.53441  0.0291072
886.406  2.53692  0.0289088
887.299  2.53941  0.0287129
888.193  2.54187  0.0285193
889.086  2.54431  0.028328
889.979  2.54672  0.0281391
890.872  2.5491  0.0279524
891.766  2.55146  0.0277679
892.659  2.5538  0.0275857
893.552  2.55611  0.0274056
894.445  2.5584  0.0272276
895.339  2.56066  0.0270518
896.232  2.5629  0.026878
897.125  2.56512  0.0267062
898.018  2.56732  0.0265365
898.912  2.56949  0.0263687
899.805  2.57165  0.0262029
900.698  2.57378  0.026039
901.591  2.57589  0.0258769
902.485  2.57798  0.0257168
903.378  2.58005  0.0255585
904.271  2.5821  0.025402
905.164  2.58413  0.0252472
906.058  2.58614  0.0250943
906.951  2.58813  0.024943
907.844  2.5901  0.0247935
908.737  2.59205  0.0246457
909.631  2.59398  0.0244994
910.524  2.5959  0.0243549
911.417  2.59779  0.0242119
912.31  2.59967  0.0240705
913.204  2.60154  0.0239307
914.097  2.60338  0.0237924
914.99  2.60521  0.0236557
915.883  2.60702  0.0235204
916.776  2.60881  0.0233866
917.67  2.61059  0.0232542
918.563  2.61235  0.0231233
919.456  2.6141  0.0229938
920.349  2.61582  0.0228657
921.243  2.61754  0.0227389
922.136  2.61924  0.0226135
923.029  2.62092  0.0224894
923.922  2.62259  0.0223666
924.816  2.62424  0.0222451
925.709  2.62588  0.0221249
926.602  2.62751  0.022006
927.495  2.62912  0.0218883
928.389  2.63071  0.0217718
929.282  2.63229  0.0216565
930.175  2.63386  0.0215424
931.068  2.63542  0.0214295
931.962  2.63696  0.0213177
932.855  2.63849  0.0212071
933.748  2.64001  0.0210975
934.641  2.64151  0.0209891
935.535  2.643  0.0208818
936.428  2.64448  0.0207755
937.321  2.64594  0.0206704
938.214  2.6474  0.0205662
939.108  2.64884  0.0204631
940.001  2.65027  0.020361
940.894  2.65168  0.0202599
941.787  2.65309  0.0201598
942.681  2.65449  0.0200607
943.574  2.65587  0.0199625
944.467  2.65724  0.0198653
945.36  2.6586  0.019769
946.254  2.65995  0.0196736
947.147  2.66129  0.0195792
948.04  2.66262  0.0194856
948.933  2.66394  0.019393
949.827  2.66525  0.0193012
950.72  2.66655  0.0192102
951.613  2.66784  0.0191201
952.506  2.66912  0.0190309
953.399  2.67038  0.0189425
954.293  2.67164  0.0188549
955.186  2.67289  0.0187681
956.079  2.67413  0.0186821
956.972  2.67536  0.0185969
957.866  2.67658  0.0185124
958.759  2.67779  0.0184287
959.652  2.679  0.0183458
960.545  2.68019  0.0182636
961.439  2.68138  0.0181821
962.332  2.68255  0.0181014
963.225  2.68372  0.0180213
964.118  2.68488  0.017942
965.012  2.68603  0.0178634
965.905  2.68718  0.0177854
966.798  2.68831  0.0177081
967.691  2.68944  0.0176315
968.585  2.69056  0.0175555
969.478  2.69167  0.0174802
970.371  2.69277  0.0174055
971.264  2.69387  0.0173315
972.158  2.69496  0.017258
973.051  2.69604  0.0171852
973.944  2.69711  0.0171129
974.837  2.69818  0.0170413
975.731  2.69924  0.0169702
976.624  2.70029  0.0168997
977.517  2.70133  0.0168298
978.41  2.70237  0.0167604
979.304  2.7034  0.0166915
980.197  2.70443  0.0166232
981.09  2.70545  0.0165554
981.983  2.70646  0.0164882
982.877  2.70747  0.0164214
983.77  2.70847  0.0163551
984.663  2.70947  0.0162893
985.556  2.71046  0.016224
986.45  2.71144  0.0161591
987.343  2.71242  0.0160946
988.236  2.71339  0.0160306
989.129  2.71436  0.0159669
990.023  2.71533  0.0159036
990.916  2.71629  0.0158405
991.809  2.71725  0.0157774
992.702  2.71821  0.0157148
993.595  2.71916  0.0156527
994.489  2.72011  0.0155912
995.382  2.72104  0.0155302
996.275  2.72197  0.0154698
997.168  2.7229  0.01541
998.062  2.72381  0.0153507
998.955  2.72472  0.0152919
999.848  2.72562  0.0152337
1000.74  2.72652  0.0151759
1001.63  2.72741  0.0151187
1002.53  2.72829  0.0150621
1003.42  2.72916  0.0150059
1004.31  2.73003  0.0149502
1005.21  2.73089  0.014895
1006.1  2.73175  0.0148403
1006.99  2.7326  0.0147861
1007.89  2.73344  0.0147323
1008.78  2.73428  0.0146791
1009.67  2.73511  0.0146262
1010.57  2.73594  0.0145739
1011.46  2.73675  0.014522
1012.35  2.73757  0.0144705
1013.25  2.73838  0.0144195
1014.14  2.73918  0.0143689
1015.03  2.73997  0.0143187
1015.93  2.74076  0.014269
1016.82  2.74155  0.0142197
1017.71  2.74233  0.0141708
1018.61  2.7431  0.0141223
1019.5  2.74387  0.0140743
1020.39  2.74463  0.0140266
1021.29  2.74539  0.0139793
1022.18  2.74614  0.0139324
1023.07  2.74689  0.0138859
1023.97  2.74763  0.0138398
1024.86  2.74837  0.0137941
1025.75  2.7491  0.0137487
1026.65  2.74983  0.0137037
1027.54  2.75055  0.0136591
1028.43  2.75126  0.0136149
1029.33  2.75198  0.013571
1030.22  2.75268  0.0135274
1031.11  2.75339  0.0134842
1032.01  2.75408  0.0134414
1032.9  2.75478  0.0133988
1033.79  2.75547  0.0133567
1034.68  2.75615  0.0133148
1035.58  2.75683  0.0132733
1036.47  2.7575  0.0132321
1037.36  2.75817  0.0131913
1038.26  2.75884  0.0131507
1039.15  2.7595  0.0131105
1040.04  2.76016  0.0130706
1040.94  2.76081  0.013031
1041.83  2.76146  0.0129917
1042.72  2.7621  0.0129527
1043.62  2.76274  0.0129141
1044.51  2.76338  0.0128757
1045.4  2.76401  0.0128376
1046.3  2.76464  0.0127998
1047.19  2.76526  0.0127622
1048.08  2.76588  0.012725
1048.98  2.7665  0.012688
1049.87  2.76711  0.0126514
1050.76  2.76772  0.012615
1051.66  2.76832  0.0125788
1052.55  2.76893  0.012543
1053.44  2.76952  0.0125074
1054.34  2.77012  0.012472
1055.23  2.7707  0.012437
1056.12  2.77129  0.0124022
1057.02  2.77187  0.0123676
1057.91  2.77245  0.0123333
1058.8  2.77303  0.0122993
1059.7  2.7736  0.0122655
1060.59  2.77417  0.0122319
1061.48  2.77473  0.0121986
1062.38  2.77529  0.0121655
1063.27  2.77585  0.0121327
1064.16  2.7764  0.0121001
1065.06  2.77695  0.0120677
1065.95  2.7775  0.0120356
1066.84  2.77804  0.0120037
1067.73  2.77859  0.011972
1068.63  2.77912  0.0119406
1069.52  2.77966  0.0119093
1070.41  2.78019  0.0118783
1071.31  2.78072  0.0118475
1072.2  2.78124  0.0118169
1073.09  2.78176  0.0117866
1073.99  2.78228  0.0117564
1074.88  2.7828  0.0117265
1075.77  2.78331  0.0116967
1076.67  2.78382  0.0116672
1077.56  2.78433  0.0116379
1078.45  2.78483  0.0116087
1079.35  2.78533  0.0115798
1080.24  2.78583  0.0115511
1081.13  2.78633  0.0115226
1082.03  2.78682  0.0114942
1082.92  2.78731  0.0114661
1083.81  2.78779  0.0114381
1084.71  2.78828  0.0114103
1085.6  2.78876  0.0113827
1086.49  2.78924  0.0113553
1087.39  2.78971  0.0113281
1088.28  2.79019  0.0113011
1089.17  2.79066  0.0112742
1090.07  2.79112  0.0112476
1090.96  2.79159  0.0112211
1091.85  2.79205  0.0111947
1092.75  2.79251  0.0111686
1093.64  2.79297  0.0111426
1094.53  2.79342  0.0111168
1095.43  2.79387  0.0110911
1096.32  2.79432  0.0110657
1097.21  2.79477  0.0110403
1098.11  2.79522  0.0110152
1099  2.79566  0.0109902
1099.89  2.7961  0.0109654
1100.78  2.79654  0.0109407
1101.68  2.79697  0.0109162
1102.57  2.7974  0.0108919
1103.46  2.79783  0.0108677
1104.36  2.79826  0.0108436
1105.25  2.79869  0.0108197
1106.14  2.79911  0.010796
1107.04  2.79953  0.0107724
1107.93  2.79995  0.010749
1108.82  2.80037  0.0107257
1109.72  2.80078  0.0107025
1110.61  2.80119  0.0106795
1111.5  2.8016  0.0106567
1112.4  2.80201  0.0106339
1113.29  2.80242  0.0106114
1114.18  2.80282  0.0105889
1115.08  2.80322  0.0105666
1115.97  2.80362  0.0105445
1116.86  2.80402  0.0105224
1117.76  2.80441  0.0105005
1118.65  2.80481  0.0104788
1119.54  2.8052  0.0104571
1120.44  2.80559  0.0104356
1121.33  2.80597  0.0104143
1122.22  2.80636  0.010393
1123.12  2.80674  0.0103719
1124.01  2.80712  0.010351
1124.9  2.8075  0.0103301
1125.8  2.80788  0.0103094
1126.69  2.80825  0.0102888
1127.58  2.80863  0.0102683
1128.48  2.809  0.0102479
1129.37  2.80937  0.0102277
1130.26  2.80974  0.0102076
1131.16  2.8101  0.0101875
1132.05  2.81047  0.0101677
1132.94  2.81083  0.0101479
1133.83  2.81119  0.0101282
1134.73  2.81155  0.0101087
1135.62  2.8119  0.0100893
1136.51  2.81226  0.01007
1137.41  2.81261  0.0100508
1138.3  2.81296  0.0100317
1139.19  2.81331  0.0100127
1140.09  2.81366  0.00999382
1140.98  2.81401  0.00997506
1141.87  2.81435  0.00995641
1142.77  2.81469  0.00993786
1143.66  2.81503  0.00991942
1144.55  2.81537  0.00990108
1145.45  2.81571  0.00988285
1146.34  2.81605  0.00986472
1147.23  2.81638  0.00984669
1148.13  2.81671  0.00982877
1149.02  2.81705  0.00981094
1149.91  2.81738  0.00979322
1150.81  2.8177  0.00977559
1151.7  2.81803  0.00975807
1152.59  2.81836  0.00974064
1153.49  2.81868  0.00972331
1154.38  2.819  0.00970607
1155.27  2.81932  0.00968893
1156.17  2.81964  0.00967188
1157.06  2.81996  0.00965493
1157.95  2.82027  0.00963807
1158.85  2.82059  0.00962131
1159.74  2.8209  0.00960463
1160.63  2.82121  0.00958805
1161.53  2.82152  0.00957156
1162.42  2.82183  0.00955516
1163.31  2.82214  0.00953884
1164.21  2.82244  0.00952262
1165.1  2.82274  0.00950648
1165.99  2.82305  0.00949043
1166.88  2.82335  0.00947446
1167.78  2.82365  0.00945858
1168.67  2.82395  0.00944279
1169.56  2.82424  0.00942708
1170.46  2.82454  0.00941145
1171.35  2.82483  0.00939591
1172.24  2.82513  0.00938045
1173.14  2.82542  0.00936507
1174.03  2.82571  0.00934978
1174.92  2.826  0.00933456
1175.82  2.82628  0.00931942
1176.71  2.82657  0.00930437
1177.6  2.82686  0.00928939
1178.5  2.82714  0.00927449
1179.39  2.82742  0.00925967
1180.28  2.8277  0.00924492
1181.18  2.82798  0.00923026
1182.07  2.82826  0.00921566
1182.96  2.82854  0.00920115
1183.86  2.82882  0.00918671
1184.75  2.82909  0.00917234
1185.64  2.82936  0.00915805
1186.54  2.82964  0.00914383
1187.43  2.82991  0.00912968
1188.32  2.83018  0.00911561
1189.22  2.83045  0.0091016
1190.11  2.83071  0.00908767
1191  2.83098  0.00907381
1191.9  2.83125  0.00906002
1192.79  2.83151  0.0090463
1193.68  2.83177  0.00903265
1194.58  2.83203  0.00901906
1195.47  2.8323  0.00900555
1196.36  2.83255  0.0089921
1197.26  2.83281  0.00897872
1198.15  2.83307  0.00896541
1199.04  2.83333  0.00895216
1199.93  2.83358  0.00893898
1200.83  2.83384  0.00892587
1201.72  2.83409  0.00891282
1202.61  2.83434  0.00889983
1203.51  2.83459  0.00888691
1204.4  2.83484  0.00887405
1205.29  2.83509  0.00886126
1206.19  2.83534  0.00884853
1207.08  2.83558  0.00883586
1207.97  2.83583  0.00882325
1208.87  2.83607  0.0088107
1209.76  2.83632  0.00879822
1210.65  2.83656  0.00878579
1211.55  2.8368  0.00877343
1212.44  2.83704  0.00876113
1213.33  2.83728  0.00874888
1214.23  2.83752  0.00873669
1215.12  2.83775  0.00872457
1216.01  2.83799  0.0087125
1216.91  2.83823  0.00870049
1217.8  2.83846  0.00868853
1218.69  2.83869  0.00867664
1219.59  2.83893  0.0086648
1220.48  2.83916  0.00865301
1221.37  2.83939  0.00864128
1222.27  2.83962  0.00862961
1223.16  2.83984  0.00861799
1224.05  2.84007  0.00860643
1224.95  2.8403  0.00859492
1225.84  2.84052  0.00858347
1226.73  2.84075  0.00857207
1227.63  2.84097  0.00856072
1228.52  2.8412  0.00854943
1229.41  2.84142  0.00853819
1230.31  2.84164  0.008527
1231.2  2.84186  0.00851586
1232.09  2.84208  0.00850477
1232.98  2.8423  0.00849374
1233.88  2.84251  0.00848276
1234.77  2.84273  0.00847182
1235.66  2.84295  0.00846094
1236.56  2.84316  0.00845011
1237.45  2.84338  0.00843933
1238.34  2.84359  0.00842859
1239.24  2.8438  0.00841791
1240.13  2.84401  0.00840728
1241.02  2.84422  0.00839669
1241.92  2.84443  0.00838615
1242.81  2.84464  0.00837566
1243.7  2.84485  0.00836521
1244.6  2.84506  0.00835482
1245.49  2.84526  0.00834447
1246.38  2.84547  0.00833416
1247.28  2.84567  0.00832391
1248.17  2.84588  0.0083137
1249.06  2.84608  0.00830353
1249.96  2.84628  0.00829341
1250.85  2.84649  0.00828334
1251.74  2.84669  0.00827331
1252.64  2.84689  0.00826332
1253.53  2.84709  0.00825338
1254.42  2.84728  0.00824349
1255.32  2.84748  0.00823363
1256.21  2.84768  0.00822382
1257.1  2.84787  0.00821406
1258  2.84807  0.00820433
1258.89  2.84826  0.00819465
1259.78  2.84846  0.00818501
1260.68  2.84865  0.00817542
1261.57  2.84884  0.00816586
1262.46  2.84904  0.00815635
1263.36  2.84923  0.00814688
1264.25  2.84942  0.00813745
1265.14  2.84961  0.00812806
1266.04  2.8498  0.00811871
1266.93  2.84998  0.0081094
1267.82  2.85017  0.00810013
1268.71  2.85036  0.00809091
1269.61  2.85054  0.00808172
1270.5  2.85073  0.00807257
1271.39  2.85091  0.00806346
1272.29  2.8511  0.00805439
1273.18  2.85128  0.00804535
1274.07  2.85146  0.00803636
1274.97  2.85164  0.0080274
1275.86  2.85182  0.00801849
1276.75  2.85201  0.00800961
1277.65  2.85218  0.00800076
1278.54  2.85236  0.00799196
1279.43  2.85254  0.00798319
1280.33  2.85272  0.00797446
1281.22  2.8529  0.00796577
1282.11  2.85307  0.00795711
1283.01  2.85325  0.00794849
1283.9  2.85342  0.0079399
1284.79  2.8536  0.00793135
1285.69  2.85377  0.00792284
1286.58  2.85395  0.00791436
1287.47  2.85412  0.00790592
1288.37  2.85429  0.00789751
1289.26  2.85446  0.00788913
1290.15  2.85463  0.00788079
1291.05  2.8548  0.00787249
1291.94  2.85497  0.00786422
1292.83  2.85514  0.00785598
1293.73  2.85531  0.00784778
1294.62  2.85548  0.00783961
1295.51  2.85564  0.00783148
1296.41  2.85581  0.00782337
1297.3  2.85597  0.0078153
1298.19  2.85614  0.00780727
1299.09  2.8563  0.00779926
1299.98  2.85647  0.00779129
1300.87  2.85663  0.00778335
1301.76  2.85679  0.00777545
1302.66  2.85696  0.00776757
1303.55  2.85712  0.00775973
1304.44  2.85728  0.00775191
1305.34  2.85744  0.00774413
1306.23  2.8576  0.00773639
1307.12  2.85776  0.00772867
1308.02  2.85792  0.00772098
1308.91  2.85808  0.00771332
1309.8  2.85823  0.0077057
1310.7  2.85839  0.0076981
1311.59  2.85855  0.00769054
1312.48  2.8587  0.007683
1313.38  2.85886  0.00767549
1314.27  2.85901  0.00766802
1315.16  2.85917  0.00766057
1316.06  2.85932  0.00765315
1316.95  2.85947  0.00764577
1317.84  2.85963  0.00763841
1318.74  2.85978  0.00763108
1319.63  2.85993  0.00762377
1320.52  2.86008  0.0076165
1321.42  2.86023  0.00760926
1322.31  2.86038  0.00760204
1323.2  2.86053  0.00759485
1324.1  2.86068  0.00758769
1324.99  2.86083  0.00758056
1325.88  2.86098  0.00757346
1326.78  2.86112  0.00756638
1327.67  2.86127  0.00755933
1328.56  2.86142  0.0075523
1329.46  2.86156  0.00754531
1330.35  2.86171  0.00753834
1331.24  2.86185  0.0075314
1332.14  2.862  0.00752448
1333.03  2.86214  0.00751759
1333.92  2.86229  0.00751073
1334.81  2.86243  0.00750389
1335.71  2.86257  0.00749708
1336.6  2.86271  0.0074903
1337.49  2.86286  0.00748354
1338.39  2.863  0.00747681
1339.28  2.86314  0.0074701
1340.17  2.86328  0.00746341
1341.07  2.86342  0.00745676
1341.96  2.86356  0.00745013
1342.85  2.8637  0.00744352
1343.75  2.86383  0.00743694
1344.64  2.86397  0.00743038
1345.53  2.86411  0.00742384
1346.43  2.86425  0.00741734
1347.32  2.86438  0.00741085
1348.21  2.86452  0.00740439
1349.11  2.86465  0.00739795
1350  2.86479  0.00739154
