0.077  -0.000913792  2.0173e-05
0.0771276  -0.000805106  1.77773e-05
0.0772552  -0.000700925  1.548e-05
0.0773828  -0.000601496  1.32868e-05
0.0775104  -0.000507103  1.1204e-05
0.077638  -0.000418083  9.23912e-06
0.0777656  -0.000334835  7.40098e-06
0.0778932  -0.000257852  5.7006e-06
0.0780209  -0.000187761  4.1519e-06
0.0781485  -0.000125398  2.77346e-06
0.0782761  -7.19659e-05  1.59203e-06
0.0784037  -2.94435e-05  6.5149e-07
0.0785313  -2.32234e-06  5.13969e-08
0.0786589  1.48551e-05  3.28837e-07
0.0787865  5.15712e-05  1.14184e-06
0.0789141  0.000100963  2.23591e-06
0.0790417  0.000160433  3.55373e-06
0.0791693  0.000228577  5.06429e-06
0.0792969  0.000304479  6.74744e-06
0.0794245  0.000387482  8.58876e-06
0.0795521  0.000477089  1.05773e-05
0.0796797  0.000572907  1.27045e-05
0.0798073  0.000674615  1.49634e-05
0.0799349  0.000781947  1.7348e-05
0.0800626  0.000894677  1.98536e-05
0.0801902  0.00101261  2.24759e-05
0.0803178  0.00113559  2.52112e-05
0.0804454  0.00126345  2.80565e-05
0.080573  0.00139607  3.10088e-05
0.0807006  0.00153334  3.40658e-05
0.0808282  0.00167514  3.72251e-05
0.0809558  0.00182139  4.04849e-05
0.0810834  0.00197201  4.38433e-05
0.081211  0.00212691  4.72987e-05
0.0813386  0.00228604  5.08497e-05
0.0814662  0.00244931  5.4495e-05
0.0815938  0.00261668  5.82334e-05
0.0817214  0.0027881  6.20637e-05
0.081849  0.00296352  6.5985e-05
0.0819766  0.00314288  6.99964e-05
0.0821043  0.00332616  7.40971e-05
0.0822319  0.00351331  7.82864e-05
0.0823595  0.0037043  8.25635e-05
0.0824871  0.0038991  8.69278e-05
0.0826147  0.00409768  9.13789e-05
0.0827423  0.00430001  9.59162e-05
0.0828699  0.00450606  0.000100539
0.0829975  0.00471583  0.000105248
0.0831251  0.00492928  0.000110041
0.0832527  0.00514639  0.000114919
0.0833803  0.00536715  0.000119881
0.0835079  0.00559155  0.000124928
0.0836355  0.00581957  0.000130058
0.0837631  0.0060512  0.000135272
0.0838907  0.00628642  0.00014057
0.0840183  0.00652523  0.000145952
0.084146  0.00676761  0.000151416
0.0842736  0.00701357  0.000156964
0.0844012  0.00726309  0.000162596
0.0845288  0.00751617  0.00016831
0.0846564  0.0077728  0.000174108
0.084784  0.00803299  0.000179989
0.0849116  0.00829672  0.000185954
0.0850392  0.00856399  0.000192002
0.0851668  0.00883481  0.000198134
0.0852944  0.00910918  0.00020435
0.085422  0.00938709  0.000210649
0.0855496  0.00966855  0.000217032
0.0856772  0.00995357  0.0002235
0.0858048  0.0102421  0.000230052
0.0859324  0.0105342  0.000236688
0.0860601  0.0108299  0.00024341
0.0861877  0.0111292  0.000250216
0.0863153  0.011432  0.000257108
0.0864429  0.0117384  0.000264086
0.0865705  0.0120484  0.00027115
0.0866981  0.012362  0.000278299
0.0868257  0.0126791  0.000285536
0.0869533  0.0129999  0.000292859
0.0870809  0.0133243  0.00030027
0.0872085  0.0136524  0.000307769
0.0873361  0.013984  0.000315356
0.0874637  0.0143194  0.000323031
0.0875913  0.0146584  0.000330795
0.0877189  0.015001  0.000338649
0.0878465  0.0153474  0.000346593
0.0879741  0.0156975  0.000354627
0.0881018  0.0160512  0.000362752
0.0882294  0.0164087  0.000370968
0.088357  0.01677  0.000379276
0.0884846  0.017135  0.000387677
0.0886122  0.0175038  0.000396171
0.0887398  0.0178763  0.000404758
0.0888674  0.0182527  0.00041344
0.088995  0.0186329  0.000422216
0.0891226  0.019017  0.000431088
0.0892502  0.0194049  0.000440056
0.0893778  0.0197967  0.00044912
0.0895054  0.0201924  0.000458282
0.089633  0.020592  0.000467542
0.0897606  0.0209956  0.000476901
0.0898882  0.0214031  0.000486359
0.0900158  0.0218146  0.000495917
0.0901435  0.0222302  0.000505577
0.0902711  0.0226497  0.000515338
0.0903987  0.0230733  0.000525201
0.0905263  0.023501  0.000535168
0.0906539  0.0239327  0.000545239
0.0907815  0.0243686  0.000555415
0.0909091  0.0248087  0.000565697
0.0910367  0.0252529  0.000576086
0.0911643  0.0257013  0.000586582
0.0912919  0.0261539  0.000597187
0.0914195  0.0266108  0.000607901
0.0915471  0.027072  0.000618725
0.0916747  0.0275375  0.000629661
0.0918023  0.0280073  0.000640709
0.0919299  0.0284814  0.000651871
0.0920575  0.02896  0.000663146
0.0921852  0.029443  0.000674538
0.0923128  0.0299305  0.000686045
0.0924404  0.0304224  0.000697671
0.092568  0.0309189  0.000709415
0.0926956  0.0314199  0.000721278
0.0928232  0.0319255  0.000733263
0.0929508  0.0324358  0.00074537
0.0930784  0.0329506  0.0007576
0.093206  0.0334702  0.000769955
0.0933336  0.0339945  0.000782436
0.0934612  0.0345235  0.000795043
0.0935888  0.0350574  0.000807779
0.0937164  0.0355961  0.000820645
0.093844  0.0361396  0.000833642
0.0939716  0.0366881  0.000846771
0.0940992  0.0372415  0.000860033
0.0942269  0.0377999  0.000873431
0.0943545  0.0383633  0.000886966
0.0944821  0.0389318  0.000900639
0.0946097  0.0395054  0.000914452
0.0947373  0.0400842  0.000928405
0.0948649  0.0406681  0.000942502
0.0949925  0.0412573  0.000956742
0.0951201  0.0418518  0.000971129
0.0952477  0.0424516  0.000985663
0.0953753  0.0430568  0.00100035
0.0955029  0.0436674  0.00101518
0.0956305  0.0442835  0.00103017
0.0957581  0.0449051  0.00104531
0.0958857  0.0455323  0.00106061
0.0960133  0.0461651  0.00107606
0.096141  0.0468035  0.00109168
0.0962686  0.0474477  0.00110746
0.0963962  0.0480977  0.0011234
0.0965238  0.0487534  0.00113951
0.0966514  0.0494151  0.00115579
0.096779  0.0500827  0.00117223
0.0969066  0.0507562  0.00118885
0.0970342  0.0514359  0.00120564
0.0971618  0.0521216  0.00122261
0.0972894  0.0528135  0.00123976
0.097417  0.0535116  0.00125709
0.0975446  0.0542159  0.0012746
0.0976722  0.0549266  0.0012923
0.0977998  0.0556438  0.00131019
0.0979274  0.0563673  0.00132826
0.098055  0.0570975  0.00134653
0.0981827  0.0578342  0.001365
0.0983103  0.0585775  0.00138366
0.0984379  0.0593276  0.00140253
0.0985655  0.0600845  0.0014216
0.0986931  0.0608483  0.00144087
0.0988207  0.061619  0.00146036
0.0989483  0.0623966  0.00148005
0.0990759  0.0631814  0.00149997
0.0992035  0.0639733  0.0015201
0.0993311  0.0647725  0.00154045
0.0994587  0.0655789  0.00156102
0.0995863  0.0663928  0.00158183
0.0997139  0.0672141  0.00160286
0.0998415  0.0680429  0.00162413
0.0999691  0.0688794  0.00164563
0.100097  0.0697235  0.00166738
0.100224  0.0705754  0.00168937
0.100352  0.0714353  0.00171161
0.10048  0.072303  0.0017341
0.100607  0.0731788  0.00175685
0.100735  0.0740628  0.00177985
0.100862  0.074955  0.00180312
0.10099  0.0758554  0.00182665
0.101118  0.0767643  0.00185046
0.101245  0.0776818  0.00187454
0.101373  0.0786078  0.00189891
0.1015  0.0795425  0.00192355
0.101628  0.080486  0.00194849
0.101756  0.0814384  0.00197371
0.101883  0.0823999  0.00199924
0.102011  0.0833704  0.00202507
0.102138  0.0843502  0.0020512
0.102266  0.0853393  0.00207765
0.102394  0.0863378  0.00210441
0.102521  0.0873459  0.0021315
0.102649  0.0883636  0.00215891
0.102776  0.0893912  0.00218666
0.102904  0.0904286  0.00221474
0.103032  0.0914761  0.00224317
0.103159  0.0925337  0.00227195
0.103287  0.0936015  0.00230109
0.103415  0.0946798  0.00233058
0.103542  0.0957686  0.00236045
0.10367  0.096868  0.00239068
0.103797  0.0979783  0.0024213
0.103925  0.0990994  0.00245231
0.104053  0.100232  0.00248371
0.10418  0.101375  0.0025155
0.104308  0.10253  0.00254771
0.104435  0.103696  0.00258033
0.104563  0.104874  0.00261338
0.104691  0.106064  0.00264685
0.104818  0.107265  0.00268076
0.104946  0.108479  0.00271512
0.105073  0.109705  0.00274992
0.105201  0.110944  0.00278519
0.105329  0.112195  0.00282093
0.105456  0.113458  0.00285715
0.105584  0.114735  0.00289386
0.105711  0.116025  0.00293106
0.105839  0.117328  0.00296877
0.105967  0.118644  0.00300699
0.106094  0.119974  0.00304574
0.106222  0.121318  0.00308502
0.106349  0.122676  0.00312485
0.106477  0.124049  0.00316523
0.106605  0.125435  0.00320618
0.106732  0.126836  0.00324771
0.10686  0.128253  0.00328982
0.106987  0.129684  0.00333254
0.107115  0.13113  0.00337586
0.107243  0.132592  0.00341981
0.10737  0.134069  0.0034644
0.107498  0.135562  0.00350963
0.107626  0.137072  0.00355553
0.107753  0.138598  0.0036021
0.107881  0.14014  0.00364936
0.108008  0.141699  0.00369732
0.108136  0.143276  0.003746
0.108264  0.144869  0.00379541
0.108391  0.146481  0.00384557
0.108519  0.14811  0.00389649
0.108646  0.149757  0.00394819
0.108774  0.151423  0.00400068
0.108902  0.153107  0.00405399
0.109029  0.154811  0.00410812
0.109157  0.156533  0.0041631
0.109284  0.158276  0.00421895
0.109412  0.160038  0.00427567
0.10954  0.16182  0.0043333
0.109667  0.163623  0.00439185
0.109795  0.165446  0.00445135
0.109922  0.167291  0.0045118
0.11005  0.169157  0.00457324
0.110178  0.171045  0.00463568
0.110305  0.172955  0.00469915
0.110433  0.174887  0.00476367
0.11056  0.176843  0.00482927
0.110688  0.178821  0.00489596
0.110816  0.180824  0.00496378
0.110943  0.18285  0.00503274
0.111071  0.184901  0.00510288
0.111198  0.186976  0.00517422
0.111326  0.189077  0.00524679
0.111454  0.191203  0.00532062
0.111581  0.193355  0.00539573
0.111709  0.195534  0.00547216
0.111837  0.19774  0.00554994
0.111964  0.199973  0.0056291
0.112092  0.202234  0.00570967
0.112219  0.204524  0.00579169
0.112347  0.206842  0.00587519
0.112475  0.209189  0.0059602
0.112602  0.211567  0.00604676
0.11273  0.213974  0.00613492
0.112857  0.216413  0.0062247
0.112985  0.218883  0.00631616
0.113113  0.221385  0.00640932
0.11324  0.22392  0.00650423
0.113368  0.226487  0.00660094
0.113495  0.229089  0.00669948
0.113623  0.231725  0.00679991
0.113751  0.234395  0.00690227
0.113878  0.237102  0.00700661
0.114006  0.239844  0.00711298
0.114133  0.242624  0.00722143
0.114261  0.245441  0.00733201
0.114389  0.248296  0.00744478
0.114516  0.25119  0.0075598
0.114644  0.254124  0.00767711
0.114771  0.257099  0.00779679
0.114899  0.260115  0.00791888
0.115027  0.263172  0.00804346
0.115154  0.266273  0.00817059
0.115282  0.269417  0.00830033
0.11541  0.272605  0.00843275
0.115537  0.275839  0.00856793
0.115665  0.279119  0.00870593
0.115792  0.282446  0.00884683
0.11592  0.285821  0.0089907
0.116048  0.289246  0.00913763
0.116175  0.292719  0.0092877
0.116303  0.296244  0.00944098
0.11643  0.299821  0.00959757
0.116558  0.30345  0.00975755
0.116686  0.307134  0.00992101
0.116813  0.310872  0.0100881
0.116941  0.314667  0.0102588
0.117068  0.318519  0.0104333
0.117196  0.32243  0.0106116
0.117324  0.3264  0.010794
0.117451  0.33043  0.0109804
0.117579  0.334523  0.011171
0.117706  0.33868  0.0113659
0.117834  0.342901  0.0115653
0.117962  0.347187  0.0117692
0.118089  0.351542  0.0119778
0.118217  0.355965  0.0121911
0.118344  0.360458  0.0124094
0.118472  0.365023  0.0126328
0.1186  0.369661  0.0128613
0.118727  0.374373  0.0130952
0.118855  0.379162  0.0133346
0.118982  0.384029  0.0135796
0.11911  0.388975  0.0138303
0.119238  0.394002  0.014087
0.119365  0.399112  0.0143498
0.119493  0.404307  0.0146189
0.119621  0.409588  0.0148944
0.119748  0.414958  0.0151764
0.119876  0.420417  0.0154653
0.120003  0.425969  0.015761
0.120131  0.431614  0.0160639
0.120259  0.437356  0.0163741
0.120386  0.443196  0.0166918
0.120514  0.449136  0.0170172
0.120641  0.455178  0.0173504
0.120769  0.461324  0.0176917
0.120897  0.467577  0.0180413
0.121024  0.473939  0.0183994
0.121152  0.480412  0.0187662
0.121279  0.486999  0.0191418
0.121407  0.493702  0.0195265
0.121535  0.500523  0.0199206
0.121662  0.507465  0.0203242
0.12179  0.51453  0.0207375
0.121917  0.521721  0.0211607
0.122045  0.52904  0.0215941
0.122173  0.53649  0.0220379
0.1223  0.544075  0.0224922
0.122428  0.551795  0.0229573
0.122555  0.559655  0.0234335
0.122683  0.567656  0.0239207
0.122811  0.575802  0.0244194
0.122938  0.584096  0.0249296
0.123066  0.59254  0.0254516
0.123193  0.601137  0.0259855
0.123321  0.609889  0.0265314
0.123449  0.618801  0.0270896
0.123576  0.627874  0.0276601
0.123704  0.637112  0.0282431
0.123832  0.646517  0.0288387
0.123959  0.656092  0.029447
0.124087  0.66584  0.030068
0.124214  0.675763  0.0307018
0.124342  0.685866  0.0313483
0.12447  0.696149  0.0320077
0.124597  0.706616  0.0326798
0.124725  0.717269  0.0333646
0.124852  0.728111  0.0340619
0.12498  0.739144  0.0347717
0.125108  0.75037  0.0354937
0.125235  0.761792  0.0362278
0.125363  0.773412  0.0369735
0.12549  0.785231  0.0377307
0.125618  0.797251  0.0384989
0.125746  0.809474  0.0392777
0.125873  0.821901  0.0400666
0.126001  0.834534  0.040865
0.126128  0.847373  0.0416724
0.126256  0.860418  0.042488
0.126384  0.873671  0.043311
0.126511  0.887132  0.0441408
0.126639  0.900799  0.0449763
0.126766  0.914674  0.0458166
0.126894  0.928755  0.0466606
0.127022  0.94304  0.0475073
0.127149  0.957529  0.0483554
0.127277  0.972219  0.0492036
0.127405  0.987109  0.0500507
0.127532  1.00219  0.0508951
0.12766  1.01747  0.0517355
0.127787  1.03294  0.0525703
0.127915  1.0486  0.0533978
0.128043  1.06443  0.0542164
0.12817  1.08044  0.0550244
0.128298  1.09663  0.0558201
0.128425  1.11297  0.0566017
0.128553  1.12948  0.0573674
0.128681  1.14613  0.0581154
0.128808  1.16293  0.0588438
0.128936  1.17987  0.0595508
0.129063  1.19693  0.0602348
0.129191  1.21412  0.0608938
0.129319  1.23141  0.0615262
0.129446  1.24881  0.0621304
0.129574  1.26629  0.0627047
0.129701  1.28386  0.0632476
0.129829  1.30149  0.0637577
0.129957  1.31919  0.0642337
0.130084  1.33694  0.0646744
0.130212  1.35472  0.0650786
0.130339  1.37253  0.0654456
0.130467  1.39035  0.0657743
0.130595  1.40818  0.0660641
0.130722  1.426  0.0663146
0.13085  1.4438  0.0665253
0.130977  1.46157  0.066696
0.131105  1.4793  0.0668266
0.131233  1.49698  0.0669173
0.13136  1.51459  0.0669682
0.131488  1.53213  0.0669797
0.131616  1.54958  0.0669524
0.131743  1.56694  0.0668869
0.131871  1.5842  0.0667839
0.131998  1.60134  0.0666445
0.132126  1.61836  0.0664695
0.132254  1.63525  0.0662601
0.132381  1.65201  0.0660175
0.132509  1.66861  0.065743
0.132636  1.68506  0.0654378
0.132764  1.70135  0.0651035
0.132892  1.71748  0.0647414
0.133019  1.73343  0.0643531
0.133147  1.7492  0.06394
0.133274  1.76479  0.0635037
0.133402  1.7802  0.0630457
0.13353  1.79541  0.0625676
0.133657  1.81043  0.0620708
0.133785  1.82525  0.0615569
0.133912  1.83987  0.0610273
0.13404  1.85429  0.0604836
0.134168  1.86851  0.059927
0.134295  1.88252  0.0593591
0.134423  1.89633  0.0587811
0.13455  1.90992  0.0581942
0.134678  1.92331  0.0575998
0.134806  1.9365  0.0569991
0.134933  1.94947  0.056393
0.135061  1.96224  0.0557828
0.135188  1.97481  0.0551695
0.135316  1.98717  0.0545539
0.135444  1.99933  0.0539371
0.135571  2.01128  0.0533198
0.135699  2.02303  0.0527028
0.135827  2.03459  0.052087
0.135954  2.04595  0.0514729
0.136082  2.05711  0.0508613
0.136209  2.06808  0.0502527
0.136337  2.07887  0.0496477
0.136465  2.08946  0.0490468
0.136592  2.09987  0.0484504
0.13672  2.11009  0.0478589
0.136847  2.12014  0.0472728
0.136975  2.13001  0.0466924
0.137103  2.13971  0.046118
0.13723  2.14923  0.0455498
0.137358  2.15858  0.0449881
0.137485  2.16777  0.0444331
0.137613  2.1768  0.043885
0.137741  2.18566  0.043344
0.137868  2.19437  0.0428101
0.137996  2.20292  0.0422836
0.138123  2.21132  0.0417645
0.138251  2.21957  0.0412528
0.138379  2.22768  0.0407486
0.138506  2.23564  0.040252
0.138634  2.24346  0.0397629
0.138761  2.25114  0.0392815
0.138889  2.25869  0.0388076
0.139017  2.26611  0.0383413
0.139144  2.27339  0.0378825
0.139272  2.28055  0.0374313
0.139399  2.28759  0.0369875
0.139527  2.2945  0.0365511
0.139655  2.30129  0.036122
0.139782  2.30796  0.0357002
0.13991  2.31452  0.0352856
0.140038  2.32097  0.0348782
0.140165  2.32731  0.0344778
0.140293  2.33354  0.0340843
0.14042  2.33966  0.0336977
0.140548  2.34568  0.0333179
0.140676  2.3516  0.0329448
0.140803  2.35742  0.0325782
0.140931  2.36315  0.0322181
0.141058  2.36877  0.0318644
0.141186  2.37431  0.031517
0.141314  2.37975  0.0311758
0.141441  2.38511  0.0308406
0.141569  2.39038  0.0305114
0.141696  2.39556  0.0301881
0.141824  2.40066  0.0298705
0.141952  2.40567  0.0295586
0.142079  2.41061  0.0292523
0.142207  2.41546  0.0289514
0.142334  2.42024  0.0286559
0.142462  2.42495  0.0283656
0.14259  2.42958  0.0280805
0.142717  2.43414  0.0278005
0.142845  2.43863  0.0275254
0.142972  2.44304  0.0272551
0.1431  2.44739  0.0269897
0.143228  2.45168  0.0267289
0.143355  2.4559  0.0264727
0.143483  2.46005  0.026221
0.143611  2.46414  0.0259737
0.143738  2.46817  0.0257307
0.143866  2.47214  0.0254919
0.143993  2.47605  0.0252573
0.144121  2.47991  0.0250268
0.144249  2.4837  0.0248002
0.144376  2.48744  0.0245775
0.144504  2.49113  0.0243587
0.144631  2.49476  0.0241435
0.144759  2.49835  0.0239321
0.144887  2.50188  0.0237242
0.145014  2.50536  0.0235199
0.145142  2.50879  0.0233189
0.145269  2.51217  0.0231214
0.145397  2.5155  0.0229272
0.145525  2.51879  0.0227362
0.145652  2.52203  0.0225484
0.14578  2.52523  0.0223637
0.145907  2.52838  0.022182
0.146035  2.5315  0.0220033
0.146163  2.53456  0.0218275
0.14629  2.53759  0.0216546
0.146418  2.54058  0.0214845
0.146545  2.54352  0.0213172
0.146673  2.54643  0.0211525
0.146801  2.5493  0.0209905
0.146928  2.55213  0.020831
0.147056  2.55492  0.0206741
0.147183  2.55768  0.0205197
0.147311  2.5604  0.0203677
0.147439  2.56309  0.020218
0.147566  2.56574  0.0200708
0.147694  2.56836  0.0199258
0.147822  2.57095  0.019783
0.147949  2.5735  0.0196425
0.148077  2.57602  0.0195041
0.148204  2.57851  0.0193678
0.148332  2.58097  0.0192335
0.14846  2.58339  0.0191014
0.148587  2.58579  0.0189712
0.148715  2.58816  0.0188429
0.148842  2.5905  0.0187166
0.14897  2.59281  0.0185921
0.149098  2.59509  0.0184695
0.149225  2.59735  0.0183487
0.149353  2.59957  0.0182297
0.14948  2.60178  0.0181124
0.149608  2.60395  0.0179968
0.149736  2.6061  0.0178828
0.149863  2.60823  0.0177705
0.149991  2.61033  0.0176599
0.150118  2.6124  0.0175507
0.150246  2.61446  0.0174432
0.150374  2.61648  0.0173372
0.150501  2.61849  0.0172326
0.150629  2.62047  0.0171295
0.150756  2.62243  0.0170279
0.150884  2.62437  0.0169276
0.151012  2.62628  0.0168288
0.151139  2.62818  0.0167313
0.151267  2.63005  0.0166351
0.151394  2.63191  0.0165403
0.151522  2.63374  0.0164467
0.15165  2.63555  0.0163544
0.151777  2.63734  0.0162633
0.151905  2.63912  0.0161735
0.152033  2.64087  0.0160848
0.15216  2.6426  0.0159973
0.152288  2.64432  0.015911
0.152415  2.64602  0.0158258
0.152543  2.6477  0.0157417
0.152671  2.64936  0.0156587
0.152798  2.65101  0.0155768
0.152926  2.65263  0.015496
0.153053  2.65425  0.0154161
0.153181  2.65584  0.0153373
0.153309  2.65742  0.0152595
0.153436  2.65898  0.0151827
0.153564  2.66052  0.0151069
0.153691  2.66205  0.015032
0.153819  2.66357  0.014958
0.153947  2.66507  0.014885
0.154074  2.66655  0.0148128
0.154202  2.66802  0.0147416
0.154329  2.66947  0.0146712
0.154457  2.67091  0.0146017
0.154585  2.67234  0.014533
0.154712  2.67375  0.0144651
0.15484  2.67515  0.0143981
0.154967  2.67653  0.0143319
0.155095  2.6779  0.0142665
0.155223  2.67926  0.0142018
0.15535  2.6806  0.0141379
0.155478  2.68193  0.0140748
0.155606  2.68325  0.0140124
0.155733  2.68456  0.0139507
0.155861  2.68585  0.0138897
0.155988  2.68713  0.0138295
0.156116  2.6884  0.0137699
0.156244  2.68966  0.0137111
0.156371  2.69091  0.0136529
0.156499  2.69214  0.0135953
0.156626  2.69337  0.0135385
0.156754  2.69458  0.0134822
0.156882  2.69578  0.0134266
0.157009  2.69697  0.0133716
0.157137  2.69815  0.0133172
0.157264  2.69931  0.0132635
0.157392  2.70047  0.0132103
0.15752  2.70162  0.0131577
0.157647  2.70276  0.0131057
0.157775  2.70388  0.0130542
0.157902  2.705  0.0130033
0.15803  2.70611  0.012953
0.158158  2.7072  0.0129032
0.158285  2.70829  0.0128539
0.158413  2.70937  0.0128052
0.15854  2.71044  0.0127569
0.158668  2.7115  0.0127092
0.158796  2.71255  0.012662
0.158923  2.71359  0.0126153
0.159051  2.71462  0.0125691
0.159178  2.71565  0.0125233
0.159306  2.71666  0.0124781
0.159434  2.71767  0.0124333
0.159561  2.71867  0.0123889
0.159689  2.71965  0.012345
0.159817  2.72064  0.0123016
0.159944  2.72161  0.0122586
0.160072  2.72257  0.012216
0.160199  2.72353  0.0121739
0.160327  2.72448  0.0121322
0.160455  2.72542  0.0120909
0.160582  2.72635  0.01205
0.16071  2.72728  0.0120095
0.160837  2.7282  0.0119694
0.160965  2.72911  0.0119297
0.161093  2.73001  0.0118905
0.16122  2.73091  0.0118515
0.161348  2.7318  0.011813
0.161475  2.73268  0.0117748
0.161603  2.73355  0.0117371
0.161731  2.73442  0.0116996
0.161858  2.73528  0.0116626
0.161986  2.73614  0.0116258
0.162113  2.73699  0.0115895
0.162241  2.73783  0.0115535
0.162369  2.73866  0.0115178
0.162496  2.73949  0.0114824
0.162624  2.74031  0.0114474
0.162751  2.74113  0.0114127
0.162879  2.74194  0.0113783
0.163007  2.74274  0.0113443
0.163134  2.74354  0.0113106
0.163262  2.74433  0.0112771
0.163389  2.74511  0.011244
0.163517  2.74589  0.0112112
0.163645  2.74666  0.0111787
0.163772  2.74743  0.0111464
0.1639  2.74819  0.0111145
0.164028  2.74895  0.0110828
0.164155  2.7497  0.0110515
0.164283  2.75044  0.0110204
0.16441  2.75118  0.0109896
0.164538  2.75191  0.010959
0.164666  2.75264  0.0109288
0.164793  2.75336  0.0108988
0.164921  2.75408  0.010869
0.165048  2.7548  0.0108395
0.165176  2.7555  0.0108103
0.165304  2.7562  0.0107813
0.165431  2.7569  0.0107526
0.165559  2.75759  0.0107241
0.165686  2.75828  0.0106959
0.165814  2.75896  0.0106679
0.165942  2.75964  0.0106401
0.166069  2.76031  0.0106126
0.166197  2.76098  0.0105853
0.166324  2.76164  0.0105583
0.166452  2.7623  0.0105315
0.16658  2.76296  0.0105048
0.166707  2.76361  0.0104785
0.166835  2.76425  0.0104523
0.166962  2.76489  0.0104263
0.16709  2.76553  0.0104006
0.167218  2.76616  0.0103751
0.167345  2.76679  0.0103498
0.167473  2.76741  0.0103247
0.167601  2.76803  0.0102998
0.167728  2.76864  0.010275
0.167856  2.76926  0.0102505
0.167983  2.76986  0.0102262
0.168111  2.77046  0.0102021
0.168239  2.77106  0.0101782
0.168366  2.77166  0.0101545
0.168494  2.77225  0.0101309
0.168621  2.77283  0.0101076
0.168749  2.77342  0.0100844
0.168877  2.77399  0.0100614
0.169004  2.77457  0.0100386
0.169132  2.77514  0.010016
0.169259  2.77571  0.00999352
0.169387  2.77627  0.00997123
0.169515  2.77683  0.00994913
0.169642  2.77739  0.00992719
0.16977  2.77794  0.00990542
0.169897  2.77849  0.00988381
0.170025  2.77904  0.00986237
0.170153  2.77958  0.0098411
0.17028  2.78012  0.00981998
0.170408  2.78065  0.00979902
0.170535  2.78118  0.00977823
0.170663  2.78171  0.00975758
0.170791  2.78224  0.0097371
0.170918  2.78276  0.00971676
0.171046  2.78328  0.00969658
0.171173  2.78379  0.00967654
0.171301  2.78431  0.00965666
0.171429  2.78481  0.00963692
0.171556  2.78532  0.00961732
0.171684  2.78582  0.00959787
0.171812  2.78632  0.00957856
0.171939  2.78682  0.00955939
0.172067  2.78731  0.00954036
0.172194  2.7878  0.00952146
0.172322  2.78829  0.00950271
0.17245  2.78877  0.00948408
0.172577  2.78926  0.00946559
0.172705  2.78973  0.00944724
0.172832  2.79021  0.00942901
0.17296  2.79068  0.00941091
0.173088  2.79115  0.00939294
0.173215  2.79162  0.0093751
0.173343  2.79208  0.00935738
0.17347  2.79255  0.00933979
0.173598  2.79301  0.00932232
0.173726  2.79346  0.00930497
0.173853  2.79391  0.00928774
0.173981  2.79437  0.00927063
0.174108  2.79481  0.00925364
0.174236  2.79526  0.00923676
0.174364  2.7957  0.00922001
0.174491  2.79614  0.00920336
0.174619  2.79658  0.00918683
0.174746  2.79701  0.00917041
0.174874  2.79745  0.00915411
0.175002  2.79788  0.00913791
0.175129  2.79831  0.00912182
0.175257  2.79873  0.00910584
0.175384  2.79915  0.00908997
0.175512  2.79957  0.0090742
0.17564  2.79999  0.00905854
0.175767  2.80041  0.00904298
0.175895  2.80082  0.00902753
0.176023  2.80123  0.00901218
0.17615  2.80164  0.00899693
0.176278  2.80205  0.00898177
0.176405  2.80245  0.00896672
0.176533  2.80285  0.00895177
0.176661  2.80325  0.00893691
0.176788  2.80365  0.00892215
0.176916  2.80404  0.00890749
0.177043  2.80444  0.00889292
0.177171  2.80483  0.00887844
0.177299  2.80522  0.00886406
0.177426  2.8056  0.00884977
0.177554  2.80599  0.00883557
0.177681  2.80637  0.00882146
0.177809  2.80675  0.00880744
0.177937  2.80713  0.00879351
0.178064  2.8075  0.00877966
0.178192  2.80788  0.00876591
0.178319  2.80825  0.00875224
0.178447  2.80862  0.00873865
0.178575  2.80899  0.00872516
0.178702  2.80935  0.00871174
0.17883  2.80972  0.00869841
0.178957  2.81008  0.00868516
0.179085  2.81044  0.00867199
0.179213  2.8108  0.0086589
0.17934  2.81115  0.0086459
0.179468  2.81151  0.00863297
0.179595  2.81186  0.00862012
0.179723  2.81221  0.00860736
0.179851  2.81256  0.00859466
0.179978  2.81291  0.00858205
0.180106  2.81325  0.00856951
0.180234  2.8136  0.00855705
0.180361  2.81394  0.00854466
0.180489  2.81428  0.00853235
0.180616  2.81462  0.00852011
0.180744  2.81495  0.00850794
0.180872  2.81529  0.00849584
0.180999  2.81562  0.00848382
0.181127  2.81595  0.00847187
0.181254  2.81628  0.00845999
0.181382  2.81661  0.00844818
0.18151  2.81693  0.00843643
0.181637  2.81726  0.00842476
0.181765  2.81758  0.00841316
0.181892  2.8179  0.00840162
0.18202  2.81822  0.00839015
0.182148  2.81854  0.00837875
0.182275  2.81886  0.00836741
0.182403  2.81917  0.00835614
0.18253  2.81948  0.00834493
0.182658  2.8198  0.00833378
0.182786  2.82011  0.0083227
0.182913  2.82041  0.00831169
0.183041  2.82072  0.00830074
0.183168  2.82103  0.00828984
0.183296  2.82133  0.00827901
0.183424  2.82163  0.00826825
0.183551  2.82193  0.00825754
0.183679  2.82223  0.00824689
0.183807  2.82253  0.0082363
0.183934  2.82283  0.00822578
0.184062  2.82312  0.00821531
0.184189  2.82342  0.00820489
0.184317  2.82371  0.00819454
0.184445  2.824  0.00818424
0.184572  2.82429  0.00817401
0.1847  2.82458  0.00816382
0.184827  2.82487  0.0081537
0.184955  2.82515  0.00814363
0.185083  2.82543  0.00813361
0.18521  2.82572  0.00812365
0.185338  2.826  0.00811374
0.185465  2.82628  0.00810389
0.185593  2.82656  0.00809409
0.185721  2.82683  0.00808434
0.185848  2.82711  0.00807465
0.185976  2.82738  0.00806501
0.186103  2.82766  0.00805542
0.186231  2.82793  0.00804588
0.186359  2.8282  0.00803639
0.186486  2.82847  0.00802695
0.186614  2.82874  0.00801756
0.186741  2.82901  0.00800823
0.186869  2.82927  0.00799894
0.186997  2.82954  0.0079897
0.187124  2.8298  0.00798051
0.187252  2.83006  0.00797137
0.187379  2.83032  0.00796228
0.187507  2.83058  0.00795323
0.187635  2.83084  0.00794423
0.187762  2.8311  0.00793528
0.18789  2.83135  0.00792637
0.188018  2.83161  0.00791751
0.188145  2.83186  0.0079087
0.188273  2.83212  0.00789993
0.1884  2.83237  0.00789121
0.188528  2.83262  0.00788253
0.188656  2.83287  0.0078739
0.188783  2.83312  0.00786531
0.188911  2.83336  0.00785676
0.189038  2.83361  0.00784826
0.189166  2.83385  0.0078398
0.189294  2.8341  0.00783139
0.189421  2.83434  0.00782301
0.189549  2.83458  0.00781468
0.189676  2.83482  0.00780639
0.189804  2.83506  0.00779815
0.189932  2.8353  0.00778994
0.190059  2.83554  0.00778177
0.190187  2.83577  0.00777365
0.190314  2.83601  0.00776557
0.190442  2.83624  0.00775752
0.19057  2.83648  0.00774952
0.190697  2.83671  0.00774155
0.190825  2.83694  0.00773363
0.190952  2.83717  0.00772574
0.19108  2.8374  0.0077179
0.191208  2.83763  0.00771009
0.191335  2.83785  0.00770232
0.191463  2.83808  0.00769458
0.19159  2.8383  0.00768689
0.191718  2.83853  0.00767923
0.191846  2.83875  0.00767161
0.191973  2.83897  0.00766403
0.192101  2.8392  0.00765648
0.192229  2.83942  0.00764897
0.192356  2.83963  0.0076415
0.192484  2.83985  0.00763406
0.192611  2.84007  0.00762665
0.192739  2.84029  0.00761929
0.192867  2.8405  0.00761195
0.192994  2.84072  0.00760466
0.193122  2.84093  0.00759739
0.193249  2.84115  0.00759016
0.193377  2.84136  0.00758297
0.193505  2.84157  0.00757581
0.193632  2.84178  0.00756868
0.19376  2.84199  0.00756159
0.193887  2.8422  0.00755453
0.194015  2.8424  0.0075475
0.194143  2.84261  0.00754051
0.19427  2.84282  0.00753355
0.194398  2.84302  0.00752662
0.194525  2.84323  0.00751972
0.194653  2.84343  0.00751286
0.194781  2.84363  0.00750602
0.194908  2.84383  0.00749922
0.195036  2.84404  0.00749245
0.195163  2.84424  0.00748571
0.195291  2.84444  0.007479
0.195419  2.84463  0.00747233
0.195546  2.84483  0.00746568
0.195674  2.84503  0.00745906
0.195802  2.84522  0.00745247
0.195929  2.84542  0.00744592
0.196057  2.84561  0.00743939
0.196184  2.84581  0.00743289
0.196312  2.846  0.00742642
0.19644  2.84619  0.00741998
0.196567  2.84638  0.00741357
0.196695  2.84658  0.00740719
0.196822  2.84676  0.00740084
0.19695  2.84695  0.00739451
0.197078  2.84714  0.00738822
0.197205  2.84733  0.00738195
0.197333  2.84752  0.00737571
0.19746  2.8477  0.00736949
0.197588  2.84789  0.00736331
0.197716  2.84807  0.00735715
0.197843  2.84826  0.00735102
0.197971  2.84844  0.00734491
0.198098  2.84862  0.00733883
0.198226  2.8488  0.00733278
0.198354  2.84899  0.00732676
0.198481  2.84917  0.00732076
0.198609  2.84935  0.00731479
0.198736  2.84952  0.00730884
0.198864  2.8497  0.00730292
0.198992  2.84988  0.00729703
0.199119  2.85006  0.00729116
0.199247  2.85023  0.00728531
0.199374  2.85041  0.00727949
0.199502  2.85058  0.0072737
0.19963  2.85076  0.00726793
0.199757  2.85093  0.00726219
0.199885  2.8511  0.00725647
0.200013  2.85128  0.00725077
0.20014  2.85145  0.0072451
0.200268  2.85162  0.00723945
0.200395  2.85179  0.00723383
0.200523  2.85196  0.00722823
0.200651  2.85213  0.00722265
0.200778  2.8523  0.0072171
0.200906  2.85246  0.00721157
0.201033  2.85263  0.00720607
0.201161  2.8528  0.00720058
0.201289  2.85296  0.00719512
0.201416  2.85313  0.00718969
0.201544  2.85329  0.00718427
0.201671  2.85346  0.00717888
0.201799  2.85362  0.00717351
0.201927  2.85378  0.00716816
0.202054  2.85394  0.00716284
0.202182  2.8541  0.00715753
0.202309  2.85427  0.00715225
0.202437  2.85443  0.00714699
0.202565  2.85459  0.00714175
0.202692  2.85474  0.00713654
0.20282  2.8549  0.00713134
0.202947  2.85506  0.00712617
0.203075  2.85522  0.00712102
0.203203  2.85538  0.00711588
0.20333  2.85553  0.00711077
0.203458  2.85569  0.00710568
0.203585  2.85584  0.00710061
0.203713  2.856  0.00709556
0.203841  2.85615  0.00709053
0.203968  2.8563  0.00708553
0.204096  2.85646  0.00708054
0.204224  2.85661  0.00707557
0.204351  2.85676  0.00707062
0.204479  2.85691  0.00706569
0.204606  2.85706  0.00706078
0.204734  2.85721  0.00705589
0.204862  2.85736  0.00705102
0.204989  2.85751  0.00704617
0.205117  2.85766  0.00704134
0.205244  2.85781  0.00703653
0.205372  2.85795  0.00703173
0.2055  2.8581  0.00702696
0.205627  2.85825  0.0070222
0.205755  2.85839  0.00701747
0.205882  2.85854  0.00701275
0.20601  2.85868  0.00700805
0.206138  2.85883  0.00700336
0.206265  2.85897  0.0069987
0.206393  2.85911  0.00699406
0.20652  2.85926  0.00698943
0.206648  2.8594  0.00698482
0.206776  2.85954  0.00698023
0.206903  2.85968  0.00697565
0.207031  2.85982  0.0069711
0.207158  2.85996  0.00696656
0.207286  2.8601  0.00696204
0.207414  2.86024  0.00695753
0.207541  2.86038  0.00695305
0.207669  2.86052  0.00694858
0.207796  2.86066  0.00694412
0.207924  2.86079  0.00693969
0.208052  2.86093  0.00693527
0.208179  2.86107  0.00693087
0.208307  2.8612  0.00692648
0.208435  2.86134  0.00692212
0.208562  2.86147  0.00691776
0.20869  2.86161  0.00691343
0.208817  2.86174  0.00690911
0.208945  2.86188  0.00690481
0.209073  2.86201  0.00690052
0.2092  2.86214  0.00689625
0.209328  2.86227  0.00689199
0.209455  2.86241  0.00688776
0.209583  2.86254  0.00688353
0.209711  2.86267  0.00687933
0.209838  2.8628  0.00687513
0.209966  2.86293  0.00687096
0.210093  2.86306  0.0068668
0.210221  2.86319  0.00686265
0.210349  2.86332  0.00685852
0.210476  2.86344  0.00685441
0.210604  2.86357  0.00685031
0.210731  2.8637  0.00684623
0.210859  2.86383  0.00684216
0.210987  2.86395  0.0068381
0.211114  2.86408  0.00683406
0.211242  2.8642  0.00683004
0.211369  2.86433  0.00682603
0.211497  2.86445  0.00682203
0.211625  2.86458  0.00681805
0.211752  2.8647  0.00681408
0.21188  2.86483  0.00681013
0.212008  2.86495  0.00680619
0.212135  2.86507  0.00680227
0.212263  2.86519  0.00679836
0.21239  2.86532  0.00679447
0.212518  2.86544  0.00679058
0.212646  2.86556  0.00678672
0.212773  2.86568  0.00678286
0.212901  2.8658  0.00677902
0.213028  2.86592  0.0067752
0.213156  2.86604  0.00677138
0.213284  2.86616  0.00676759
0.213411  2.86628  0.0067638
0.213539  2.8664  0.00676003
0.213666  2.86652  0.00675627
0.213794  2.86663  0.00675252
0.213922  2.86675  0.00674879
0.214049  2.86687  0.00674507
0.214177  2.86698  0.00674137
0.214304  2.8671  0.00673767
0.214432  2.86722  0.00673399
0.21456  2.86733  0.00673033
0.214687  2.86745  0.00672667
0.214815  2.86756  0.00672303
0.214942  2.86768  0.0067194
0.21507  2.86779  0.00671579
0.215198  2.8679  0.00671218
0.215325  2.86802  0.00670859
0.215453  2.86813  0.00670502
0.21558  2.86824  0.00670145
0.215708  2.86835  0.0066979
0.215836  2.86847  0.00669435
0.215963  2.86858  0.00669082
0.216091  2.86869  0.00668731
0.216219  2.8688  0.0066838
0.216346  2.86891  0.00668031
0.216474  2.86902  0.00667683
0.216601  2.86913  0.00667336
0.216729  2.86924  0.0066699
0.216857  2.86935  0.00666646
0.216984  2.86946  0.00666302
0.217112  2.86956  0.0066596
0.217239  2.86967  0.00665619
0.217367  2.86978  0.00665279
0.217495  2.86989  0.0066494
0.217622  2.86999  0.00664603
0.21775  2.8701  0.00664266
0.217877  2.87021  0.00663931
0.218005  2.87031  0.00663597
0.218133  2.87042  0.00663264
0.21826  2.87052  0.00662932
0.218388  2.87063  0.00662601
0.218515  2.87073  0.00662271
0.218643  2.87084  0.00661943
0.218771  2.87094  0.00661615
0.218898  2.87105  0.00661289
0.219026  2.87115  0.00660963
0.219153  2.87125  0.00660639
0.219281  2.87136  0.00660316
0.219409  2.87146  0.00659994
0.219536  2.87156  0.00659673
0.219664  2.87166  0.00659353
0.219791  2.87176  0.00659034
0.219919  2.87186  0.00658716
0.220047  2.87197  0.00658399
0.220174  2.87207  0.00658083
0.220302  2.87217  0.00657768
0.22043  2.87227  0.00657455
0.220557  2.87237  0.00657142
0.220685  2.87247  0.0065683
0.220812  2.87256  0.00656519
0.22094  2.87266  0.0065621
0.221068  2.87276  0.00655901
0.221195  2.87286  0.00655593
0.221323  2.87296  0.00655287
0.22145  2.87306  0.00654981
0.221578  2.87315  0.00654676
0.221706  2.87325  0.00654373
0.221833  2.87335  0.0065407
0.221961  2.87344  0.00653768
0.222088  2.87354  0.00653467
0.222216  2.87364  0.00653167
0.222344  2.87373  0.00652869
0.222471  2.87383  0.00652571
0.222599  2.87392  0.00652274
0.222726  2.87402  0.00651978
0.222854  2.87411  0.00651683
0.222982  2.87421  0.00651388
0.223109  2.8743  0.00651095
0.223237  2.87439  0.00650803
0.223364  2.87449  0.00650512
0.223492  2.87458  0.00650221
0.22362  2.87467  0.00649932
0.223747  2.87476  0.00649643
0.223875  2.87486  0.00649355
0.224003  2.87495  0.00649069
0.22413  2.87504  0.00648783
0.224258  2.87513  0.00648498
0.224385  2.87522  0.00648214
0.224513  2.87531  0.0064793
0.224641  2.87541  0.00647648
0.224768  2.8755  0.00647367
0.224896  2.87559  0.00647086
0.225023  2.87568  0.00646806
0.225151  2.87577  0.00646528
0.225279  2.87585  0.0064625
0.225406  2.87594  0.00645973
0.225534  2.87603  0.00645696
0.225661  2.87612  0.00645421
0.225789  2.87621  0.00645146
0.225917  2.8763  0.00644873
0.226044  2.87639  0.006446
0.226172  2.87647  0.00644328
0.226299  2.87656  0.00644057
0.226427  2.87665  0.00643786
0.226555  2.87674  0.00643517
0.226682  2.87682  0.00643248
0.22681  2.87691  0.0064298
0.226937  2.87699  0.00642713
0.227065  2.87708  0.00642447
0.227193  2.87717  0.00642182
0.22732  2.87725  0.00641917
0.227448  2.87734  0.00641653
0.227575  2.87742  0.0064139
0.227703  2.87751  0.00641128
0.227831  2.87759  0.00640866
0.227958  2.87767  0.00640606
0.228086  2.87776  0.00640346
0.228214  2.87784  0.00640087
0.228341  2.87793  0.00639829
0.228469  2.87801  0.00639571
0.228596  2.87809  0.00639314
0.228724  2.87818  0.00639058
0.228852  2.87826  0.00638803
0.228979  2.87834  0.00638549
0.229107  2.87842  0.00638295
0.229234  2.8785  0.00638042
0.229362  2.87859  0.0063779
0.22949  2.87867  0.00637538
0.229617  2.87875  0.00637288
0.229745  2.87883  0.00637038
0.229872  2.87891  0.00636788
0.23  2.87899  0.0063654
