279  -1.04304e-06  2.80571e-08
279.893  1.30202e-05  3.50263e-07
280.786  4.20885e-05  1.13232e-06
281.68  8.06533e-05  2.17001e-06
282.573  0.000126784  3.41144e-06
283.466  0.000179409  4.8278e-06
284.359  0.00023782  6.40007e-06
285.253  0.000301503  8.11447e-06
286.146  0.000370065  9.96042e-06
287.039  0.000443192  1.19295e-05
287.932  0.000520626  1.40148e-05
288.826  0.000602151  1.62106e-05
289.719  0.000687583  1.85118e-05
290.612  0.000776761  2.09143e-05
291.505  0.000869547  2.34142e-05
292.399  0.000965816  2.60082e-05
293.292  0.00106546  2.86935e-05
294.185  0.00116837  3.14672e-05
295.078  0.00127448  3.43272e-05
295.972  0.00138368  3.72711e-05
296.865  0.00149591  4.0297e-05
297.758  0.00161111  4.34031e-05
298.651  0.0017292  4.65877e-05
299.545  0.00185014  4.98493e-05
300.438  0.00197387  5.31864e-05
301.331  0.00210033  5.65978e-05
302.224  0.00222949  6.00822e-05
303.118  0.0023613  6.36385e-05
304.011  0.00249572  6.72657e-05
304.904  0.00263271  7.09626e-05
305.797  0.00277225  7.47285e-05
306.691  0.00291429  7.85624e-05
307.584  0.0030588  8.24636e-05
308.477  0.00320577  8.64311e-05
309.37  0.00335515  9.04645e-05
310.264  0.00350693  9.45629e-05
311.157  0.00366108  9.87257e-05
312.05  0.00381758  0.000102952
312.943  0.0039764  0.000107242
313.837  0.00413753  0.000111595
314.73  0.00430096  0.00011601
315.623  0.00446665  0.000120486
316.516  0.00463459  0.000125024
317.41  0.00480478  0.000129623
318.303  0.00497718  0.000134283
319.196  0.0051518  0.000139002
320.089  0.00532861  0.000143782
320.982  0.0055076  0.00014862
321.876  0.00568877  0.000153518
322.769  0.0058721  0.000158475
323.662  0.00605757  0.00016349
324.555  0.00624519  0.000168564
325.449  0.00643494  0.000173696
326.342  0.00662681  0.000178885
327.235  0.0068208  0.000184132
328.128  0.00701689  0.000189437
329.022  0.00721508  0.000194799
329.915  0.00741537  0.000200218
330.808  0.00761774  0.000205694
331.701  0.0078222  0.000211227
332.595  0.00802874  0.000216817
333.488  0.00823734  0.000222463
334.381  0.00844802  0.000228166
335.274  0.00866076  0.000233924
336.168  0.00887556  0.00023974
337.061  0.00909242  0.000245611
337.954  0.00931134  0.000251539
338.847  0.0095323  0.000257522
339.741  0.00975532  0.000263562
340.634  0.00998039  0.000269658
341.527  0.0102075  0.000275809
342.42  0.0104367  0.000282017
343.314  0.0106679  0.00028828
344.207  0.0109011  0.0002946
345.1  0.0111364  0.000300975
345.993  0.0113738  0.000307406
346.887  0.0116132  0.000313893
347.78  0.0118546  0.000320436
348.673  0.0120981  0.000327035
349.566  0.0123436  0.000333691
350.46  0.0125912  0.000340402
351.353  0.0128409  0.000347169
352.246  0.0130926  0.000353993
353.139  0.0133463  0.000360873
354.033  0.0136021  0.000367809
354.926  0.01386  0.000374802
355.819  0.01412  0.000381851
356.712  0.014382  0.000388957
357.606  0.014646  0.000396119
358.499  0.0149122  0.000403338
359.392  0.0151804  0.000410615
360.285  0.0154507  0.000417948
361.178  0.0157232  0.000425338
362.072  0.0159977  0.000432786
362.965  0.0162742  0.000440291
363.858  0.0165529  0.000447854
364.751  0.0168337  0.000455474
365.645  0.0171167  0.000463152
366.538  0.0174017  0.000470888
367.431  0.0176888  0.000478683
368.324  0.0179781  0.000486535
369.218  0.0182695  0.000494446
370.111  0.0185631  0.000502416
371.004  0.0188588  0.000510445
371.897  0.0191567  0.000518533
372.791  0.0194567  0.000526679
373.684  0.0197589  0.000534886
374.577  0.0200633  0.000543152
375.47  0.0203698  0.000551478
376.364  0.0206786  0.000559864
377.257  0.0209895  0.00056831
378.15  0.0213027  0.000576816
379.043  0.021618  0.000585384
379.937  0.0219356  0.000594012
380.83  0.0222554  0.000602702
381.723  0.0225775  0.000611453
382.616  0.0229018  0.000620265
383.51  0.0232284  0.00062914
384.403  0.0235572  0.000638077
385.296  0.0238883  0.000647076
386.189  0.0242217  0.000656138
387.083  0.0245574  0.000665263
387.976  0.0248954  0.000674451
388.869  0.0252358  0.000683702
389.762  0.0255784  0.000693018
390.656  0.0259234  0.000702398
391.549  0.0262708  0.000711842
392.442  0.0266205  0.000721351
393.335  0.0269725  0.000730924
394.229  0.027327  0.000740564
395.122  0.0276838  0.000750268
396.015  0.0280431  0.000760039
396.908  0.0284048  0.000769876
397.802  0.0287689  0.00077978
398.695  0.0291354  0.000789751
399.588  0.0295044  0.000799789
400.481  0.0298759  0.000809895
401.374  0.0302498  0.000820069
402.268  0.0306262  0.000830311
403.161  0.0310052  0.000840622
404.054  0.0313866  0.000851002
404.947  0.0317706  0.000861451
405.841  0.0321572  0.00087197
406.734  0.0325463  0.00088256
407.627  0.032938  0.00089322
408.52  0.0333322  0.000903952
409.414  0.0337291  0.000914754
410.307  0.0341286  0.000925629
411.2  0.0345307  0.000936575
412.093  0.0349355  0.000947595
412.987  0.0353429  0.000958687
413.88  0.035753  0.000969853
414.773  0.0361659  0.000981093
415.666  0.0365814  0.000992408
416.56  0.0369996  0.0010038
417.453  0.0374206  0.00101526
418.346  0.0378444  0.0010268
419.239  0.0382709  0.00103842
420.133  0.0387003  0.00105011
421.026  0.0391324  0.00106188
421.919  0.0395674  0.00107373
422.812  0.0400052  0.00108565
423.706  0.0404459  0.00109766
424.599  0.0408895  0.00110974
425.492  0.0413359  0.00112191
426.385  0.0417853  0.00113415
427.279  0.0422377  0.00114647
428.172  0.042693  0.00115888
429.065  0.0431512  0.00117136
429.958  0.0436125  0.00118393
430.852  0.0440768  0.00119659
431.745  0.0445441  0.00120932
432.638  0.0450145  0.00122214
433.531  0.045488  0.00123504
434.425  0.0459646  0.00124803
435.318  0.0464443  0.0012611
436.211  0.0469271  0.00127426
437.104  0.0474131  0.00128751
437.997  0.0479023  0.00130085
438.891  0.0483947  0.00131427
439.784  0.0488903  0.00132778
440.677  0.0493892  0.00134138
441.57  0.0498913  0.00135507
442.464  0.0503968  0.00136885
443.357  0.0509056  0.00138272
444.25  0.0514177  0.00139668
445.143  0.0519332  0.00141074
446.037  0.0524521  0.00142488
446.93  0.0529745  0.00143913
447.823  0.0535002  0.00145346
448.716  0.0540295  0.00146789
449.61  0.0545622  0.00148242
450.503  0.0550985  0.00149704
451.396  0.0556383  0.00151176
452.289  0.0561817  0.00152658
453.183  0.0567287  0.0015415
454.076  0.0572793  0.00155652
454.969  0.0578336  0.00157163
455.862  0.0583916  0.00158685
456.756  0.0589533  0.00160217
457.649  0.0595187  0.00161759
458.542  0.0600879  0.00163312
459.435  0.0606609  0.00164875
460.329  0.0612378  0.00166448
461.222  0.0618185  0.00168032
462.115  0.0624031  0.00169626
463.008  0.0629916  0.00171232
463.902  0.0635841  0.00172848
464.795  0.0641805  0.00174475
465.688  0.064781  0.00176113
466.581  0.0653855  0.00177762
467.475  0.0659941  0.00179422
468.368  0.0666069  0.00181093
469.261  0.0672237  0.00182776
470.154  0.0678448  0.0018447
471.048  0.0684701  0.00186176
471.941  0.0690996  0.00187893
472.834  0.0697334  0.00189622
473.727  0.0703716  0.00191363
474.621  0.0710141  0.00193116
475.514  0.071661  0.0019488
476.407  0.0723123  0.00196657
477.3  0.0729681  0.00198446
478.193  0.0736284  0.00200247
479.087  0.0742933  0.00202061
479.98  0.0749627  0.00203887
480.873  0.0756368  0.00205726
481.766  0.0763155  0.00207577
482.66  0.076999  0.00209441
483.553  0.0776872  0.00211319
484.446  0.0783802  0.00213209
485.339  0.079078  0.00215112
486.233  0.0797806  0.00217029
487.126  0.0804882  0.00218959
488.019  0.0812008  0.00220902
488.912  0.0819184  0.00222859
489.806  0.082641  0.0022483
490.699  0.0833687  0.00226815
491.592  0.0841015  0.00228813
492.485  0.0848395  0.00230826
493.379  0.0855828  0.00232853
494.272  0.0863313  0.00234894
495.165  0.0870851  0.00236949
496.058  0.0878444  0.0023902
496.952  0.088609  0.00241105
497.845  0.0893792  0.00243204
498.738  0.0901548  0.00245319
499.631  0.090936  0.00247449
500.525  0.0917229  0.00249594
501.418  0.0925155  0.00251754
502.311  0.0933137  0.0025393
503.204  0.0941178  0.00256122
504.098  0.0949277  0.0025833
504.991  0.0957435  0.00260553
505.884  0.0965653  0.00262793
506.777  0.0973931  0.00265048
507.671  0.0982269  0.0026732
508.564  0.0990669  0.00269609
509.457  0.099913  0.00271915
510.35  0.100765  0.00274237
511.244  0.101624  0.00276576
512.137  0.102489  0.00278933
513.03  0.103361  0.00281306
513.923  0.104239  0.00283698
514.817  0.105123  0.00286106
515.71  0.106015  0.00288533
516.603  0.106912  0.00290978
517.496  0.107817  0.00293441
518.389  0.108729  0.00295922
519.283  0.109647  0.00298422
520.176  0.110572  0.0030094
521.069  0.111505  0.00303478
521.962  0.112444  0.00306034
522.856  0.113391  0.0030861
523.749  0.114345  0.00311205
524.642  0.115306  0.0031382
525.535  0.116274  0.00316454
526.429  0.117251  0.00319109
527.322  0.118234  0.00321783
528.215  0.119226  0.00324478
529.108  0.120225  0.00327194
530.002  0.121231  0.00329931
530.895  0.122246  0.00332688
531.788  0.123269  0.00335467
532.681  0.124299  0.00338267
533.575  0.125338  0.00341089
534.468  0.126385  0.00343933
535.361  0.12744  0.00346798
536.254  0.128504  0.00349686
537.148  0.129576  0.00352597
538.041  0.130657  0.0035553
538.934  0.131746  0.00358487
539.827  0.132845  0.00361466
540.721  0.133952  0.00364469
541.614  0.135068  0.00367496
542.507  0.136193  0.00370546
543.4  0.137327  0.00373621
544.294  0.138471  0.00376721
545.187  0.139623  0.00379845
546.08  0.140786  0.00382993
546.973  0.141958  0.00386167
547.867  0.143139  0.00389367
548.76  0.14433  0.00392592
549.653  0.145532  0.00395844
550.546  0.146743  0.00399121
551.44  0.147964  0.00402425
552.333  0.149196  0.00405756
553.226  0.150438  0.00409114
554.119  0.15169  0.004125
555.013  0.152953  0.00415913
555.906  0.154227  0.00419354
556.799  0.155512  0.00422823
557.692  0.156807  0.00426321
558.585  0.158114  0.00429848
559.479  0.159432  0.00433404
560.372  0.160761  0.00436989
561.265  0.162102  0.00440605
562.158  0.163455  0.0044425
563.052  0.164819  0.00447926
563.945  0.166195  0.00451633
564.838  0.167583  0.00455371
565.731  0.168984  0.0045914
566.625  0.170397  0.00462941
567.518  0.171822  0.00466774
568.411  0.17326  0.0047064
569.304  0.174711  0.00474538
570.198  0.176174  0.0047847
571.091  0.177651  0.00482436
571.984  0.179141  0.00486435
572.877  0.180645  0.00490468
573.771  0.182162  0.00494537
574.664  0.183693  0.0049864
575.557  0.185238  0.00502779
576.45  0.186798  0.00506954
577.344  0.188371  0.00511165
578.237  0.189959  0.00515412
579.13  0.191562  0.00519697
580.023  0.193179  0.00524019
580.917  0.194812  0.00528379
581.81  0.19646  0.00532777
582.703  0.198124  0.00537214
583.596  0.199803  0.0054169
584.49  0.201498  0.00546206
585.383  0.203209  0.00550761
586.276  0.204936  0.00555357
587.169  0.20668  0.00559994
588.063  0.208441  0.00564673
588.956  0.210218  0.00569393
589.849  0.212013  0.00574156
590.742  0.213825  0.00578961
591.636  0.215655  0.0058381
592.529  0.217502  0.00588702
593.422  0.219368  0.00593639
594.315  0.221252  0.0059862
595.209  0.223155  0.00603647
596.102  0.225076  0.00608719
596.995  0.227017  0.00613837
597.888  0.228977  0.00619002
598.781  0.230957  0.00624215
599.675  0.232956  0.00629475
600.568  0.234976  0.00634784
601.461  0.237016  0.00640141
602.354  0.239077  0.00645548
603.248  0.241159  0.00651004
604.141  0.243263  0.00656512
605.034  0.245388  0.0066207
605.927  0.247535  0.0066768
606.821  0.249704  0.00673342
607.714  0.251896  0.00679056
608.607  0.254111  0.00684824
609.5  0.256349  0.00690646
610.394  0.258611  0.00696523
611.287  0.260896  0.00702454
612.18  0.263206  0.00708441
613.073  0.265541  0.00714484
613.967  0.2679  0.00720585
614.86  0.270285  0.00726742
615.753  0.272695  0.00732958
616.646  0.275132  0.00739232
617.54  0.277595  0.00745566
618.433  0.280085  0.0075196
619.326  0.282602  0.00758414
620.219  0.285147  0.00764929
621.113  0.28772  0.00771506
622.006  0.290322  0.00778146
622.899  0.292952  0.00784848
623.792  0.295612  0.00791615
624.686  0.298302  0.00798445
625.579  0.301022  0.00805341
626.472  0.303772  0.00812302
627.365  0.306554  0.00819329
628.259  0.309368  0.00826423
629.152  0.312214  0.00833585
630.045  0.315092  0.00840814
630.938  0.318004  0.00848113
631.832  0.320949  0.00855481
632.725  0.323929  0.00862918
633.618  0.326943  0.00870427
634.511  0.329993  0.00878006
635.405  0.333079  0.00885658
636.298  0.336201  0.00893381
637.191  0.33936  0.00901178
638.084  0.342556  0.00909048
638.977  0.345791  0.00916993
639.871  0.349064  0.00925012
640.764  0.352377  0.00933107
641.657  0.35573  0.00941277
642.55  0.359124  0.00949523
643.444  0.362559  0.00957847
644.337  0.366036  0.00966248
645.23  0.369556  0.00974727
646.123  0.373119  0.00983284
647.017  0.376726  0.00991919
647.91  0.380378  0.0100063
648.803  0.384075  0.0100943
649.696  0.387818  0.010183
650.59  0.391609  0.0102726
651.483  0.395447  0.0103629
652.376  0.399334  0.0104541
653.269  0.40327  0.0105461
654.163  0.407256  0.0106388
655.056  0.411294  0.0107325
655.949  0.415383  0.0108269
656.842  0.419524  0.0109221
657.736  0.423719  0.0110182
658.629  0.427969  0.011115
659.522  0.432274  0.0112127
660.415  0.436635  0.0113112
661.309  0.441053  0.0114105
662.202  0.445529  0.0115107
663.095  0.450064  0.0116116
663.988  0.454659  0.0117134
664.882  0.459315  0.0118159
665.775  0.464032  0.0119193
666.668  0.468813  0.0120234
667.561  0.473658  0.0121283
668.455  0.478568  0.012234
669.348  0.483544  0.0123405
670.241  0.488587  0.0124477
671.134  0.493698  0.0125557
672.028  0.498878  0.0126644
672.921  0.50413  0.0127739
673.814  0.509452  0.012884
674.707  0.514848  0.0129949
675.601  0.520317  0.0131064
676.494  0.525861  0.0132186
677.387  0.531482  0.0133314
678.28  0.53718  0.0134449
679.173  0.542957  0.013559
680.067  0.548814  0.0136736
680.96  0.554752  0.0137888
681.853  0.560772  0.0139045
682.746  0.566876  0.0140207
683.64  0.573065  0.0141374
684.533  0.579341  0.0142545
685.426  0.585704  0.0143721
686.319  0.592155  0.0144899
687.213  0.598697  0.0146081
688.106  0.60533  0.0147266
688.999  0.612056  0.0148454
689.892  0.618876  0.0149643
690.786  0.625792  0.0150834
691.679  0.632804  0.0152025
692.572  0.639914  0.0153217
693.465  0.647124  0.0154409
694.359  0.654434  0.0155601
695.252  0.661846  0.0156791
696.145  0.669361  0.0157979
697.038  0.676981  0.0159165
697.932  0.684707  0.0160347
698.825  0.69254  0.0161526
699.718  0.700481  0.0162699
700.611  0.708531  0.0163867
701.505  0.716693  0.0165029
702.398  0.724966  0.0166184
703.291  0.733352  0.0167331
704.184  0.741852  0.0168469
705.078  0.750468  0.0169598
705.971  0.759199  0.0170715
706.864  0.768048  0.0171821
707.757  0.777015  0.0172915
708.651  0.786101  0.0173995
709.544  0.795307  0.017506
710.437  0.804633  0.0176109
711.33  0.814081  0.0177142
712.224  0.82365  0.0178157
713.117  0.833342  0.0179153
714.01  0.843157  0.018013
714.903  0.853095  0.0181085
715.796  0.863157  0.0182017
716.69  0.873343  0.0182927
717.583  0.883653  0.0183812
718.476  0.894087  0.0184671
719.369  0.904645  0.0185504
720.263  0.915327  0.0186309
721.156  0.926132  0.0187085
722.049  0.93706  0.0187831
722.942  0.948111  0.0188547
723.836  0.959283  0.018923
724.729  0.970576  0.0189881
725.622  0.981989  0.0190498
726.515  0.993521  0.0191081
727.409  1.00517  0.0191628
728.302  1.01694  0.0192139
729.195  1.02882  0.0192614
730.088  1.04081  0.0193051
730.982  1.05291  0.019345
731.875  1.06512  0.0193811
732.768  1.07744  0.0194134
733.661  1.08986  0.0194417
734.555  1.10239  0.0194662
735.448  1.11501  0.0194868
736.341  1.12773  0.0195035
737.234  1.14054  0.0195163
738.128  1.15344  0.0195252
739.021  1.16642  0.0195304
739.914  1.17949  0.0195318
740.807  1.19264  0.0195295
741.701  1.20586  0.0195236
742.594  1.21915  0.0195142
743.487  1.23251  0.0195013
744.38  1.24593  0.0194851
745.274  1.25941  0.0194658
746.167  1.27294  0.0194433
747.06  1.28652  0.019418
747.953  1.30014  0.0193898
748.847  1.3138  0.0193591
749.74  1.3275  0.0193258
750.633  1.34122  0.0192903
751.526  1.35497  0.0192527
752.42  1.36874  0.0192131
753.313  1.38251  0.0191717
754.206  1.3963  0.0191288
755.099  1.41009  0.0190845
755.992  1.42387  0.019039
756.886  1.43765  0.0189925
757.779  1.45142  0.0189451
758.672  1.46516  0.0188971
759.565  1.47889  0.0188486
760.459  1.49258  0.0187997
761.352  1.50624  0.0187507
762.245  1.51986  0.0187017
763.138  1.53344  0.0186527
764.032  1.54697  0.0186041
764.925  1.56044  0.0185558
765.818  1.57386  0.018508
766.711  1.58721  0.0184608
767.605  1.6005  0.0184143
768.498  1.61372  0.0183686
769.391  1.62686  0.0183237
770.284  1.63993  0.0182796
771.178  1.65291  0.0182366
772.071  1.6658  0.0181945
772.964  1.67861  0.0181533
773.857  1.69132  0.0181133
774.751  1.70394  0.0180742
775.644  1.71646  0.0180361
776.537  1.72888  0.0179991
777.43  1.74119  0.017963
778.324  1.7534  0.0179279
779.217  1.76549  0.0178938
780.11  1.77748  0.0178605
781.003  1.78936  0.017828
781.897  1.80111  0.0177964
782.79  1.81276  0.0177655
783.683  1.82429  0.0177353
784.576  1.83569  0.0177058
785.47  1.84698  0.0176768
786.363  1.85815  0.0176483
787.256  1.86919  0.0176204
788.149  1.88012  0.0175928
789.043  1.89092  0.0175655
789.936  1.90159  0.0175386
790.829  1.91215  0.0175119
791.722  1.92257  0.0174853
792.616  1.93288  0.0174589
793.509  1.94306  0.0174325
794.402  1.95312  0.0174062
795.295  1.96305  0.0173799
796.188  1.97286  0.0173534
797.082  1.98255  0.0173269
797.975  1.99211  0.0173002
798.868  2.00156  0.0172734
799.761  2.01088  0.0172463
800.655  2.02008  0.017219
801.548  2.02916  0.0171914
802.441  2.03813  0.0171634
803.334  2.04697  0.0171352
804.228  2.0557  0.0171067
805.121  2.06431  0.0170777
806.014  2.07281  0.0170484
806.907  2.08119  0.0170188
807.801  2.08946  0.0169887
808.694  2.09762  0.0169582
809.587  2.10567  0.0169273
810.48  2.11361  0.016896
811.374  2.12144  0.0168643
812.267  2.12917  0.0168321
813.16  2.13678  0.0167996
814.053  2.1443  0.0167666
814.947  2.15171  0.0167332
815.84  2.15902  0.0166994
816.733  2.16623  0.0166652
817.626  2.17334  0.0166307
818.52  2.18035  0.0165957
819.413  2.18726  0.0165604
820.306  2.19408  0.0165246
821.199  2.20081  0.0164886
822.093  2.20744  0.0164522
822.986  2.21399  0.0164154
823.879  2.22044  0.0163783
824.772  2.2268  0.016341
825.666  2.23308  0.0163033
826.559  2.23927  0.0162653
827.452  2.24537  0.0162271
828.345  2.25139  0.0161885
829.239  2.25733  0.0161498
830.132  2.26319  0.0161108
831.025  2.26897  0.0160716
831.918  2.27467  0.0160321
832.812  2.2803  0.0159925
833.705  2.28584  0.0159527
834.598  2.29131  0.0159127
835.491  2.29671  0.0158726
836.384  2.30204  0.0158323
837.278  2.30729  0.0157918
838.171  2.31248  0.0157513
839.064  2.31759  0.0157106
839.957  2.32264  0.0156699
840.851  2.32762  0.015629
841.744  2.33253  0.0155881
842.637  2.33738  0.0155471
843.53  2.34217  0.0155061
844.424  2.34689  0.015465
845.317  2.35155  0.0154238
846.21  2.35615  0.0153827
847.103  2.36069  0.0153415
847.997  2.36517  0.0153004
848.89  2.36959  0.0152592
849.783  2.37396  0.0152181
850.676  2.37827  0.0151769
851.57  2.38253  0.0151358
852.463  2.38673  0.0150948
853.356  2.39088  0.0150537
854.249  2.39497  0.0150128
855.143  2.39901  0.0149719
856.036  2.40301  0.014931
856.929  2.40695  0.0148902
857.822  2.41084  0.0148496
858.716  2.41469  0.0148089
859.609  2.41849  0.0147684
860.502  2.42224  0.014728
861.395  2.42594  0.0146877
862.289  2.4296  0.0146475
863.182  2.43322  0.0146074
864.075  2.43679  0.0145674
864.968  2.44032  0.0145276
865.862  2.4438  0.0144879
866.755  2.44725  0.0144483
867.648  2.45065  0.0144088
868.541  2.45401  0.0143695
869.435  2.45733  0.0143303
870.328  2.46061  0.0142913
871.221  2.46386  0.0142524
872.114  2.46706  0.0142137
873.008  2.47023  0.0141751
873.901  2.47336  0.0141367
874.794  2.47646  0.0140984
875.687  2.47952  0.0140603
876.58  2.48254  0.0140224
877.474  2.48553  0.0139847
878.367  2.48849  0.0139471
879.26  2.49141  0.0139096
880.153  2.4943  0.0138724
881.047  2.49715  0.0138353
881.94  2.49998  0.0137984
882.833  2.50277  0.0137617
883.726  2.50553  0.0137252
884.62  2.50827  0.0136888
885.513  2.51097  0.0136527
886.406  2.51364  0.0136167
887.299  2.51628  0.0135809
888.193  2.51889  0.0135452
889.086  2.52148  0.0135098
889.979  2.52403  0.0134745
890.872  2.52656  0.0134395
891.766  2.52907  0.0134046
892.659  2.53154  0.0133699
893.552  2.53399  0.0133354
894.445  2.53641  0.0133011
895.339  2.53881  0.013267
896.232  2.54118  0.013233
897.125  2.54353  0.0131993
898.018  2.54585  0.0131657
898.912  2.54815  0.0131323
899.805  2.55043  0.0130992
900.698  2.55268  0.0130662
901.591  2.55491  0.0130333
902.485  2.55711  0.0130007
903.378  2.5593  0.0129683
904.271  2.56146  0.012936
905.164  2.5636  0.012904
906.058  2.56571  0.0128721
906.951  2.56781  0.0128404
907.844  2.56989  0.0128089
908.737  2.57194  0.0127776
909.631  2.57398  0.0127465
910.524  2.57599  0.0127155
911.417  2.57799  0.0126848
912.31  2.57996  0.0126542
913.204  2.58192  0.0126238
914.097  2.58385  0.0125936
914.99  2.58577  0.0125636
915.883  2.58767  0.0125337
916.776  2.58955  0.012504
917.67  2.59142  0.0124745
918.563  2.59326  0.0124452
919.456  2.59509  0.0124161
920.349  2.5969  0.0123871
921.243  2.5987  0.0123583
922.136  2.60047  0.0123297
923.029  2.60223  0.0123013
923.922  2.60398  0.012273
924.816  2.6057  0.0122449
925.709  2.60742  0.012217
926.602  2.60911  0.0121892
927.495  2.61079  0.0121616
928.389  2.61246  0.0121342
929.282  2.61411  0.012107
930.175  2.61574  0.0120799
931.068  2.61737  0.012053
931.962  2.61897  0.0120262
932.855  2.62056  0.0119996
933.748  2.62214  0.0119732
934.641  2.6237  0.011947
935.535  2.62525  0.0119209
936.428  2.62679  0.0118949
937.321  2.62831  0.0118691
938.214  2.62982  0.0118435
939.108  2.63132  0.011818
940.001  2.6328  0.0117927
940.894  2.63427  0.0117676
941.787  2.63573  0.0117426
942.681  2.63717  0.0117177
943.574  2.6386  0.011693
944.467  2.64002  0.0116685
945.36  2.64143  0.0116441
946.254  2.64283  0.0116198
947.147  2.64421  0.0115957
948.04  2.64558  0.0115718
948.933  2.64695  0.011548
949.827  2.6483  0.0115243
950.72  2.64963  0.0115008
951.613  2.65096  0.0114774
952.506  2.65228  0.0114542
953.399  2.65358  0.0114311
954.293  2.65488  0.0114081
955.186  2.65616  0.0113853
956.079  2.65744  0.0113626
956.972  2.6587  0.0113401
957.866  2.65995  0.0113177
958.759  2.6612  0.0112954
959.652  2.66243  0.0112733
960.545  2.66365  0.0112513
961.439  2.66487  0.0112294
962.332  2.66607  0.0112077
963.225  2.66727  0.0111861
964.118  2.66845  0.0111646
965.012  2.66963  0.0111433
965.905  2.67079  0.0111221
966.798  2.67195  0.011101
967.691  2.6731  0.01108
968.585  2.67424  0.0110592
969.478  2.67537  0.0110385
970.371  2.67649  0.0110179
971.264  2.6776  0.0109974
972.158  2.67871  0.0109771
973.051  2.6798  0.0109568
973.944  2.68089  0.0109367
974.837  2.68197  0.0109167
975.731  2.68304  0.0108969
976.624  2.68411  0.0108771
977.517  2.68516  0.0108575
978.41  2.68621  0.010838
979.304  2.68725  0.0108186
980.197  2.68828  0.0107993
981.09  2.6893  0.0107801
981.983  2.69032  0.010761
982.877  2.69133  0.0107421
983.77  2.69233  0.0107232
984.663  2.69333  0.0107045
985.556  2.69431  0.0106858
986.45  2.69529  0.0106673
987.343  2.69627  0.0106489
988.236  2.69723  0.0106306
989.129  2.69819  0.0106124
990.023  2.69914  0.0105943
990.916  2.70009  0.0105763
991.809  2.70103  0.0105584
992.702  2.70196  0.0105406
993.595  2.70288  0.010523
994.489  2.7038  0.0105054
995.382  2.70472  0.0104879
996.275  2.70562  0.0104705
997.168  2.70652  0.0104532
998.062  2.70741  0.010436
998.955  2.7083  0.0104189
999.848  2.70918  0.010402
1000.74  2.71006  0.0103851
1001.63  2.71093  0.0103683
1002.53  2.71179  0.0103515
1003.42  2.71264  0.0103349
1004.31  2.7135  0.0103184
1005.21  2.71434  0.010302
1006.1  2.71518  0.0102857
1006.99  2.71601  0.0102694
1007.89  2.71684  0.0102533
1008.78  2.71766  0.0102372
1009.67  2.71848  0.0102212
1010.57  2.71929  0.0102053
1011.46  2.7201  0.0101895
1012.35  2.7209  0.0101738
1013.25  2.7217  0.0101582
1014.14  2.72249  0.0101427
1015.03  2.72327  0.0101272
1015.93  2.72405  0.0101118
1016.82  2.72483  0.0100966
1017.71  2.72559  0.0100814
1018.61  2.72636  0.0100662
1019.5  2.72712  0.0100512
1020.39  2.72787  0.0100362
1021.29  2.72862  0.0100214
1022.18  2.72937  0.0100066
1023.07  2.73011  0.00999186
1023.97  2.73084  0.00997723
1024.86  2.73158  0.00996267
1025.75  2.7323  0.0099482
1026.65  2.73302  0.0099338
1027.54  2.73374  0.00991948
1028.43  2.73445  0.00990523
1029.33  2.73516  0.00989106
1030.22  2.73586  0.00987697
1031.11  2.73656  0.00986295
1032.01  2.73726  0.009849
1032.9  2.73795  0.00983513
1033.79  2.73863  0.00982133
1034.68  2.73932  0.00980761
1035.58  2.73999  0.00979395
1036.47  2.74067  0.00978037
1037.36  2.74134  0.00976686
1038.26  2.742  0.00975342
1039.15  2.74266  0.00974005
1040.04  2.74332  0.00972675
1040.94  2.74397  0.00971352
1041.83  2.74462  0.00970036
1042.72  2.74527  0.00968727
1043.62  2.74591  0.00967424
1044.51  2.74655  0.00966128
1045.4  2.74718  0.00964839
1046.3  2.74781  0.00963556
1047.19  2.74844  0.0096228
1048.08  2.74906  0.00961011
1048.98  2.74968  0.00959748
1049.87  2.75029  0.00958492
1050.76  2.7509  0.00957242
1051.66  2.75151  0.00955998
1052.55  2.75212  0.0095476
1053.44  2.75272  0.00953529
1054.34  2.75331  0.00952304
1055.23  2.75391  0.00951086
1056.12  2.7545  0.00949873
1057.02  2.75509  0.00948667
1057.91  2.75567  0.00947466
1058.8  2.75625  0.00946272
1059.7  2.75683  0.00945083
1060.59  2.7574  0.00943901
1061.48  2.75797  0.00942724
1062.38  2.75854  0.00941554
1063.27  2.7591  0.00940389
1064.16  2.75966  0.0093923
1065.06  2.76022  0.00938076
1065.95  2.76077  0.00936928
1066.84  2.76132  0.00935786
1067.73  2.76187  0.0093465
1068.63  2.76242  0.00933519
1069.52  2.76296  0.00932394
1070.41  2.7635  0.00931274
1071.31  2.76403  0.00930159
1072.2  2.76457  0.0092905
1073.09  2.7651  0.00927947
1073.99  2.76562  0.00926849
1074.88  2.76615  0.00925756
1075.77  2.76667  0.00924668
1076.67  2.76719  0.00923586
1077.56  2.7677  0.00922509
1078.45  2.76821  0.00921437
1079.35  2.76872  0.0092037
1080.24  2.76923  0.00919308
1081.13  2.76974  0.00918252
1082.03  2.77024  0.009172
1082.92  2.77074  0.00916154
1083.81  2.77123  0.00915112
1084.71  2.77173  0.00914076
1085.6  2.77222  0.00913044
1086.49  2.77271  0.00912017
1087.39  2.77319  0.00910995
1088.28  2.77368  0.00909978
1089.17  2.77416  0.00908966
1090.07  2.77463  0.00907958
1090.96  2.77511  0.00906955
1091.85  2.77558  0.00905957
1092.75  2.77605  0.00904963
1093.64  2.77652  0.00903974
1094.53  2.77699  0.0090299
1095.43  2.77745  0.0090201
1096.32  2.77791  0.00901035
1097.21  2.77837  0.00900064
1098.11  2.77883  0.00899098
1099  2.77928  0.00898136
1099.89  2.77973  0.00897179
1100.78  2.78018  0.00896226
1101.68  2.78063  0.00895278
1102.57  2.78107  0.00894333
1103.46  2.78151  0.00893394
1104.36  2.78195  0.00892458
1105.25  2.78239  0.00891527
1106.14  2.78283  0.00890599
1107.04  2.78326  0.00889677
1107.93  2.78369  0.00888758
1108.82  2.78412  0.00887843
1109.72  2.78455  0.00886933
1110.61  2.78497  0.00886026
1111.5  2.78539  0.00885124
1112.4  2.78581  0.00884226
1113.29  2.78623  0.00883332
1114.18  2.78665  0.00882441
1115.08  2.78706  0.00881555
1115.97  2.78748  0.00880673
1116.86  2.78789  0.00879794
1117.76  2.78829  0.0087892
1118.65  2.7887  0.00878049
1119.54  2.7891  0.00877183
1120.44  2.78951  0.0087632
1121.33  2.78991  0.00875461
1122.22  2.7903  0.00874605
1123.12  2.7907  0.00873754
1124.01  2.7911  0.00872906
1124.9  2.79149  0.00872062
1125.8  2.79188  0.00871221
1126.69  2.79227  0.00870384
1127.58  2.79265  0.00869551
1128.48  2.79304  0.00868722
1129.37  2.79342  0.00867896
1130.26  2.7938  0.00867074
1131.16  2.79418  0.00866255
1132.05  2.79456  0.0086544
1132.94  2.79494  0.00864628
1133.83  2.79531  0.0086382
1134.73  2.79568  0.00863015
1135.62  2.79605  0.00862213
1136.51  2.79642  0.00861416
1137.41  2.79679  0.00860621
1138.3  2.79715  0.0085983
1139.19  2.79752  0.00859042
1140.09  2.79788  0.00858258
1140.98  2.79824  0.00857477
1141.87  2.7986  0.00856699
1142.77  2.79895  0.00855924
1143.66  2.79931  0.00855153
1144.55  2.79966  0.00854385
1145.45  2.80002  0.00853621
1146.34  2.80037  0.00852859
1147.23  2.80071  0.00852101
1148.13  2.80106  0.00851346
1149.02  2.80141  0.00850594
1149.91  2.80175  0.00849845
1150.81  2.80209  0.00849099
1151.7  2.80243  0.00848356
1152.59  2.80277  0.00847617
1153.49  2.80311  0.0084688
1154.38  2.80345  0.00846147
1155.27  2.80378  0.00845416
1156.17  2.80412  0.00844689
1157.06  2.80445  0.00843965
1157.95  2.80478  0.00843243
1158.85  2.80511  0.00842525
1159.74  2.80543  0.00841809
1160.63  2.80576  0.00841096
1161.53  2.80608  0.00840387
1162.42  2.80641  0.0083968
1163.31  2.80673  0.00838976
1164.21  2.80705  0.00838275
1165.1  2.80737  0.00837576
1165.99  2.80768  0.00836881
1166.88  2.808  0.00836188
1167.78  2.80832  0.00835499
1168.67  2.80863  0.00834811
1169.56  2.80894  0.00834127
1170.46  2.80925  0.00833446
1171.35  2.80956  0.00832767
1172.24  2.80987  0.00832091
1173.14  2.81017  0.00831417
1174.03  2.81048  0.00830747
1174.92  2.81078  0.00830078
1175.82  2.81108  0.00829413
1176.71  2.81139  0.0082875
1177.6  2.81169  0.0082809
1178.5  2.81198  0.00827433
1179.39  2.81228  0.00826778
1180.28  2.81258  0.00826125
1181.18  2.81287  0.00825476
1182.07  2.81317  0.00824828
1182.96  2.81346  0.00824184
1183.86  2.81375  0.00823541
1184.75  2.81404  0.00822902
1185.64  2.81433  0.00822265
1186.54  2.81461  0.0082163
1187.43  2.8149  0.00820998
1188.32  2.81519  0.00820368
1189.22  2.81547  0.00819741
1190.11  2.81575  0.00819116
1191  2.81603  0.00818493
1191.9  2.81631  0.00817873
1192.79  2.81659  0.00817255
1193.68  2.81687  0.0081664
1194.58  2.81715  0.00816027
1195.47  2.81742  0.00815417
1196.36  2.8177  0.00814808
1197.26  2.81797  0.00814202
1198.15  2.81824  0.00813599
1199.04  2.81851  0.00812997
1199.93  2.81878  0.00812398
1200.83  2.81905  0.00811802
1201.72  2.81932  0.00811207
1202.61  2.81959  0.00810615
1203.51  2.81985  0.00810025
1204.4  2.82012  0.00809437
1205.29  2.82038  0.00808851
1206.19  2.82064  0.00808268
1207.08  2.8209  0.00807687
1207.97  2.82116  0.00807108
1208.87  2.82142  0.00806531
1209.76  2.82168  0.00805956
1210.65  2.82194  0.00805384
1211.55  2.82219  0.00804813
1212.44  2.82245  0.00804245
1213.33  2.8227  0.00803679
1214.23  2.82296  0.00803115
1215.12  2.82321  0.00802553
1216.01  2.82346  0.00801993
1216.91  2.82371  0.00801435
1217.8  2.82396  0.00800879
1218.69  2.82421  0.00800326
1219.59  2.82445  0.00799774
1220.48  2.8247  0.00799224
1221.37  2.82494  0.00798677
1222.27  2.82519  0.00798131
1223.16  2.82543  0.00797587
1224.05  2.82567  0.00797046
1224.95  2.82591  0.00796506
1225.84  2.82615  0.00795968
1226.73  2.82639  0.00795433
1227.63  2.82663  0.00794899
1228.52  2.82687  0.00794367
1229.41  2.82711  0.00793837
1230.31  2.82734  0.00793309
1231.2  2.82758  0.00792783
1232.09  2.82781  0.00792258
1232.98  2.82804  0.00791736
1233.88  2.82828  0.00791216
1234.77  2.82851  0.00790697
1235.66  2.82874  0.0079018
1236.56  2.82897  0.00789665
1237.45  2.8292  0.00789152
1238.34  2.82942  0.00788641
1239.24  2.82965  0.00788131
1240.13  2.82988  0.00787624
1241.02  2.8301  0.00787118
1241.92  2.83033  0.00786614
1242.81  2.83055  0.00786112
1243.7  2.83077  0.00785611
1244.6  2.83099  0.00785112
1245.49  2.83121  0.00784615
1246.38  2.83143  0.0078412
1247.28  2.83165  0.00783627
1248.17  2.83187  0.00783135
1249.06  2.83209  0.00782645
1249.96  2.83231  0.00782157
1250.85  2.83252  0.0078167
1251.74  2.83274  0.00781185
1252.64  2.83295  0.00780702
1253.53  2.83317  0.0078022
1254.42  2.83338  0.0077974
1255.32  2.83359  0.00779262
1256.21  2.8338  0.00778785
1257.1  2.83401  0.00778311
1258  2.83422  0.00777837
1258.89  2.83443  0.00777366
1259.78  2.83464  0.00776896
1260.68  2.83485  0.00776427
1261.57  2.83505  0.0077596
1262.46  2.83526  0.00775495
1263.36  2.83547  0.00775031
1264.25  2.83567  0.00774569
1265.14  2.83587  0.00774109
1266.04  2.83608  0.0077365
1266.93  2.83628  0.00773193
1267.82  2.83648  0.00772737
1268.71  2.83668  0.00772283
1269.61  2.83688  0.0077183
1270.5  2.83708  0.00771379
1271.39  2.83728  0.00770929
1272.29  2.83748  0.00770481
1273.18  2.83767  0.00770034
1274.07  2.83787  0.00769589
1274.97  2.83807  0.00769146
1275.86  2.83826  0.00768704
1276.75  2.83846  0.00768263
1277.65  2.83865  0.00767824
1278.54  2.83884  0.00767386
1279.43  2.83903  0.0076695
1280.33  2.83923  0.00766515
1281.22  2.83942  0.00766082
1282.11  2.83961  0.0076565
1283.01  2.8398  0.00765219
1283.9  2.83999  0.0076479
1284.79  2.84017  0.00764362
1285.69  2.84036  0.00763936
1286.58  2.84055  0.00763511
1287.47  2.84074  0.00763088
1288.37  2.84092  0.00762666
1289.26  2.84111  0.00762245
1290.15  2.84129  0.00761826
1291.05  2.84147  0.00761408
1291.94  2.84166  0.00760992
1292.83  2.84184  0.00760576
1293.73  2.84202  0.00760163
1294.62  2.8422  0.0075975
1295.51  2.84238  0.00759339
1296.41  2.84256  0.00758929
1297.3  2.84274  0.00758521
1298.19  2.84292  0.00758114
1299.09  2.8431  0.00757708
1299.98  2.84328  0.00757303
1300.87  2.84345  0.007569
1301.76  2.84363  0.00756498
1302.66  2.84381  0.00756098
1303.55  2.84398  0.00755698
1304.44  2.84416  0.007553
1305.34  2.84433  0.00754904
1306.23  2.8445  0.00754508
1307.12  2.84468  0.00754114
1308.02  2.84485  0.00753721
1308.91  2.84502  0.00753329
1309.8  2.84519  0.00752939
1310.7  2.84536  0.0075255
1311.59  2.84553  0.00752162
1312.48  2.8457  0.00751775
1313.38  2.84587  0.00751389
1314.27  2.84604  0.00751005
1315.16  2.84621  0.00750622
1316.06  2.84637  0.0075024
1316.95  2.84654  0.00749859
1317.84  2.84671  0.0074948
1318.74  2.84687  0.00749102
1319.63  2.84704  0.00748724
1320.52  2.8472  0.00748349
1321.42  2.84736  0.00747974
1322.31  2.84753  0.007476
1323.2  2.84769  0.00747228
1324.1  2.84785  0.00746857
1324.99  2.84801  0.00746486
1325.88  2.84818  0.00746118
1326.78  2.84834  0.0074575
1327.67  2.8485  0.00745383
1328.56  2.84866  0.00745018
1329.46  2.84881  0.00744653
1330.35  2.84897  0.0074429
1331.24  2.84913  0.00743928
1332.14  2.84929  0.00743567
1333.03  2.84945  0.00743207
1333.92  2.8496  0.00742848
1334.81  2.84976  0.0074249
1335.71  2.84991  0.00742134
1336.6  2.85007  0.00741778
1337.49  2.85022  0.00741424
1338.39  2.85038  0.0074107
1339.28  2.85053  0.00740718
1340.17  2.85068  0.00740367
1341.07  2.85084  0.00740017
1341.96  2.85099  0.00739668
1342.85  2.85114  0.0073932
1343.75  2.85129  0.00738973
1344.64  2.85144  0.00738627
1345.53  2.85159  0.00738282
1346.43  2.85174  0.00737938
1347.32  2.85189  0.00737596
1348.21  2.85204  0.00737254
1349.11  2.85219  0.00736913
1350  2.85233  0.00736573
