0.077  -0.000907402  2.1749e-05
0.0771276  -0.000799477  1.91684e-05
0.0772552  -0.000696026  1.66934e-05
0.0773828  -0.000597292  1.43301e-05
0.0775104  -0.00050356  1.20852e-05
0.077638  -0.000415162  9.96697e-06
0.0777656  -0.000332497  7.98501e-06
0.0778932  -0.000256052  6.15121e-06
0.0780209  -0.000186451  4.48064e-06
0.0781485  -0.000124523  2.99343e-06
0.0782761  -7.14639e-05  1.71851e-06
0.0784037  -2.92382e-05  7.03336e-07
0.0785313  -2.30615e-06  5.5494e-08
0.0786589  1.47515e-05  3.55095e-07
0.0787865  5.12118e-05  1.23318e-06
0.0789141  0.000100259  2.41507e-06
0.0790417  0.000159316  3.83896e-06
0.0791693  0.000226986  5.47146e-06
0.0792969  0.000302359  7.29086e-06
0.0794245  0.000384786  9.28167e-06
0.0795521  0.00047377  1.14321e-05
0.0796797  0.000568922  1.3733e-05
0.0798073  0.000669924  1.61768e-05
0.0799349  0.000776511  1.87573e-05
0.0800626  0.00088846  2.14692e-05
0.0801902  0.00100558  2.43081e-05
0.0803178  0.0011277  2.727e-05
0.0804454  0.00125468  3.03516e-05
0.080573  0.00138638  3.35499e-05
0.0807006  0.0015227  3.68623e-05
0.0808282  0.00166352  4.02864e-05
0.0809558  0.00180876  4.382e-05
0.0810834  0.00195834  4.74615e-05
0.081211  0.00211217  5.1209e-05
0.0813386  0.0022702  5.5061e-05
0.0814662  0.00243235  5.90162e-05
0.0815938  0.00259857  6.30732e-05
0.0817214  0.00276881  6.72311e-05
0.081849  0.00294301  7.14887e-05
0.0819766  0.00312114  7.58451e-05
0.0821043  0.00330316  8.02995e-05
0.0822319  0.00348903  8.48511e-05
0.0823595  0.0036787  8.94993e-05
0.0824871  0.00387217  9.42434e-05
0.0826147  0.00406938  9.90829e-05
0.0827423  0.00427032  0.000104017
0.0828699  0.00447497  0.000109046
0.0829975  0.0046833  0.000114169
0.0831251  0.00489529  0.000119385
0.0832527  0.00511092  0.000124695
0.0833803  0.00533017  0.000130098
0.0835079  0.00555304  0.000135594
0.0836355  0.0057795  0.000141183
0.0837631  0.00600955  0.000146865
0.0838907  0.00624317  0.000152638
0.0840183  0.00648035  0.000158505
0.084146  0.00672109  0.000164463
0.0842736  0.00696537  0.000170514
0.0844012  0.00721319  0.000176657
0.0845288  0.00746455  0.000182893
0.0846564  0.00771945  0.000189221
0.084784  0.00797786  0.000195642
0.0849116  0.00823981  0.000202155
0.0850392  0.00850527  0.000208761
0.0851668  0.00877426  0.00021546
0.0852944  0.00904677  0.000222252
0.085422  0.00932281  0.000229138
0.0855496  0.00960237  0.000236117
0.0856772  0.00988546  0.00024319
0.0858048  0.0101721  0.000250357
0.0859324  0.0104622  0.000257618
0.0860601  0.0107559  0.000264974
0.0861877  0.0110532  0.000272426
0.0863153  0.0113539  0.000279972
0.0864429  0.0116583  0.000287614
0.0865705  0.0119662  0.000295352
0.0866981  0.0122777  0.000303187
0.0868257  0.0125927  0.000311119
0.0869533  0.0129114  0.000319148
0.0870809  0.0132336  0.000327275
0.0872085  0.0135594  0.000335501
0.0873361  0.0138889  0.000343825
0.0874637  0.014222  0.000352248
0.0875913  0.0145587  0.000360771
0.0877189  0.0148991  0.000369395
0.0878465  0.0152432  0.00037812
0.0879741  0.0155909  0.000386946
0.0881018  0.0159423  0.000395874
0.0882294  0.0162975  0.000404905
0.088357  0.0166563  0.00041404
0.0884846  0.0170189  0.000423279
0.0886122  0.0173853  0.000432622
0.0887398  0.0177554  0.000442071
0.0888674  0.0181293  0.000451625
0.088995  0.018507  0.000461287
0.0891226  0.0188885  0.000471056
0.0892502  0.0192739  0.000480934
0.0893778  0.0196631  0.00049092
0.0895054  0.0200562  0.000501017
0.089633  0.0204532  0.000511224
0.0897606  0.0208541  0.000521543
0.0898882  0.021259  0.000531974
0.0900158  0.0216678  0.000542518
0.0901435  0.0220806  0.000553177
0.0902711  0.0224974  0.000563951
0.0903987  0.0229183  0.00057484
0.0905263  0.0233431  0.000585847
0.0906539  0.0237721  0.000596971
0.0907815  0.0242052  0.000608215
0.0909091  0.0246423  0.000619578
0.0910367  0.0250837  0.000631062
0.0911643  0.0255292  0.000642668
0.0912919  0.0259789  0.000654397
0.0914195  0.0264328  0.00066625
0.0915471  0.026891  0.000678228
0.0916747  0.0273535  0.000690333
0.0918023  0.0278203  0.000702565
0.0919299  0.0282914  0.000714926
0.0920575  0.0287669  0.000727417
0.0921852  0.0292469  0.000740039
0.0923128  0.0297312  0.000752793
0.0924404  0.03022  0.000765681
0.092568  0.0307133  0.000778703
0.0926956  0.0312111  0.000791862
0.0928232  0.0317135  0.000805159
0.0929508  0.0322205  0.000818594
0.0930784  0.0327321  0.00083217
0.093206  0.0332484  0.000845887
0.0933336  0.0337694  0.000859748
0.0934612  0.0342951  0.000873753
0.0935888  0.0348255  0.000887905
0.0937164  0.0353608  0.000902204
0.093844  0.035901  0.000916652
0.0939716  0.036446  0.000931251
0.0940992  0.0369959  0.000946003
0.0942269  0.0375508  0.000960909
0.0943545  0.0381107  0.00097597
0.0944821  0.0386757  0.000991189
0.0946097  0.0392457  0.00100657
0.0947373  0.0398208  0.00102211
0.0948649  0.0404012  0.00103781
0.0949925  0.0409867  0.00105367
0.0951201  0.0415775  0.00106971
0.0952477  0.0421736  0.00108591
0.0953753  0.0427751  0.00110228
0.0955029  0.0433819  0.00111882
0.0956305  0.0439942  0.00113554
0.0957581  0.044612  0.00115244
0.0958857  0.0452353  0.00116951
0.0960133  0.0458643  0.00118676
0.096141  0.0464988  0.0012042
0.0962686  0.0471391  0.00122182
0.0963962  0.0477851  0.00123963
0.0965238  0.0484368  0.00125763
0.0966514  0.0490945  0.00127581
0.096779  0.049758  0.0012942
0.0969066  0.0504275  0.00131278
0.0970342  0.051103  0.00133156
0.0971618  0.0517846  0.00135054
0.0972894  0.0524724  0.00136972
0.097417  0.0531663  0.00138911
0.0975446  0.0538664  0.00140872
0.0976722  0.0545729  0.00142853
0.0977998  0.0552858  0.00144856
0.0979274  0.056005  0.0014688
0.098055  0.0567308  0.00148927
0.0981827  0.0574632  0.00150996
0.0983103  0.0582021  0.00153087
0.0984379  0.0589478  0.00155202
0.0985655  0.0597002  0.00157339
0.0986931  0.0604595  0.00159501
0.0988207  0.0612257  0.00161686
0.0989483  0.0619988  0.00163895
0.0990759  0.062779  0.00166129
0.0992035  0.0635664  0.00168388
0.0993311  0.0643609  0.00170672
0.0994587  0.0651627  0.00172982
0.0995863  0.0659718  0.00175317
0.0997139  0.0667884  0.00177679
0.0998415  0.0676124  0.00180068
0.0999691  0.0684441  0.00182483
0.100097  0.0692834  0.00184927
0.100224  0.0701305  0.00187397
0.100352  0.0709854  0.00189897
0.10048  0.0718483  0.00192425
0.100607  0.0727192  0.00194982
0.100735  0.0735981  0.00197568
0.100862  0.0744853  0.00200185
0.10099  0.0753807  0.00202831
0.101118  0.0762845  0.00205509
0.101245  0.0771968  0.00208218
0.101373  0.0781177  0.00210959
0.1015  0.0790472  0.00213732
0.101628  0.0799856  0.00216538
0.101756  0.0809327  0.00219378
0.101883  0.0818889  0.00222251
0.102011  0.0828541  0.00225158
0.102138  0.0838285  0.00228101
0.102266  0.0848123  0.00231079
0.102394  0.0858054  0.00234092
0.102521  0.086808  0.00237143
0.102649  0.0878203  0.0024023
0.102776  0.0888423  0.00243355
0.102904  0.0898742  0.00246519
0.103032  0.0909161  0.00249722
0.103159  0.0919681  0.00252964
0.103287  0.0930303  0.00256246
0.103415  0.0941029  0.0025957
0.103542  0.095186  0.00262935
0.10367  0.0962797  0.00266342
0.103797  0.0973841  0.00269793
0.103925  0.0984995  0.00273287
0.104053  0.0996258  0.00276825
0.10418  0.100763  0.00280409
0.104308  0.101912  0.00284039
0.104435  0.103073  0.00287716
0.104563  0.104244  0.0029144
0.104691  0.105428  0.00295213
0.104818  0.106624  0.00299035
0.104946  0.107831  0.00302907
0.105073  0.109051  0.0030683
0.105201  0.110283  0.00310805
0.105329  0.111528  0.00314833
0.105456  0.112786  0.00318915
0.105584  0.114056  0.00323052
0.105711  0.11534  0.00327244
0.105839  0.116636  0.00331493
0.105967  0.117947  0.003358
0.106094  0.11927  0.00340166
0.106222  0.120608  0.00344592
0.106349  0.121959  0.00349079
0.106477  0.123325  0.00353628
0.106605  0.124705  0.0035824
0.106732  0.1261  0.00362917
0.10686  0.127509  0.0036766
0.106987  0.128934  0.00372469
0.107115  0.130373  0.00377348
0.107243  0.131828  0.00382295
0.10737  0.133299  0.00387314
0.107498  0.134786  0.00392405
0.107626  0.136288  0.0039757
0.107753  0.137807  0.0040281
0.107881  0.139343  0.00408126
0.108008  0.140895  0.00413521
0.108136  0.142465  0.00418995
0.108264  0.144052  0.00424551
0.108391  0.145656  0.0043019
0.108519  0.147278  0.00435913
0.108646  0.148919  0.00441722
0.108774  0.150577  0.0044762
0.108902  0.152255  0.00453607
0.109029  0.153951  0.00459687
0.109157  0.155666  0.00465859
0.109284  0.157401  0.00472127
0.109412  0.159156  0.00478493
0.10954  0.160931  0.00484958
0.109667  0.162727  0.00491525
0.109795  0.164543  0.00498196
0.109922  0.166381  0.00504973
0.11005  0.168239  0.00511858
0.110178  0.17012  0.00518853
0.110305  0.172023  0.00525961
0.110433  0.173948  0.00533185
0.11056  0.175896  0.00540526
0.110688  0.177868  0.00547988
0.110816  0.179863  0.00555573
0.110943  0.181882  0.00563284
0.111071  0.183925  0.00571123
0.111198  0.185993  0.00579094
0.111326  0.188086  0.00587198
0.111454  0.190205  0.00595441
0.111581  0.19235  0.00603823
0.111709  0.194522  0.00612349
0.111837  0.19672  0.00621022
0.111964  0.198946  0.00629845
0.112092  0.2012  0.00638822
0.112219  0.203482  0.00647955
0.112347  0.205793  0.0065725
0.112475  0.208133  0.00666709
0.112602  0.210503  0.00676336
0.11273  0.212904  0.00686135
0.112857  0.215335  0.00696111
0.112985  0.217798  0.00706266
0.113113  0.220293  0.00716607
0.11324  0.22282  0.00727137
0.113368  0.225381  0.0073786
0.113495  0.227975  0.00748781
0.113623  0.230604  0.00759905
0.113751  0.233268  0.00771237
0.113878  0.235967  0.00782782
0.114006  0.238703  0.00794545
0.114133  0.241476  0.00806531
0.114261  0.244286  0.00818746
0.114389  0.247135  0.00831195
0.114516  0.250023  0.00843885
0.114644  0.25295  0.0085682
0.114771  0.255918  0.00870008
0.114899  0.258928  0.00883455
0.115027  0.261979  0.00897166
0.115154  0.265074  0.00911149
0.115282  0.268212  0.0092541
0.11541  0.271395  0.00939957
0.115537  0.274623  0.00954797
0.115665  0.277897  0.00969936
0.115792  0.281219  0.00985384
0.11592  0.284589  0.0100115
0.116048  0.288008  0.0101723
0.116175  0.291477  0.0103365
0.116303  0.294997  0.0105041
0.11643  0.298569  0.0106752
0.116558  0.302194  0.0108499
0.116686  0.305874  0.0110282
0.116813  0.309608  0.0112103
0.116941  0.313399  0.0113963
0.117068  0.317248  0.0115862
0.117196  0.321155  0.0117803
0.117324  0.325123  0.0119785
0.117451  0.329151  0.012181
0.117579  0.333242  0.0123878
0.117706  0.337396  0.0125992
0.117834  0.341615  0.0128153
0.117962  0.345901  0.0130361
0.118089  0.350254  0.0132617
0.118217  0.354677  0.0134924
0.118344  0.35917  0.0137282
0.118472  0.363735  0.0139693
0.1186  0.368374  0.0142158
0.118727  0.373088  0.0144678
0.118855  0.377878  0.0147255
0.118982  0.382747  0.0149891
0.11911  0.387696  0.0152587
0.119238  0.392727  0.0155344
0.119365  0.397841  0.0158164
0.119493  0.403041  0.0161049
0.119621  0.408327  0.0164
0.119748  0.413703  0.0167019
0.119876  0.419169  0.0170108
0.120003  0.424728  0.0173268
0.120131  0.430382  0.0176502
0.120259  0.436133  0.017981
0.120386  0.441983  0.0183196
0.120514  0.447933  0.018666
0.120641  0.453987  0.0190205
0.120769  0.460146  0.0193832
0.120897  0.466413  0.0197545
0.121024  0.47279  0.0201343
0.121152  0.479279  0.0205231
0.121279  0.485883  0.0209208
0.121407  0.492604  0.0213279
0.121535  0.499445  0.0217443
0.121662  0.506407  0.0221705
0.12179  0.513495  0.0226065
0.121917  0.520709  0.0230525
0.122045  0.528054  0.0235089
0.122173  0.535531  0.0239756
0.1223  0.543143  0.0244531
0.122428  0.550894  0.0249413
0.122555  0.558785  0.0254406
0.122683  0.56682  0.0259512
0.122811  0.575002  0.026473
0.122938  0.583333  0.0270065
0.123066  0.591816  0.0275516
0.123193  0.600454  0.0281087
0.123321  0.60925  0.0286776
0.123449  0.618208  0.0292588
0.123576  0.627329  0.0298521
0.123704  0.636617  0.0304577
0.123832  0.646075  0.0310757
0.123959  0.655706  0.0317061
0.124087  0.665512  0.032349
0.124214  0.675497  0.0330043
0.124342  0.685663  0.0336721
0.12447  0.696013  0.0343522
0.124597  0.706549  0.0350446
0.124725  0.717275  0.0357491
0.124852  0.728193  0.0364656
0.12498  0.739305  0.037194
0.125108  0.750614  0.0379338
0.125235  0.762122  0.0386849
0.125363  0.773831  0.0394469
0.12549  0.785743  0.0402194
0.125618  0.797859  0.0410019
0.125746  0.810182  0.041794
0.125873  0.822713  0.042595
0.126001  0.835453  0.0434043
0.126128  0.848403  0.0442213
0.126256  0.861563  0.045045
0.126384  0.874935  0.0458747
0.126511  0.888518  0.0467095
0.126639  0.902312  0.0475484
0.126766  0.916316  0.0483902
0.126894  0.930531  0.0492338
0.127022  0.944954  0.0500781
0.127149  0.959584  0.0509217
0.127277  0.974419  0.0517632
0.127405  0.989457  0.0526012
0.127532  1.00469  0.0534342
0.12766  1.02013  0.0542606
0.127787  1.03576  0.0550787
0.127915  1.05157  0.0558869
0.128043  1.06757  0.0566834
0.12817  1.08375  0.0574665
0.128298  1.1001  0.0582342
0.128425  1.11662  0.0589849
0.128553  1.1333  0.0597165
0.128681  1.15013  0.0604273
0.128808  1.16711  0.0611155
0.128936  1.18422  0.0617791
0.129063  1.20146  0.0624164
0.129191  1.21883  0.0630256
0.129319  1.2363  0.0636051
0.129446  1.25387  0.0641531
0.129574  1.27154  0.0646683
0.129701  1.28928  0.065149
0.129829  1.30709  0.0655941
0.129957  1.32497  0.0660021
0.130084  1.34288  0.0663722
0.130212  1.36084  0.0667032
0.130339  1.37882  0.0669944
0.130467  1.39681  0.0672451
0.130595  1.4148  0.0674549
0.130722  1.43278  0.0676232
0.13085  1.45073  0.0677501
0.130977  1.46866  0.0678353
0.131105  1.48653  0.0678792
0.131233  1.50435  0.0678819
0.13136  1.5221  0.0678439
0.131488  1.53977  0.0677659
0.131616  1.55736  0.0676485
0.131743  1.57484  0.0674925
0.131871  1.59221  0.0672991
0.131998  1.60946  0.0670694
0.132126  1.62659  0.0668044
0.132254  1.64358  0.0665056
0.132381  1.66043  0.0661743
0.132509  1.67712  0.065812
0.132636  1.69365  0.0654202
0.132764  1.71002  0.0650005
0.132892  1.72621  0.0645545
0.133019  1.74223  0.0640837
0.133147  1.75806  0.0635899
0.133274  1.77371  0.0630746
0.133402  1.78916  0.0625396
0.13353  1.80441  0.0619864
0.133657  1.81947  0.0614166
0.133785  1.83433  0.0608318
0.133912  1.84898  0.0602336
0.13404  1.86342  0.0596234
0.134168  1.87765  0.0590027
0.134295  1.89168  0.0583729
0.134423  1.90549  0.0577354
0.13455  1.9191  0.0570913
0.134678  1.93249  0.056442
0.134806  1.94567  0.0557887
0.134933  1.95864  0.0551323
0.135061  1.97141  0.0544741
0.135188  1.98396  0.0538149
0.135316  1.9963  0.0531557
0.135444  2.00844  0.0524974
0.135571  2.02038  0.0518408
0.135699  2.03211  0.0511866
0.135827  2.04364  0.0505355
0.135954  2.05497  0.0498882
0.136082  2.0661  0.0492453
0.136209  2.07705  0.0486072
0.136337  2.08779  0.0479746
0.136465  2.09835  0.0473477
0.136592  2.10873  0.0467271
0.13672  2.11891  0.0461131
0.136847  2.12892  0.045506
0.136975  2.13875  0.0449061
0.137103  2.1484  0.0443137
0.13723  2.15788  0.0437289
0.137358  2.1672  0.043152
0.137485  2.17634  0.0425831
0.137613  2.18532  0.0420223
0.137741  2.19414  0.0414697
0.137868  2.2028  0.0409255
0.137996  2.21131  0.0403897
0.138123  2.21966  0.0398623
0.138251  2.22786  0.0393434
0.138379  2.23592  0.038833
0.138506  2.24384  0.038331
0.138634  2.25161  0.0378374
0.138761  2.25924  0.0373523
0.138889  2.26674  0.0368755
0.139017  2.27411  0.0364071
0.139144  2.28135  0.0359468
0.139272  2.28846  0.0354948
0.139399  2.29544  0.0350508
0.139527  2.30231  0.0346149
0.139655  2.30905  0.0341868
0.139782  2.31568  0.0337666
0.13991  2.32219  0.0333541
0.140038  2.32859  0.0329492
0.140165  2.33488  0.0325518
0.140293  2.34106  0.0321618
0.14042  2.34714  0.031779
0.140548  2.35311  0.0314034
0.140676  2.35899  0.0310349
0.140803  2.36476  0.0306733
0.140931  2.37044  0.0303184
0.141058  2.37602  0.0299703
0.141186  2.38151  0.0296287
0.141314  2.38691  0.0292936
0.141441  2.39222  0.0289648
0.141569  2.39745  0.0286421
0.141696  2.40258  0.0283256
0.141824  2.40764  0.0280151
0.141952  2.41261  0.0277103
0.142079  2.41751  0.0274114
0.142207  2.42232  0.027118
0.142334  2.42706  0.0268301
0.142462  2.43172  0.0265477
0.14259  2.43631  0.0262705
0.142717  2.44083  0.0259985
0.142845  2.44528  0.0257316
0.142972  2.44966  0.0254696
0.1431  2.45397  0.0252125
0.143228  2.45821  0.0249602
0.143355  2.46239  0.0247125
0.143483  2.46651  0.0244693
0.143611  2.47056  0.0242307
0.143738  2.47456  0.0239964
0.143866  2.47849  0.0237663
0.143993  2.48236  0.0235405
0.144121  2.48618  0.0233187
0.144249  2.48994  0.023101
0.144376  2.49365  0.0228872
0.144504  2.4973  0.0226772
0.144631  2.5009  0.0224709
0.144759  2.50445  0.0222684
0.144887  2.50794  0.0220694
0.145014  2.51139  0.021874
0.145142  2.51479  0.021682
0.145269  2.51814  0.0214933
0.145397  2.52144  0.021308
0.145525  2.5247  0.0211259
0.145652  2.52791  0.0209469
0.14578  2.53108  0.0207711
0.145907  2.5342  0.0205982
0.146035  2.53728  0.0204283
0.146163  2.54032  0.0202613
0.14629  2.54331  0.0200972
0.146418  2.54627  0.0199358
0.146545  2.54919  0.0197771
0.146673  2.55207  0.0196211
0.146801  2.55491  0.0194677
0.146928  2.55771  0.0193169
0.147056  2.56048  0.0191685
0.147183  2.56321  0.0190226
0.147311  2.5659  0.0188791
0.147439  2.56856  0.0187379
0.147566  2.57119  0.018599
0.147694  2.57378  0.0184624
0.147822  2.57634  0.0183279
0.147949  2.57887  0.0181956
0.148077  2.58136  0.0180654
0.148204  2.58382  0.0179373
0.148332  2.58626  0.0178112
0.14846  2.58866  0.0176871
0.148587  2.59103  0.0175649
0.148715  2.59338  0.0174447
0.148842  2.59569  0.0173263
0.14897  2.59798  0.0172097
0.149098  2.60024  0.0170949
0.149225  2.60247  0.0169819
0.149353  2.60468  0.0168705
0.14948  2.60686  0.0167609
0.149608  2.60901  0.0166529
0.149736  2.61114  0.0165466
0.149863  2.61324  0.0164418
0.149991  2.61532  0.0163386
0.150118  2.61738  0.0162369
0.150246  2.61941  0.0161367
0.150374  2.62142  0.016038
0.150501  2.6234  0.0159407
0.150629  2.62536  0.0158449
0.150756  2.6273  0.0157504
0.150884  2.62922  0.0156573
0.151012  2.63112  0.0155655
0.151139  2.63299  0.015475
0.151267  2.63485  0.0153858
0.151394  2.63668  0.0152978
0.151522  2.63849  0.0152111
0.15165  2.64029  0.0151256
0.151777  2.64206  0.0150413
0.151905  2.64382  0.0149582
0.152033  2.64555  0.0148762
0.15216  2.64727  0.0147953
0.152288  2.64897  0.0147155
0.152415  2.65065  0.0146368
0.152543  2.65231  0.0145592
0.152671  2.65396  0.0144826
0.152798  2.65558  0.0144071
0.152926  2.65719  0.0143325
0.153053  2.65879  0.014259
0.153181  2.66037  0.0141864
0.153309  2.66193  0.0141147
0.153436  2.66347  0.014044
0.153564  2.665  0.0139742
0.153691  2.66652  0.0139054
0.153819  2.66801  0.0138374
0.153947  2.6695  0.0137703
0.154074  2.67097  0.013704
0.154202  2.67242  0.0136386
0.154329  2.67386  0.013574
0.154457  2.67528  0.0135103
0.154585  2.67669  0.0134473
0.154712  2.67809  0.0133851
0.15484  2.67947  0.0133237
0.154967  2.68084  0.013263
0.155095  2.6822  0.0132031
0.155223  2.68354  0.013144
0.15535  2.68487  0.0130855
0.155478  2.68619  0.0130278
0.155606  2.6875  0.0129707
0.155733  2.68879  0.0129144
0.155861  2.69007  0.0128587
0.155988  2.69134  0.0128037
0.156116  2.69259  0.0127494
0.156244  2.69384  0.0126956
0.156371  2.69507  0.0126426
0.156499  2.69629  0.0125901
0.156626  2.6975  0.0125383
0.156754  2.6987  0.012487
0.156882  2.69989  0.0124364
0.157009  2.70107  0.0123863
0.157137  2.70223  0.0123368
0.157264  2.70339  0.0122879
0.157392  2.70454  0.0122395
0.15752  2.70567  0.0121917
0.157647  2.7068  0.0121444
0.157775  2.70791  0.0120976
0.157902  2.70902  0.0120514
0.15803  2.71011  0.0120057
0.158158  2.7112  0.0119605
0.158285  2.71227  0.0119157
0.158413  2.71334  0.0118715
0.15854  2.7144  0.0118278
0.158668  2.71545  0.0117845
0.158796  2.71649  0.0117417
0.158923  2.71752  0.0116994
0.159051  2.71854  0.0116575
0.159178  2.71955  0.0116161
0.159306  2.72056  0.0115751
0.159434  2.72155  0.0115345
0.159561  2.72254  0.0114944
0.159689  2.72352  0.0114547
0.159817  2.72449  0.0114154
0.159944  2.72545  0.0113765
0.160072  2.72641  0.0113381
0.160199  2.72735  0.0113
0.160327  2.72829  0.0112623
0.160455  2.72922  0.011225
0.160582  2.73015  0.0111881
0.16071  2.73106  0.0111516
0.160837  2.73197  0.0111154
0.160965  2.73287  0.0110796
0.161093  2.73377  0.0110442
0.16122  2.73466  0.0110091
0.161348  2.73554  0.0109743
0.161475  2.73641  0.0109399
0.161603  2.73727  0.0109059
0.161731  2.73813  0.0108722
0.161858  2.73899  0.0108388
0.161986  2.73983  0.0108057
0.162113  2.74067  0.010773
0.162241  2.7415  0.0107406
0.162369  2.74233  0.0107085
0.162496  2.74315  0.0106767
0.162624  2.74396  0.0106452
0.162751  2.74477  0.010614
0.162879  2.74557  0.0105831
0.163007  2.74636  0.0105525
0.163134  2.74715  0.0105222
0.163262  2.74793  0.0104922
0.163389  2.74871  0.0104624
0.163517  2.74948  0.0104329
0.163645  2.75025  0.0104037
0.163772  2.751  0.0103748
0.1639  2.75176  0.0103462
0.164028  2.75251  0.0103178
0.164155  2.75325  0.0102896
0.164283  2.75398  0.0102617
0.16441  2.75472  0.0102341
0.164538  2.75544  0.0102067
0.164666  2.75616  0.0101796
0.164793  2.75688  0.0101527
0.164921  2.75759  0.0101261
0.165048  2.75829  0.0100997
0.165176  2.75899  0.0100735
0.165304  2.75969  0.0100476
0.165431  2.76038  0.0100218
0.165559  2.76106  0.00999636
0.165686  2.76174  0.00997109
0.165814  2.76242  0.00994605
0.165942  2.76309  0.00992122
0.166069  2.76375  0.00989661
0.166197  2.76442  0.00987221
0.166324  2.76507  0.00984802
0.166452  2.76572  0.00982403
0.16658  2.76637  0.00980026
0.166707  2.76701  0.00977668
0.166835  2.76765  0.0097533
0.166962  2.76829  0.00973012
0.16709  2.76892  0.00970714
0.167218  2.76954  0.00968434
0.167345  2.77016  0.00966174
0.167473  2.77078  0.00963933
0.167601  2.77139  0.0096171
0.167728  2.772  0.00959505
0.167856  2.7726  0.00957319
0.167983  2.7732  0.0095515
0.168111  2.7738  0.00953
0.168239  2.77439  0.00950866
0.168366  2.77498  0.0094875
0.168494  2.77556  0.00946652
0.168621  2.77614  0.0094457
0.168749  2.77672  0.00942504
0.168877  2.77729  0.00940456
0.169004  2.77786  0.00938423
0.169132  2.77843  0.00936407
0.169259  2.77899  0.00934407
0.169387  2.77955  0.00932423
0.169515  2.7801  0.00930454
0.169642  2.78065  0.009285
0.16977  2.7812  0.00926562
0.169897  2.78174  0.00924639
0.170025  2.78228  0.00922731
0.170153  2.78282  0.00920838
0.17028  2.78335  0.00918959
0.170408  2.78388  0.00917095
0.170535  2.78441  0.00915245
0.170663  2.78493  0.00913409
0.170791  2.78545  0.00911587
0.170918  2.78597  0.00909779
0.171046  2.78648  0.00907985
0.171173  2.78699  0.00906204
0.171301  2.7875  0.00904436
0.171429  2.788  0.00902682
0.171556  2.7885  0.0090094
0.171684  2.789  0.00899212
0.171812  2.78949  0.00897497
0.171939  2.78999  0.00895794
0.172067  2.79047  0.00894104
0.172194  2.79096  0.00892426
0.172322  2.79144  0.0089076
0.17245  2.79192  0.00889107
0.172577  2.7924  0.00887465
0.172705  2.79287  0.00885836
0.172832  2.79334  0.00884218
0.17296  2.79381  0.00882612
0.173088  2.79428  0.00881017
0.173215  2.79474  0.00879434
0.173343  2.7952  0.00877862
0.17347  2.79565  0.00876302
0.173598  2.79611  0.00874752
0.173726  2.79656  0.00873213
0.173853  2.79701  0.00871685
0.173981  2.79745  0.00870168
0.174108  2.7979  0.00868662
0.174236  2.79834  0.00867166
0.174364  2.79878  0.0086568
0.174491  2.79921  0.00864205
0.174619  2.79965  0.0086274
0.174746  2.80008  0.00861285
0.174874  2.80051  0.0085984
0.175002  2.80093  0.00858405
0.175129  2.80135  0.0085698
0.175257  2.80178  0.00855564
0.175384  2.80219  0.00854158
0.175512  2.80261  0.00852762
0.17564  2.80302  0.00851375
0.175767  2.80343  0.00849997
0.175895  2.80384  0.00848629
0.176023  2.80425  0.0084727
0.17615  2.80465  0.0084592
0.176278  2.80506  0.00844579
0.176405  2.80546  0.00843246
0.176533  2.80585  0.00841923
0.176661  2.80625  0.00840608
0.176788  2.80664  0.00839302
0.176916  2.80703  0.00838004
0.177043  2.80742  0.00836715
0.177171  2.80781  0.00835435
0.177299  2.80819  0.00834162
0.177426  2.80858  0.00832898
0.177554  2.80896  0.00831643
0.177681  2.80934  0.00830395
0.177809  2.80971  0.00829155
0.177937  2.81009  0.00827923
0.178064  2.81046  0.00826699
0.178192  2.81083  0.00825483
0.178319  2.8112  0.00824274
0.178447  2.81156  0.00823074
0.178575  2.81193  0.0082188
0.178702  2.81229  0.00820695
0.17883  2.81265  0.00819516
0.178957  2.81301  0.00818346
0.179085  2.81336  0.00817182
0.179213  2.81372  0.00816026
0.17934  2.81407  0.00814877
0.179468  2.81442  0.00813735
0.179595  2.81477  0.008126
0.179723  2.81512  0.00811472
0.179851  2.81546  0.00810351
0.179978  2.81581  0.00809236
0.180106  2.81615  0.00808129
0.180234  2.81649  0.00807028
0.180361  2.81683  0.00805934
0.180489  2.81716  0.00804847
0.180616  2.8175  0.00803766
0.180744  2.81783  0.00802692
0.180872  2.81816  0.00801624
0.180999  2.81849  0.00800563
0.181127  2.81882  0.00799508
0.181254  2.81914  0.00798459
0.181382  2.81947  0.00797417
0.18151  2.81979  0.00796381
0.181637  2.82011  0.0079535
0.181765  2.82043  0.00794326
0.181892  2.82075  0.00793308
0.18202  2.82107  0.00792296
0.182148  2.82138  0.0079129
0.182275  2.82169  0.0079029
0.182403  2.82201  0.00789295
0.18253  2.82232  0.00788307
0.182658  2.82262  0.00787324
0.182786  2.82293  0.00786346
0.182913  2.82324  0.00785375
0.183041  2.82354  0.00784409
0.183168  2.82384  0.00783448
0.183296  2.82414  0.00782493
0.183424  2.82444  0.00781543
0.183551  2.82474  0.00780599
0.183679  2.82504  0.0077966
0.183807  2.82533  0.00778727
0.183934  2.82563  0.00777799
0.184062  2.82592  0.00776876
0.184189  2.82621  0.00775958
0.184317  2.8265  0.00775045
0.184445  2.82679  0.00774138
0.184572  2.82707  0.00773235
0.1847  2.82736  0.00772337
0.184827  2.82764  0.00771445
0.184955  2.82792  0.00770557
0.185083  2.82821  0.00769675
0.18521  2.82849  0.00768797
0.185338  2.82876  0.00767924
0.185465  2.82904  0.00767056
0.185593  2.82932  0.00766192
0.185721  2.82959  0.00765333
0.185848  2.82986  0.00764479
0.185976  2.83014  0.0076363
0.186103  2.83041  0.00762785
0.186231  2.83068  0.00761945
0.186359  2.83094  0.00761109
0.186486  2.83121  0.00760277
0.186614  2.83148  0.00759451
0.186741  2.83174  0.00758628
0.186869  2.832  0.0075781
0.186997  2.83227  0.00756996
0.187124  2.83253  0.00756187
0.187252  2.83279  0.00755382
0.187379  2.83304  0.00754581
0.187507  2.8333  0.00753785
0.187635  2.83356  0.00752992
0.187762  2.83381  0.00752204
0.18789  2.83407  0.0075142
0.188018  2.83432  0.0075064
0.188145  2.83457  0.00749864
0.188273  2.83482  0.00749092
0.1884  2.83507  0.00748324
0.188528  2.83532  0.0074756
0.188656  2.83556  0.007468
0.188783  2.83581  0.00746044
0.188911  2.83605  0.00745292
0.189038  2.8363  0.00744543
0.189166  2.83654  0.00743799
0.189294  2.83678  0.00743058
0.189421  2.83702  0.00742321
0.189549  2.83726  0.00741588
0.189676  2.8375  0.00740858
0.189804  2.83773  0.00740132
0.189932  2.83797  0.0073941
0.190059  2.83821  0.00738692
0.190187  2.83844  0.00737977
0.190314  2.83867  0.00737265
0.190442  2.8389  0.00736558
0.19057  2.83913  0.00735853
0.190697  2.83936  0.00735153
0.190825  2.83959  0.00734455
0.190952  2.83982  0.00733761
0.19108  2.84005  0.00733071
0.191208  2.84027  0.00732384
0.191335  2.8405  0.007317
0.191463  2.84072  0.0073102
0.19159  2.84095  0.00730343
0.191718  2.84117  0.0072967
0.191846  2.84139  0.00728999
0.191973  2.84161  0.00728332
0.192101  2.84183  0.00727668
0.192229  2.84205  0.00727008
0.192356  2.84226  0.0072635
0.192484  2.84248  0.00725696
0.192611  2.84269  0.00725045
0.192739  2.84291  0.00724397
0.192867  2.84312  0.00723752
0.192994  2.84333  0.0072311
0.193122  2.84355  0.00722471
0.193249  2.84376  0.00721836
0.193377  2.84397  0.00721203
0.193505  2.84418  0.00720573
0.193632  2.84438  0.00719947
0.19376  2.84459  0.00719323
0.193887  2.8448  0.00718702
0.194015  2.845  0.00718084
0.194143  2.84521  0.00717469
0.19427  2.84541  0.00716857
0.194398  2.84562  0.00716248
0.194525  2.84582  0.00715641
0.194653  2.84602  0.00715038
0.194781  2.84622  0.00714437
0.194908  2.84642  0.00713839
0.195036  2.84662  0.00713244
0.195163  2.84682  0.00712651
0.195291  2.84701  0.00712062
0.195419  2.84721  0.00711474
0.195546  2.84741  0.0071089
0.195674  2.8476  0.00710308
0.195802  2.8478  0.00709729
0.195929  2.84799  0.00709153
0.196057  2.84818  0.00708579
0.196184  2.84837  0.00708008
0.196312  2.84856  0.00707439
0.19644  2.84875  0.00706873
0.196567  2.84894  0.0070631
0.196695  2.84913  0.00705749
0.196822  2.84932  0.0070519
0.19695  2.84951  0.00704635
0.197078  2.84969  0.00704081
0.197205  2.84988  0.0070353
0.197333  2.85006  0.00702982
0.19746  2.85025  0.00702436
0.197588  2.85043  0.00701892
0.197716  2.85062  0.00701351
0.197843  2.8508  0.00700812
0.197971  2.85098  0.00700275
0.198098  2.85116  0.00699741
0.198226  2.85134  0.00699209
0.198354  2.85152  0.0069868
0.198481  2.8517  0.00698153
0.198609  2.85188  0.00697628
0.198736  2.85205  0.00697105
0.198864  2.85223  0.00696585
0.198992  2.8524  0.00696067
0.199119  2.85258  0.00695551
0.199247  2.85275  0.00695038
0.199374  2.85293  0.00694527
0.199502  2.8531  0.00694017
0.19963  2.85327  0.00693511
0.199757  2.85344  0.00693006
0.199885  2.85362  0.00692503
0.200013  2.85379  0.00692003
0.20014  2.85396  0.00691504
0.200268  2.85413  0.00691008
0.200395  2.85429  0.00690514
0.200523  2.85446  0.00690022
0.200651  2.85463  0.00689532
0.200778  2.8548  0.00689044
0.200906  2.85496  0.00688559
0.201033  2.85513  0.00688075
0.201161  2.85529  0.00687593
0.201289  2.85546  0.00687114
0.201416  2.85562  0.00686636
0.201544  2.85578  0.0068616
0.201671  2.85594  0.00685687
0.201799  2.85611  0.00685215
0.201927  2.85627  0.00684745
0.202054  2.85643  0.00684277
0.202182  2.85659  0.00683811
0.202309  2.85675  0.00683347
0.202437  2.8569  0.00682885
0.202565  2.85706  0.00682425
0.202692  2.85722  0.00681967
0.20282  2.85738  0.00681511
0.202947  2.85753  0.00681056
0.203075  2.85769  0.00680603
0.203203  2.85784  0.00680153
0.20333  2.858  0.00679704
0.203458  2.85815  0.00679256
0.203585  2.85831  0.00678811
0.203713  2.85846  0.00678368
0.203841  2.85861  0.00677926
0.203968  2.85876  0.00677486
0.204096  2.85891  0.00677048
0.204224  2.85907  0.00676611
0.204351  2.85922  0.00676177
0.204479  2.85937  0.00675744
0.204606  2.85951  0.00675312
0.204734  2.85966  0.00674883
0.204862  2.85981  0.00674455
0.204989  2.85996  0.00674029
0.205117  2.86011  0.00673605
0.205244  2.86025  0.00673182
0.205372  2.8604  0.00672761
0.2055  2.86054  0.00672342
0.205627  2.86069  0.00671924
0.205755  2.86083  0.00671508
0.205882  2.86098  0.00671093
0.20601  2.86112  0.00670681
0.206138  2.86126  0.00670269
0.206265  2.8614  0.0066986
0.206393  2.86155  0.00669452
0.20652  2.86169  0.00669045
0.206648  2.86183  0.0066864
0.206776  2.86197  0.00668237
0.206903  2.86211  0.00667835
0.207031  2.86225  0.00667435
0.207158  2.86239  0.00667037
0.207286  2.86252  0.0066664
0.207414  2.86266  0.00666244
0.207541  2.8628  0.0066585
0.207669  2.86294  0.00665457
0.207796  2.86307  0.00665066
0.207924  2.86321  0.00664677
0.208052  2.86334  0.00664289
0.208179  2.86348  0.00663902
0.208307  2.86361  0.00663517
0.208435  2.86375  0.00663134
0.208562  2.86388  0.00662751
0.20869  2.86401  0.00662371
0.208817  2.86415  0.00661991
0.208945  2.86428  0.00661613
0.209073  2.86441  0.00661237
0.2092  2.86454  0.00660862
0.209328  2.86467  0.00660488
0.209455  2.8648  0.00660116
0.209583  2.86493  0.00659745
0.209711  2.86506  0.00659376
0.209838  2.86519  0.00659008
0.209966  2.86532  0.00658641
0.210093  2.86545  0.00658275
0.210221  2.86558  0.00657911
0.210349  2.86571  0.00657549
0.210476  2.86583  0.00657187
0.210604  2.86596  0.00656827
0.210731  2.86608  0.00656469
0.210859  2.86621  0.00656111
0.210987  2.86634  0.00655755
0.211114  2.86646  0.00655401
0.211242  2.86659  0.00655047
0.211369  2.86671  0.00654695
0.211497  2.86683  0.00654344
0.211625  2.86696  0.00653994
0.211752  2.86708  0.00653646
0.21188  2.8672  0.00653299
0.212008  2.86732  0.00652953
0.212135  2.86744  0.00652609
0.212263  2.86757  0.00652265
0.21239  2.86769  0.00651923
0.212518  2.86781  0.00651582
0.212646  2.86793  0.00651243
0.212773  2.86805  0.00650904
0.212901  2.86817  0.00650567
0.213028  2.86828  0.00650231
0.213156  2.8684  0.00649896
0.213284  2.86852  0.00649563
0.213411  2.86864  0.0064923
0.213539  2.86876  0.00648899
0.213666  2.86887  0.00648569
0.213794  2.86899  0.0064824
0.213922  2.86911  0.00647912
0.214049  2.86922  0.00647586
0.214177  2.86934  0.0064726
0.214304  2.86945  0.00646936
0.214432  2.86957  0.00646613
0.21456  2.86968  0.00646291
0.214687  2.86979  0.0064597
0.214815  2.86991  0.0064565
0.214942  2.87002  0.00645331
0.21507  2.87013  0.00645014
0.215198  2.87025  0.00644697
0.215325  2.87036  0.00644382
0.215453  2.87047  0.00644068
0.21558  2.87058  0.00643755
0.215708  2.87069  0.00643442
0.215836  2.8708  0.00643131
0.215963  2.87091  0.00642822
0.216091  2.87102  0.00642513
0.216219  2.87113  0.00642205
0.216346  2.87124  0.00641898
0.216474  2.87135  0.00641592
0.216601  2.87146  0.00641288
0.216729  2.87157  0.00640984
0.216857  2.87168  0.00640681
0.216984  2.87178  0.0064038
0.217112  2.87189  0.00640079
0.217239  2.872  0.0063978
0.217367  2.87211  0.00639481
0.217495  2.87221  0.00639184
0.217622  2.87232  0.00638887
0.21775  2.87242  0.00638592
0.217877  2.87253  0.00638297
0.218005  2.87263  0.00638004
0.218133  2.87274  0.00637711
0.21826  2.87284  0.0063742
0.218388  2.87295  0.00637129
0.218515  2.87305  0.0063684
0.218643  2.87315  0.00636551
0.218771  2.87326  0.00636263
0.218898  2.87336  0.00635977
0.219026  2.87346  0.00635691
0.219153  2.87356  0.00635406
0.219281  2.87367  0.00635122
0.219409  2.87377  0.00634839
0.219536  2.87387  0.00634557
0.219664  2.87397  0.00634276
0.219791  2.87407  0.00633996
0.219919  2.87417  0.00633717
0.220047  2.87427  0.00633439
0.220174  2.87437  0.00633161
0.220302  2.87447  0.00632885
0.22043  2.87457  0.00632609
0.220557  2.87467  0.00632335
0.220685  2.87476  0.00632061
0.220812  2.87486  0.00631788
0.22094  2.87496  0.00631516
0.221068  2.87506  0.00631245
0.221195  2.87516  0.00630975
0.221323  2.87525  0.00630705
0.22145  2.87535  0.00630437
0.221578  2.87545  0.00630169
0.221706  2.87554  0.00629903
0.221833  2.87564  0.00629637
0.221961  2.87573  0.00629372
0.222088  2.87583  0.00629107
0.222216  2.87592  0.00628844
0.222344  2.87602  0.00628582
0.222471  2.87611  0.0062832
0.222599  2.87621  0.00628059
0.222726  2.8763  0.00627799
0.222854  2.87639  0.0062754
0.222982  2.87649  0.00627282
0.223109  2.87658  0.00627024
0.223237  2.87667  0.00626767
0.223364  2.87676  0.00626511
0.223492  2.87686  0.00626256
0.22362  2.87695  0.00626002
0.223747  2.87704  0.00625748
0.223875  2.87713  0.00625496
0.224003  2.87722  0.00625244
0.22413  2.87731  0.00624993
0.224258  2.8774  0.00624742
0.224385  2.8775  0.00624493
0.224513  2.87759  0.00624244
0.224641  2.87767  0.00623996
0.224768  2.87776  0.00623749
0.224896  2.87785  0.00623503
0.225023  2.87794  0.00623257
0.225151  2.87803  0.00623012
0.225279  2.87812  0.00622768
0.225406  2.87821  0.00622524
0.225534  2.8783  0.00622282
0.225661  2.87838  0.0062204
0.225789  2.87847  0.00621799
0.225917  2.87856  0.00621558
0.226044  2.87865  0.00621319
0.226172  2.87873  0.0062108
0.226299  2.87882  0.00620841
0.226427  2.87891  0.00620604
0.226555  2.87899  0.00620367
0.226682  2.87908  0.00620131
0.22681  2.87916  0.00619896
0.226937  2.87925  0.00619661
0.227065  2.87933  0.00619427
0.227193  2.87942  0.00619194
0.22732  2.8795  0.00618962
0.227448  2.87959  0.0061873
0.227575  2.87967  0.00618499
0.227703  2.87976  0.00618269
0.227831  2.87984  0.00618039
0.227958  2.87992  0.0061781
0.228086  2.88001  0.00617582
0.228214  2.88009  0.00617354
0.228341  2.88017  0.00617127
0.228469  2.88025  0.00616901
0.228596  2.88034  0.00616675
0.228724  2.88042  0.0061645
0.228852  2.8805  0.00616226
0.228979  2.88058  0.00616003
0.229107  2.88066  0.0061578
0.229234  2.88074  0.00615557
0.229362  2.88082  0.00615336
0.22949  2.88091  0.00615115
0.229617  2.88099  0.00614895
0.229745  2.88107  0.00614675
0.229872  2.88115  0.00614456
0.23  2.88123  0.00614238
