279  -1.05254e-06  7.68854e-09
279.893  1.31391e-05  9.60866e-08
280.786  4.2474e-05  3.10965e-07
281.68  8.13943e-05  5.96589e-07
282.573  0.000127953  9.38915e-07
283.466  0.000181068  1.3302e-06
284.359  0.000240025  1.76535e-06
285.253  0.000304308  2.24072e-06
286.146  0.000373518  2.75353e-06
287.039  0.00044734  3.30157e-06
287.932  0.000525514  3.88307e-06
288.826  0.000607823  4.49652e-06
289.719  0.000694079  5.14068e-06
290.612  0.000784124  5.81446e-06
291.505  0.000877815  6.51693e-06
292.399  0.000975028  7.24727e-06
293.292  0.00107565  8.00477e-06
294.185  0.00117959  8.78879e-06
295.078  0.00128675  9.59876e-06
295.972  0.00139705  1.04342e-05
296.865  0.00151041  1.12946e-05
297.758  0.00162677  1.21796e-05
298.651  0.00174607  1.30887e-05
299.545  0.00186824  1.40218e-05
300.438  0.00199324  1.49784e-05
301.331  0.00212101  1.59584e-05
302.224  0.00225151  1.69613e-05
303.118  0.0023847  1.79871e-05
304.011  0.00252053  1.90355e-05
304.904  0.00265897  2.01064e-05
305.797  0.00279999  2.11995e-05
306.691  0.00294355  2.23147e-05
307.584  0.00308961  2.34519e-05
308.477  0.00323816  2.46109e-05
309.37  0.00338917  2.57917e-05
310.264  0.0035426  2.69942e-05
311.157  0.00369844  2.82182e-05
312.05  0.00385667  2.94637e-05
312.943  0.00401725  3.07306e-05
313.837  0.00418018  3.20188e-05
314.73  0.00434543  3.33284e-05
315.623  0.00451299  3.46593e-05
316.516  0.00468284  3.60115e-05
317.41  0.00485496  3.73849e-05
318.303  0.00502934  3.87795e-05
319.196  0.00520597  4.01953e-05
320.089  0.00538483  4.16323e-05
320.982  0.0055659  4.30906e-05
321.876  0.00574919  4.45701e-05
322.769  0.00593467  4.60708e-05
323.662  0.00612234  4.75929e-05
324.555  0.00631219  4.91362e-05
325.449  0.00650421  5.07009e-05
326.342  0.00669839  5.22869e-05
327.235  0.00689472  5.38944e-05
328.128  0.0070932  5.55234e-05
329.022  0.00729381  5.71739e-05
329.915  0.00749656  5.8846e-05
330.808  0.00770144  6.05398e-05
331.701  0.00790844  6.22553e-05
332.595  0.00811755  6.39926e-05
333.488  0.00832878  6.57518e-05
334.381  0.00854212  6.7533e-05
335.274  0.00875756  6.93363e-05
336.168  0.0089751  7.11616e-05
337.061  0.00919475  7.30093e-05
337.954  0.00941649  7.48793e-05
338.847  0.00964033  7.67717e-05
339.741  0.00986626  7.86867e-05
340.634  0.0100943  8.06243e-05
341.527  0.0103244  8.25847e-05
342.42  0.0105566  8.45681e-05
343.314  0.0107909  8.65744e-05
344.207  0.0110273  8.86039e-05
345.1  0.0112658  9.06567e-05
345.993  0.0115063  9.27329e-05
346.887  0.011749  9.48326e-05
347.78  0.0119937  9.6956e-05
348.673  0.0122406  9.91033e-05
349.566  0.0124895  0.000101275
350.46  0.0127406  0.00010347
351.353  0.0129937  0.00010569
352.246  0.013249  0.000107934
353.139  0.0135063  0.000110203
354.033  0.0137658  0.000112496
354.926  0.0140274  0.000114815
355.819  0.0142911  0.000117158
356.712  0.0145569  0.000119527
357.606  0.0148248  0.000121921
358.499  0.0150949  0.000124341
359.392  0.015367  0.000126787
360.285  0.0156414  0.000129259
361.178  0.0159178  0.000131757
362.072  0.0161965  0.000134282
362.965  0.0164772  0.000136833
363.858  0.0167601  0.000139411
364.751  0.0170452  0.000142017
365.645  0.0173325  0.000144649
366.538  0.0176219  0.000147309
367.431  0.0179135  0.000149997
368.324  0.0182073  0.000152712
369.218  0.0185033  0.000155456
370.111  0.0188015  0.000158228
371.004  0.0191019  0.000161029
371.897  0.0194045  0.000163859
372.791  0.0197094  0.000166717
373.684  0.0200164  0.000169606
374.577  0.0203257  0.000172523
375.47  0.0206373  0.000175471
376.364  0.0209511  0.000178449
377.257  0.0212672  0.000181457
378.15  0.0215855  0.000184496
379.043  0.0219062  0.000187566
379.937  0.0222291  0.000190667
380.83  0.0225543  0.0001938
381.723  0.0228818  0.000196964
382.616  0.0232117  0.000200161
383.51  0.0235438  0.00020339
384.403  0.0238784  0.000206651
385.296  0.0242152  0.000209946
386.189  0.0245545  0.000213274
387.083  0.024896  0.000216635
387.976  0.02524  0.000220031
388.869  0.0255864  0.00022346
389.762  0.0259352  0.000226925
390.656  0.0262864  0.000230424
391.549  0.02664  0.000233958
392.442  0.026996  0.000237529
393.335  0.0273545  0.000241135
394.229  0.0277155  0.000244777
395.122  0.0280789  0.000248456
396.015  0.0284449  0.000252172
396.908  0.0288133  0.000255926
397.802  0.0291842  0.000259717
398.695  0.0295577  0.000263546
399.588  0.0299337  0.000267414
400.481  0.0303123  0.000271321
401.374  0.0306934  0.000275267
402.268  0.0310771  0.000279253
403.161  0.0314635  0.000283279
404.054  0.0318524  0.000287346
404.947  0.0322439  0.000291454
405.841  0.0326381  0.000295603
406.734  0.033035  0.000299794
407.627  0.0334345  0.000304027
408.52  0.0338367  0.000308303
409.414  0.0342416  0.000312622
410.307  0.0346492  0.000316985
411.2  0.0350596  0.000321391
412.093  0.0354727  0.000325843
412.987  0.0358885  0.000330339
413.88  0.0363072  0.000334881
414.773  0.0367286  0.000339469
415.666  0.0371529  0.000344104
416.56  0.03758  0.000348786
417.453  0.03801  0.000353515
418.346  0.0384428  0.000358292
419.239  0.0388786  0.000363118
420.133  0.0393172  0.000367993
421.026  0.0397588  0.000372918
421.919  0.0402033  0.000377893
422.812  0.0406508  0.000382919
423.706  0.0411012  0.000387996
424.599  0.0415547  0.000393126
425.492  0.0420112  0.000398307
426.385  0.0424707  0.000403542
427.279  0.0429333  0.000408831
428.172  0.043399  0.000414174
429.065  0.0438678  0.000419572
429.958  0.0443397  0.000425026
430.852  0.0448148  0.000430536
431.745  0.0452931  0.000436103
432.638  0.0457745  0.000441727
433.531  0.0462592  0.00044741
434.425  0.0467471  0.000453151
435.318  0.0472382  0.000458953
436.211  0.0477327  0.000464814
437.104  0.0482304  0.000470737
437.997  0.0487315  0.000476721
438.891  0.0492359  0.000482768
439.784  0.0497438  0.000488878
440.677  0.050255  0.000495052
441.57  0.0507697  0.00050129
442.464  0.0512878  0.000507594
443.357  0.0518094  0.000513965
444.25  0.0523345  0.000520402
445.143  0.0528631  0.000526908
446.037  0.0533953  0.000533482
446.93  0.0539311  0.000540126
447.823  0.0544705  0.00054684
448.716  0.0550136  0.000553625
449.61  0.0555603  0.000560483
450.503  0.0561107  0.000567414
451.396  0.0566648  0.000574418
452.289  0.0572227  0.000581498
453.183  0.0577844  0.000588653
454.076  0.0583499  0.000595885
454.969  0.0589193  0.000603195
455.862  0.0594925  0.000610583
456.756  0.0600696  0.000618051
457.649  0.0606507  0.000625599
458.542  0.0612357  0.00063323
459.435  0.0618248  0.000640943
460.329  0.0624178  0.000648739
461.222  0.063015  0.000656621
462.115  0.0636162  0.000664588
463.008  0.0642216  0.000672643
463.902  0.0648311  0.000680785
464.795  0.0654449  0.000689017
465.688  0.0660628  0.000697339
466.581  0.0666851  0.000705753
467.475  0.0673117  0.000714259
468.368  0.0679426  0.00072286
469.261  0.0685779  0.000731555
470.154  0.0692176  0.000740347
471.048  0.0698617  0.000749237
471.941  0.0705104  0.000758226
472.834  0.0711636  0.000767315
473.727  0.0718213  0.000776505
474.621  0.0724837  0.000785799
475.514  0.0731507  0.000795197
476.407  0.0738224  0.000804701
477.3  0.0744989  0.000814312
478.193  0.0751801  0.000824031
479.087  0.0758662  0.000833861
479.98  0.0765571  0.000843802
480.873  0.0772529  0.000853856
481.766  0.0779536  0.000864024
482.66  0.0786594  0.000874309
483.553  0.0793701  0.000884711
484.446  0.080086  0.000895233
485.339  0.080807  0.000905876
486.233  0.0815331  0.000916641
487.126  0.0822645  0.000927531
488.019  0.0830012  0.000938547
488.912  0.0837431  0.00094969
489.806  0.0844905  0.000960963
490.699  0.0852432  0.000972367
491.592  0.0860014  0.000983905
492.485  0.0867652  0.000995578
493.379  0.0875345  0.00100739
494.272  0.0883094  0.00101934
495.165  0.08909  0.00103142
496.058  0.0898764  0.00104366
496.952  0.0906685  0.00105603
497.845  0.0914665  0.00106856
498.738  0.0922703  0.00108123
499.631  0.0930801  0.00109406
500.525  0.0938959  0.00110703
501.418  0.0947178  0.00112017
502.311  0.0955458  0.00113346
503.204  0.09638  0.00114691
504.098  0.0972205  0.00116052
504.991  0.0980673  0.0011743
505.884  0.0989204  0.00118825
506.777  0.09978  0.00120236
507.671  0.100646  0.00121665
508.564  0.101519  0.00123111
509.457  0.102398  0.00124575
510.35  0.103284  0.00126057
511.244  0.104177  0.00127557
512.137  0.105076  0.00129076
513.03  0.105983  0.00130613
513.923  0.106896  0.0013217
514.817  0.107817  0.00133746
515.71  0.108744  0.00135341
516.603  0.109679  0.00136957
517.496  0.110621  0.00138593
518.389  0.11157  0.00140249
519.283  0.112527  0.00141926
520.176  0.113491  0.00143625
521.069  0.114463  0.00145345
521.962  0.115443  0.00147087
522.856  0.11643  0.00148851
523.749  0.117425  0.00150637
524.642  0.118428  0.00152447
525.535  0.119439  0.0015428
526.429  0.120458  0.00156136
527.322  0.121485  0.00158016
528.215  0.122521  0.00159921
529.108  0.123565  0.0016185
530.002  0.124617  0.00163805
530.895  0.125678  0.00165785
531.788  0.126747  0.00167791
532.681  0.127825  0.00169823
533.575  0.128912  0.00171882
534.468  0.130008  0.00173969
535.361  0.131112  0.00176083
536.254  0.132226  0.00178225
537.148  0.133349  0.00180395
538.041  0.134482  0.00182595
538.934  0.135624  0.00184823
539.827  0.136775  0.00187082
540.721  0.137936  0.00189372
541.614  0.139107  0.00191692
542.507  0.140287  0.00194043
543.4  0.141478  0.00196427
544.294  0.142678  0.00198843
545.187  0.143889  0.00201292
546.08  0.14511  0.00203774
546.973  0.146342  0.00206291
547.867  0.147584  0.00208842
548.76  0.148837  0.00211429
549.653  0.1501  0.00214051
550.546  0.151375  0.0021671
551.44  0.15266  0.00219406
552.333  0.153957  0.0022214
553.226  0.155265  0.00224912
554.119  0.156585  0.00227723
555.013  0.157916  0.00230574
555.906  0.159259  0.00233465
556.799  0.160614  0.00236397
557.692  0.161981  0.00239371
558.585  0.16336  0.00242387
559.479  0.164751  0.00245447
560.372  0.166155  0.0024855
561.265  0.167572  0.00251698
562.158  0.169001  0.00254892
563.052  0.170444  0.00258132
563.945  0.171899  0.00261419
564.838  0.173368  0.00264754
565.731  0.17485  0.00268138
566.625  0.176346  0.00271571
567.518  0.177856  0.00275055
568.411  0.179379  0.00278591
569.304  0.180917  0.00282179
570.198  0.182469  0.0028582
571.091  0.184036  0.00289515
571.984  0.185617  0.00293266
572.877  0.187213  0.00297073
573.771  0.188825  0.00300937
574.664  0.190451  0.0030486
575.557  0.192093  0.00308842
576.45  0.193751  0.00312884
577.344  0.195425  0.00316988
578.237  0.197115  0.00321155
579.13  0.198821  0.00325385
580.023  0.200544  0.00329681
580.917  0.202283  0.00334043
581.81  0.20404  0.00338472
582.703  0.205814  0.0034297
583.596  0.207605  0.00347538
584.49  0.209414  0.00352178
585.383  0.211241  0.0035689
586.276  0.213086  0.00361677
587.169  0.214949  0.00366538
588.063  0.216832  0.00371477
588.956  0.218733  0.00376494
589.849  0.220653  0.00381591
590.742  0.222593  0.0038677
591.636  0.224553  0.00392031
592.529  0.226533  0.00397377
593.422  0.228533  0.0040281
594.315  0.230554  0.0040833
595.209  0.232595  0.0041394
596.102  0.234658  0.00419641
596.995  0.236742  0.00425435
597.888  0.238849  0.00431324
598.781  0.240977  0.0043731
599.675  0.243128  0.00443394
600.568  0.245301  0.0044958
601.461  0.247498  0.00455868
602.354  0.249718  0.0046226
603.248  0.251962  0.00468759
604.141  0.25423  0.00475368
605.034  0.256523  0.00482087
605.927  0.258841  0.00488919
606.821  0.261183  0.00495867
607.714  0.263552  0.00502933
608.607  0.265946  0.00510119
609.5  0.268367  0.00517428
610.394  0.270815  0.00524862
611.287  0.27329  0.00532423
612.18  0.275792  0.00540115
613.073  0.278323  0.00547939
613.967  0.280882  0.005559
614.86  0.28347  0.00563998
615.753  0.286087  0.00572238
616.646  0.288735  0.00580622
617.54  0.291412  0.00589153
618.433  0.29412  0.00597834
619.326  0.29686  0.00606668
620.219  0.299631  0.00615659
621.113  0.302434  0.00624809
622.006  0.305271  0.00634122
622.899  0.30814  0.00643601
623.792  0.311043  0.0065325
624.686  0.313981  0.00663072
625.579  0.316953  0.00673071
626.472  0.319961  0.0068325
627.365  0.323005  0.00693613
628.259  0.326086  0.00704165
629.152  0.329203  0.00714909
630.045  0.332359  0.00725848
630.938  0.335552  0.00736988
631.832  0.338785  0.00748332
632.725  0.342058  0.00759885
633.618  0.34537  0.0077165
634.511  0.348724  0.00783633
635.405  0.35212  0.00795838
636.298  0.355557  0.00808269
637.191  0.359038  0.00820932
638.084  0.362562  0.0083383
638.977  0.366131  0.0084697
639.871  0.369746  0.00860356
640.764  0.373406  0.00873993
641.657  0.377112  0.00887886
642.55  0.380867  0.00902041
643.444  0.384669  0.00916463
644.337  0.388521  0.00931158
645.23  0.392423  0.00946131
646.123  0.396375  0.00961388
647.017  0.40038  0.00976936
647.91  0.404436  0.00992779
648.803  0.408546  0.0100892
649.696  0.412711  0.0102538
650.59  0.41693  0.0104214
651.483  0.421206  0.0105923
652.376  0.425539  0.0107665
653.269  0.42993  0.0109439
654.163  0.43438  0.0111248
655.056  0.43889  0.0113092
655.949  0.443462  0.0114971
656.842  0.448095  0.0116886
657.736  0.452792  0.0118838
658.629  0.457553  0.0120827
659.522  0.462379  0.0122854
660.415  0.467272  0.0124921
661.309  0.472232  0.0127027
662.202  0.477261  0.0129173
663.095  0.48236  0.0131361
663.988  0.48753  0.0133591
664.882  0.492773  0.0135863
665.775  0.498089  0.0138178
666.668  0.503479  0.0140538
667.561  0.508946  0.0142942
668.455  0.51449  0.0145393
669.348  0.520112  0.0147889
670.241  0.525815  0.0150433
671.134  0.531598  0.0153025
672.028  0.537464  0.0155665
672.921  0.543413  0.0158355
673.814  0.549448  0.0161095
674.707  0.55557  0.0163885
675.601  0.561779  0.0166728
676.494  0.568078  0.0169622
677.387  0.574467  0.017257
678.28  0.580949  0.0175571
679.173  0.587524  0.0178626
680.067  0.594194  0.0181736
680.96  0.600961  0.0184901
681.853  0.607825  0.0188123
682.746  0.614789  0.01914
683.64  0.621854  0.0194735
684.533  0.629021  0.0198127
685.426  0.636292  0.0201576
686.319  0.643668  0.0205084
687.213  0.651151  0.020865
688.106  0.658742  0.0212274
688.999  0.666443  0.0215957
689.892  0.674254  0.0219698
690.786  0.682179  0.0223498
691.679  0.690217  0.0227357
692.572  0.69837  0.0231274
693.465  0.70664  0.0235249
694.359  0.715027  0.0239282
695.252  0.723534  0.0243372
696.145  0.732162  0.0247519
697.038  0.740911  0.0251722
697.932  0.749783  0.0255979
698.825  0.75878  0.0260291
699.718  0.767901  0.0264656
700.611  0.777149  0.0269073
701.505  0.786525  0.027354
702.398  0.796028  0.0278056
703.291  0.805661  0.0282618
704.184  0.815423  0.0287226
705.078  0.825316  0.0291876
705.971  0.835341  0.0296568
706.864  0.845497  0.0301297
707.757  0.855785  0.0306062
708.651  0.866206  0.0310859
709.544  0.87676  0.0315685
710.437  0.887447  0.0320538
711.33  0.898266  0.0325413
712.224  0.909219  0.0330307
713.117  0.920304  0.0335215
714.01  0.931521  0.0340134
714.903  0.942871  0.0345059
715.796  0.954351  0.0349986
716.69  0.965961  0.0354908
717.583  0.977701  0.0359823
718.476  0.989568  0.0364723
719.369  1.00156  0.0369603
720.263  1.01368  0.0374459
721.156  1.02593  0.0379283
722.049  1.03829  0.0384069
722.942  1.05078  0.0388813
723.836  1.06338  0.0393506
724.729  1.07609  0.0398143
725.622  1.08892  0.0402716
726.515  1.10186  0.040722
727.409  1.11491  0.0411646
728.302  1.12806  0.041599
729.195  1.14131  0.0420242
730.088  1.15465  0.0424397
730.982  1.16809  0.0428447
731.875  1.18161  0.0432386
732.768  1.19523  0.0436208
733.661  1.20892  0.0439904
734.555  1.22268  0.0443469
735.448  1.23652  0.0446897
736.341  1.25042  0.045018
737.234  1.26439  0.0453314
738.128  1.27841  0.0456293
739.021  1.29248  0.0459111
739.914  1.3066  0.0461763
740.807  1.32075  0.0464245
741.701  1.33494  0.0466552
742.594  1.34916  0.0468679
743.487  1.36341  0.0470625
744.38  1.37767  0.0472384
745.274  1.39194  0.0473956
746.167  1.40622  0.0475336
747.06  1.42049  0.0476525
747.953  1.43476  0.0477519
748.847  1.44902  0.0478319
749.74  1.46326  0.0478924
750.633  1.47748  0.0479335
751.526  1.49167  0.0479551
752.42  1.50582  0.0479573
753.313  1.51994  0.0479405
754.206  1.534  0.0479046
755.099  1.54802  0.04785
755.992  1.56198  0.047777
756.886  1.57588  0.0476858
757.779  1.58971  0.0475769
758.672  1.60347  0.0474505
759.565  1.61715  0.0473072
760.459  1.63076  0.0471475
761.352  1.64428  0.0469717
762.245  1.65771  0.0467803
763.138  1.67105  0.046574
764.032  1.68429  0.0463533
764.925  1.69743  0.0461187
765.818  1.71046  0.0458709
766.711  1.72339  0.0456103
767.605  1.73621  0.0453377
768.498  1.74892  0.0450535
769.391  1.76152  0.0447585
770.284  1.77399  0.0444533
771.178  1.78635  0.0441384
772.071  1.79858  0.0438144
772.964  1.81069  0.043482
773.857  1.82268  0.0431418
774.751  1.83453  0.0427943
775.644  1.84626  0.0424402
776.537  1.85786  0.0420799
777.43  1.86933  0.0417141
778.324  1.88067  0.0413433
779.217  1.89188  0.0409681
780.11  1.90296  0.0405888
781.003  1.9139  0.0402061
781.897  1.92471  0.0398204
782.79  1.93539  0.0394321
783.683  1.94593  0.0390417
784.576  1.95634  0.0386497
785.47  1.96662  0.0382564
786.363  1.97677  0.0378623
787.256  1.98679  0.0374676
788.149  1.99667  0.0370728
789.043  2.00642  0.0366782
789.936  2.01605  0.0362841
790.829  2.02554  0.0358908
791.722  2.03491  0.0354986
792.616  2.04415  0.0351078
793.509  2.05326  0.0347185
794.402  2.06225  0.0343311
795.295  2.07112  0.0339458
796.188  2.07986  0.0335627
797.082  2.08848  0.0331821
797.975  2.09698  0.0328041
798.868  2.10536  0.0324289
799.761  2.11363  0.0320566
800.655  2.12177  0.0316875
801.548  2.12981  0.0313215
802.441  2.13773  0.0309589
803.334  2.14553  0.0305996
804.228  2.15323  0.0302439
805.121  2.16081  0.0298918
806.014  2.16829  0.0295434
806.907  2.17566  0.0291987
807.801  2.18293  0.0288579
808.694  2.19009  0.0285208
809.587  2.19716  0.0281877
810.48  2.20412  0.0278585
811.374  2.21098  0.0275332
812.267  2.21774  0.0272119
813.16  2.22441  0.0268946
814.053  2.23098  0.0265813
814.947  2.23746  0.0262721
815.84  2.24385  0.0259668
816.733  2.25015  0.0256655
817.626  2.25635  0.0253683
818.52  2.26247  0.025075
819.413  2.26851  0.0247858
820.306  2.27446  0.0245004
821.199  2.28032  0.024219
822.093  2.2861  0.0239416
822.986  2.29181  0.023668
823.879  2.29743  0.0233983
824.772  2.30297  0.0231324
825.666  2.30844  0.0228703
826.559  2.31383  0.022612
827.452  2.31915  0.0223574
828.345  2.32439  0.0221065
829.239  2.32956  0.0218592
830.132  2.33466  0.0216156
831.025  2.3397  0.0213755
831.918  2.34466  0.021139
832.812  2.34955  0.0209059
833.705  2.35438  0.0206763
834.598  2.35915  0.0204501
835.491  2.36384  0.0202273
836.384  2.36848  0.0200078
837.278  2.37306  0.0197915
838.171  2.37757  0.0195785
839.064  2.38202  0.0193687
839.957  2.38642  0.019162
840.851  2.39075  0.0189583
841.744  2.39503  0.0187578
842.637  2.39926  0.0185602
843.53  2.40343  0.0183656
844.424  2.40754  0.0181739
845.317  2.4116  0.0179851
846.21  2.41561  0.0177991
847.103  2.41957  0.0176158
847.997  2.42348  0.0174353
848.89  2.42734  0.0172576
849.783  2.43114  0.0170824
850.676  2.4349  0.0169099
851.57  2.43862  0.0167399
852.463  2.44228  0.0165725
853.356  2.4459  0.0164075
854.249  2.44948  0.016245
855.143  2.45301  0.0160849
856.036  2.4565  0.0159271
856.929  2.45994  0.0157717
857.822  2.46335  0.0156186
858.716  2.46671  0.0154677
859.609  2.47003  0.0153191
860.502  2.47331  0.0151726
861.395  2.47655  0.0150282
862.289  2.47975  0.014886
863.182  2.48292  0.0147458
864.075  2.48604  0.0146076
864.968  2.48913  0.0144715
865.862  2.49218  0.0143373
866.755  2.4952  0.014205
867.648  2.49818  0.0140747
868.541  2.50113  0.0139462
869.435  2.50404  0.0138195
870.328  2.50692  0.0136947
871.221  2.50977  0.0135716
872.114  2.51258  0.0134503
873.008  2.51536  0.0133307
873.901  2.51811  0.0132127
874.794  2.52083  0.0130965
875.687  2.52352  0.0129818
876.58  2.52618  0.0128688
877.474  2.5288  0.0127573
878.367  2.5314  0.0126474
879.26  2.53397  0.012539
880.153  2.53651  0.0124321
881.047  2.53903  0.0123266
881.94  2.54152  0.0122226
882.833  2.54397  0.0121201
883.726  2.54641  0.0120189
884.62  2.54881  0.0119191
885.513  2.55119  0.0118206
886.406  2.55355  0.0117235
887.299  2.55588  0.0116277
888.193  2.55818  0.0115332
889.086  2.56047  0.0114399
889.979  2.56272  0.0113479
890.872  2.56496  0.0112571
891.766  2.56717  0.0111675
892.659  2.56935  0.011079
893.552  2.57152  0.0109918
894.445  2.57366  0.0109056
895.339  2.57578  0.0108207
896.232  2.57788  0.0107368
897.125  2.57995  0.010654
898.018  2.58201  0.0105722
898.912  2.58404  0.0104915
899.805  2.58606  0.0104119
900.698  2.58805  0.0103333
901.591  2.59003  0.0102556
902.485  2.59198  0.010179
903.378  2.59392  0.0101033
904.271  2.59583  0.0100286
905.164  2.59773  0.00995481
906.058  2.59961  0.00988195
906.951  2.60147  0.00981
907.844  2.60331  0.00973894
908.737  2.60514  0.00966877
909.631  2.60694  0.00959946
910.524  2.60873  0.009531
911.417  2.61051  0.00946338
912.31  2.61226  0.00939658
913.204  2.614  0.0093306
914.097  2.61572  0.00926542
914.99  2.61743  0.00920103
915.883  2.61912  0.00913741
916.776  2.6208  0.00907456
917.67  2.62246  0.00901245
918.563  2.6241  0.00895109
919.456  2.62573  0.00889045
920.349  2.62734  0.00883053
921.243  2.62894  0.00877132
922.136  2.63053  0.0087128
923.029  2.6321  0.00865497
923.922  2.63365  0.00859781
924.816  2.63519  0.00854132
925.709  2.63672  0.00848548
926.602  2.63823  0.00843029
927.495  2.63974  0.00837573
928.389  2.64122  0.00832179
929.282  2.6427  0.00826847
930.175  2.64416  0.00821576
931.068  2.64561  0.00816364
931.962  2.64704  0.00811211
932.855  2.64847  0.00806117
933.748  2.64988  0.00801079
934.641  2.65128  0.00796098
935.535  2.65266  0.00791172
936.428  2.65404  0.00786301
937.321  2.6554  0.00781484
938.214  2.65675  0.0077672
939.108  2.65809  0.00772008
940.001  2.65942  0.00767348
940.894  2.66074  0.00762739
941.787  2.66204  0.0075818
942.681  2.66334  0.0075367
943.574  2.66462  0.00749209
944.467  2.6659  0.00744795
945.36  2.66716  0.00740429
946.254  2.66842  0.0073611
947.147  2.66966  0.00731837
948.04  2.67089  0.00727609
948.933  2.67211  0.00723426
949.827  2.67333  0.00719287
950.72  2.67453  0.00715191
951.613  2.67572  0.00711138
952.506  2.6769  0.00707128
953.399  2.67808  0.00703159
954.293  2.67924  0.00699231
955.186  2.6804  0.00695344
956.079  2.68154  0.00691497
956.972  2.68268  0.00687689
957.866  2.68381  0.00683921
958.759  2.68493  0.0068019
959.652  2.68604  0.00676498
960.545  2.68714  0.00672842
961.439  2.68823  0.00669224
962.332  2.68932  0.00665642
963.225  2.6904  0.00662096
964.118  2.69146  0.00658585
965.012  2.69252  0.0065511
965.905  2.69358  0.00651668
966.798  2.69462  0.00648261
967.691  2.69566  0.00644887
968.585  2.69668  0.00641547
969.478  2.6977  0.00638239
970.371  2.69872  0.00634963
971.264  2.69972  0.00631719
972.158  2.70072  0.00628507
973.051  2.70171  0.00625325
973.944  2.70269  0.00622175
974.837  2.70367  0.00619054
975.731  2.70464  0.00615964
976.624  2.7056  0.00612902
977.517  2.70655  0.0060987
978.41  2.7075  0.00606867
979.304  2.70844  0.00603892
980.197  2.70937  0.00600945
981.09  2.7103  0.00598025
981.983  2.71122  0.00595133
982.877  2.71213  0.00592268
983.77  2.71304  0.00589429
984.663  2.71394  0.00586617
985.556  2.71483  0.00583831
986.45  2.71572  0.0058107
987.343  2.7166  0.00578335
988.236  2.71748  0.00575624
989.129  2.71835  0.00572939
990.023  2.71921  0.00570278
990.916  2.72007  0.0056764
991.809  2.72092  0.00565027
992.702  2.72176  0.00562437
993.595  2.7226  0.00559871
994.489  2.72344  0.00557327
995.382  2.72426  0.00554806
996.275  2.72509  0.00552308
997.168  2.7259  0.00549831
998.062  2.72671  0.00547377
998.955  2.72752  0.00544944
999.848  2.72832  0.00542532
1000.74  2.72911  0.00540142
1001.63  2.7299  0.00537772
1002.53  2.73069  0.00535423
1003.42  2.73147  0.00533095
1004.31  2.73224  0.00530786
1005.21  2.73301  0.00528498
1006.1  2.73377  0.00526229
1006.99  2.73453  0.00523979
1007.89  2.73528  0.00521749
1008.78  2.73603  0.00519538
1009.67  2.73677  0.00517346
1010.57  2.73751  0.00515172
1011.46  2.73824  0.00513016
1012.35  2.73897  0.00510879
1013.25  2.7397  0.00508759
1014.14  2.74042  0.00506658
1015.03  2.74113  0.00504573
1015.93  2.74184  0.00502507
1016.82  2.74255  0.00500457
1017.71  2.74325  0.00498424
1018.61  2.74395  0.00496408
1019.5  2.74464  0.00494409
1020.39  2.74533  0.00492425
1021.29  2.74601  0.00490459
1022.18  2.74669  0.00488508
1023.07  2.74736  0.00486573
1023.97  2.74804  0.00484653
1024.86  2.7487  0.0048275
1025.75  2.74936  0.00480861
1026.65  2.75002  0.00478988
1027.54  2.75068  0.00477129
1028.43  2.75133  0.00475286
1029.33  2.75197  0.00473457
1030.22  2.75262  0.00471643
1031.11  2.75325  0.00469843
1032.01  2.75389  0.00468057
1032.9  2.75452  0.00466286
1033.79  2.75515  0.00464528
1034.68  2.75577  0.00462784
1035.58  2.75639  0.00461053
1036.47  2.757  0.00459336
1037.36  2.75761  0.00457633
1038.26  2.75822  0.00455942
1039.15  2.75883  0.00454265
1040.04  2.75943  0.00452601
1040.94  2.76003  0.00450949
1041.83  2.76062  0.0044931
1042.72  2.76121  0.00447683
1043.62  2.7618  0.00446069
1044.51  2.76238  0.00444467
1045.4  2.76296  0.00442878
1046.3  2.76354  0.004413
1047.19  2.76411  0.00439734
1048.08  2.76468  0.0043818
1048.98  2.76524  0.00436637
1049.87  2.76581  0.00435106
1050.76  2.76637  0.00433587
1051.66  2.76692  0.00432079
1052.55  2.76748  0.00430581
1053.44  2.76803  0.00429095
1054.34  2.76858  0.0042762
1055.23  2.76912  0.00426156
1056.12  2.76966  0.00424702
1057.02  2.7702  0.00423259
1057.91  2.77073  0.00421827
1058.8  2.77127  0.00420405
1059.7  2.77179  0.00418993
1060.59  2.77232  0.00417592
1061.48  2.77284  0.00416201
1062.38  2.77336  0.00414819
1063.27  2.77388  0.00413448
1064.16  2.77439  0.00412086
1065.06  2.77491  0.00410734
1065.95  2.77541  0.00409392
1066.84  2.77592  0.00408059
1067.73  2.77642  0.00406736
1068.63  2.77692  0.00405422
1069.52  2.77742  0.00404117
1070.41  2.77792  0.00402822
1071.31  2.77841  0.00401535
1072.2  2.7789  0.00400258
1073.09  2.77938  0.00398989
1073.99  2.77987  0.00397729
1074.88  2.78035  0.00396478
1075.77  2.78083  0.00395236
1076.67  2.7813  0.00394002
1077.56  2.78178  0.00392777
1078.45  2.78225  0.0039156
1079.35  2.78272  0.00390351
1080.24  2.78318  0.00389151
1081.13  2.78365  0.00387959
1082.03  2.78411  0.00386775
1082.92  2.78457  0.00385599
1083.81  2.78502  0.00384431
1084.71  2.78548  0.00383271
1085.6  2.78593  0.00382118
1086.49  2.78638  0.00380974
1087.39  2.78683  0.00379837
1088.28  2.78727  0.00378708
1089.17  2.78771  0.00377586
1090.07  2.78815  0.00376471
1090.96  2.78859  0.00375364
1091.85  2.78903  0.00374265
1092.75  2.78946  0.00373172
1093.64  2.78989  0.00372087
1094.53  2.79032  0.00371009
1095.43  2.79075  0.00369938
1096.32  2.79117  0.00368874
1097.21  2.79159  0.00367817
1098.11  2.79201  0.00366767
1099  2.79243  0.00365723
1099.89  2.79285  0.00364687
1100.78  2.79326  0.00363657
1101.68  2.79367  0.00362633
1102.57  2.79408  0.00361617
1103.46  2.79449  0.00360606
1104.36  2.7949  0.00359603
1105.25  2.7953  0.00358605
1106.14  2.7957  0.00357614
1107.04  2.7961  0.0035663
1107.93  2.7965  0.00355651
1108.82  2.79689  0.00354679
1109.72  2.79729  0.00353713
1110.61  2.79768  0.00352752
1111.5  2.79807  0.00351798
1112.4  2.79846  0.0035085
1113.29  2.79884  0.00349908
1114.18  2.79923  0.00348972
1115.08  2.79961  0.00348041
1115.97  2.79999  0.00347117
1116.86  2.80037  0.00346198
1117.76  2.80074  0.00345284
1118.65  2.80112  0.00344376
1119.54  2.80149  0.00343474
1120.44  2.80186  0.00342578
1121.33  2.80223  0.00341687
1122.22  2.8026  0.00340801
1123.12  2.80297  0.00339921
1124.01  2.80333  0.00339046
1124.9  2.80369  0.00338176
1125.8  2.80405  0.00337312
1126.69  2.80441  0.00336453
1127.58  2.80477  0.00335599
1128.48  2.80513  0.0033475
1129.37  2.80548  0.00333906
1130.26  2.80583  0.00333067
1131.16  2.80618  0.00332234
1132.05  2.80653  0.00331405
1132.94  2.80688  0.00330581
1133.83  2.80722  0.00329762
1134.73  2.80757  0.00328948
1135.62  2.80791  0.00328139
1136.51  2.80825  0.00327334
1137.41  2.80859  0.00326534
1138.3  2.80893  0.00325739
1139.19  2.80927  0.00324949
1140.09  2.8096  0.00324163
1140.98  2.80993  0.00323381
1141.87  2.81027  0.00322605
1142.77  2.8106  0.00321832
1143.66  2.81092  0.00321065
1144.55  2.81125  0.00320301
1145.45  2.81158  0.00319542
1146.34  2.8119  0.00318788
1147.23  2.81222  0.00318037
1148.13  2.81255  0.00317291
1149.02  2.81287  0.0031655
1149.91  2.81318  0.00315812
1150.81  2.8135  0.00315079
1151.7  2.81382  0.0031435
1152.59  2.81413  0.00313625
1153.49  2.81444  0.00312904
1154.38  2.81476  0.00312187
1155.27  2.81507  0.00311474
1156.17  2.81537  0.00310765
1157.06  2.81568  0.00310061
1157.95  2.81599  0.0030936
1158.85  2.81629  0.00308663
1159.74  2.81659  0.00307969
1160.63  2.8169  0.0030728
1161.53  2.8172  0.00306595
1162.42  2.8175  0.00305913
1163.31  2.81779  0.00305235
1164.21  2.81809  0.00304561
1165.1  2.81839  0.00303891
1165.99  2.81868  0.00303224
1166.88  2.81897  0.00302561
1167.78  2.81927  0.00301901
1168.67  2.81956  0.00301245
1169.56  2.81984  0.00300593
1170.46  2.82013  0.00299944
1171.35  2.82042  0.00299299
1172.24  2.8207  0.00298657
1173.14  2.82099  0.00298019
1174.03  2.82127  0.00297384
1174.92  2.82155  0.00296752
1175.82  2.82183  0.00296124
1176.71  2.82211  0.00295499
1177.6  2.82239  0.00294878
1178.5  2.82267  0.0029426
1179.39  2.82294  0.00293645
1180.28  2.82322  0.00293033
1181.18  2.82349  0.00292425
1182.07  2.82376  0.0029182
1182.96  2.82404  0.00291218
1183.86  2.82431  0.00290619
1184.75  2.82458  0.00290024
1185.64  2.82484  0.00289431
1186.54  2.82511  0.00288842
1187.43  2.82538  0.00288256
1188.32  2.82564  0.00287672
1189.22  2.8259  0.00287092
1190.11  2.82617  0.00286515
1191  2.82643  0.00285941
1191.9  2.82669  0.0028537
1192.79  2.82695  0.00284801
1193.68  2.8272  0.00284236
1194.58  2.82746  0.00283674
1195.47  2.82772  0.00283114
1196.36  2.82797  0.00282557
1197.26  2.82823  0.00282004
1198.15  2.82848  0.00281453
1199.04  2.82873  0.00280904
1199.93  2.82898  0.00280359
1200.83  2.82923  0.00279816
1201.72  2.82948  0.00279276
1202.61  2.82973  0.00278739
1203.51  2.82998  0.00278205
1204.4  2.83022  0.00277673
1205.29  2.83047  0.00277144
1206.19  2.83071  0.00276617
1207.08  2.83095  0.00276094
1207.97  2.83119  0.00275572
1208.87  2.83144  0.00275054
1209.76  2.83168  0.00274538
1210.65  2.83191  0.00274024
1211.55  2.83215  0.00273513
1212.44  2.83239  0.00273005
1213.33  2.83263  0.00272499
1214.23  2.83286  0.00271996
1215.12  2.8331  0.00271495
1216.01  2.83333  0.00270996
1216.91  2.83356  0.002705
1217.8  2.83379  0.00270007
1218.69  2.83402  0.00269515
1219.59  2.83425  0.00269027
1220.48  2.83448  0.0026854
1221.37  2.83471  0.00268056
1222.27  2.83494  0.00267575
1223.16  2.83517  0.00267095
1224.05  2.83539  0.00266618
1224.95  2.83562  0.00266143
1225.84  2.83584  0.00265671
1226.73  2.83606  0.00265201
1227.63  2.83628  0.00264733
1228.52  2.83651  0.00264267
1229.41  2.83673  0.00263804
1230.31  2.83694  0.00263342
1231.2  2.83716  0.00262883
1232.09  2.83738  0.00262426
1232.98  2.8376  0.00261972
1233.88  2.83781  0.00261519
1234.77  2.83803  0.00261069
1235.66  2.83824  0.0026062
1236.56  2.83846  0.00260174
1237.45  2.83867  0.0025973
1238.34  2.83888  0.00259288
1239.24  2.83909  0.00258848
1240.13  2.83931  0.0025841
1241.02  2.83952  0.00257974
1241.92  2.83972  0.0025754
1242.81  2.83993  0.00257109
1243.7  2.84014  0.00256679
1244.6  2.84035  0.00256251
1245.49  2.84055  0.00255825
1246.38  2.84076  0.00255401
1247.28  2.84096  0.00254979
1248.17  2.84117  0.00254559
1249.06  2.84137  0.00254141
1249.96  2.84157  0.00253725
1250.85  2.84177  0.00253311
1251.74  2.84197  0.00252899
1252.64  2.84217  0.00252488
1253.53  2.84237  0.0025208
1254.42  2.84257  0.00251673
1255.32  2.84277  0.00251268
1256.21  2.84296  0.00250865
1257.1  2.84316  0.00250464
1258  2.84336  0.00250064
1258.89  2.84355  0.00249667
1259.78  2.84375  0.00249271
1260.68  2.84394  0.00248877
1261.57  2.84413  0.00248484
1262.46  2.84432  0.00248094
1263.36  2.84452  0.00247705
1264.25  2.84471  0.00247318
1265.14  2.8449  0.00246933
1266.04  2.84509  0.00246549
1266.93  2.84527  0.00246167
1267.82  2.84546  0.00245787
1268.71  2.84565  0.00245408
1269.61  2.84584  0.00245031
1270.5  2.84602  0.00244656
1271.39  2.84621  0.00244283
1272.29  2.84639  0.00243911
1273.18  2.84658  0.0024354
1274.07  2.84676  0.00243172
1274.97  2.84694  0.00242804
1275.86  2.84712  0.00242439
1276.75  2.84731  0.00242075
1277.65  2.84749  0.00241713
1278.54  2.84767  0.00241352
1279.43  2.84785  0.00240993
1280.33  2.84803  0.00240635
1281.22  2.8482  0.00240279
1282.11  2.84838  0.00239925
1283.01  2.84856  0.00239572
1283.9  2.84874  0.0023922
1284.79  2.84891  0.0023887
1285.69  2.84909  0.00238522
1286.58  2.84926  0.00238175
1287.47  2.84944  0.00237829
1288.37  2.84961  0.00237485
1289.26  2.84978  0.00237142
1290.15  2.84995  0.00236801
1291.05  2.85013  0.00236462
1291.94  2.8503  0.00236123
1292.83  2.85047  0.00235786
1293.73  2.85064  0.00235451
1294.62  2.85081  0.00235117
1295.51  2.85098  0.00234784
1296.41  2.85114  0.00234453
1297.3  2.85131  0.00234123
1298.19  2.85148  0.00233795
1299.09  2.85164  0.00233468
1299.98  2.85181  0.00233142
1300.87  2.85198  0.00232818
1301.76  2.85214  0.00232495
1302.66  2.85231  0.00232173
1303.55  2.85247  0.00231853
1304.44  2.85263  0.00231534
1305.34  2.85279  0.00231216
1306.23  2.85296  0.002309
1307.12  2.85312  0.00230585
1308.02  2.85328  0.00230271
1308.91  2.85344  0.00229959
1309.8  2.8536  0.00229648
1310.7  2.85376  0.00229338
1311.59  2.85392  0.00229029
1312.48  2.85408  0.00228722
1313.38  2.85423  0.00228415
1314.27  2.85439  0.00228111
1315.16  2.85455  0.00227807
1316.06  2.8547  0.00227504
1316.95  2.85486  0.00227203
1317.84  2.85502  0.00226903
1318.74  2.85517  0.00226604
1319.63  2.85532  0.00226307
1320.52  2.85548  0.00226011
1321.42  2.85563  0.00225715
1322.31  2.85578  0.00225421
1323.2  2.85594  0.00225128
1324.1  2.85609  0.00224837
1324.99  2.85624  0.00224546
1325.88  2.85639  0.00224257
1326.78  2.85654  0.00223969
1327.67  2.85669  0.00223682
1328.56  2.85684  0.00223396
1329.46  2.85699  0.00223111
1330.35  2.85714  0.00222827
1331.24  2.85729  0.00222545
1332.14  2.85743  0.00222263
1333.03  2.85758  0.00221983
1333.92  2.85773  0.00221704
1334.81  2.85787  0.00221426
1335.71  2.85802  0.00221149
1336.6  2.85816  0.00220873
1337.49  2.85831  0.00220598
1338.39  2.85845  0.00220324
1339.28  2.8586  0.00220052
1340.17  2.85874  0.0021978
1341.07  2.85888  0.00219509
1341.96  2.85902  0.0021924
1342.85  2.85917  0.00218971
1343.75  2.85931  0.00218704
1344.64  2.85945  0.00218437
1345.53  2.85959  0.00218172
1346.43  2.85973  0.00217908
1347.32  2.85987  0.00217644
1348.21  2.86001  0.00217382
1349.11  2.86015  0.0021712
1350  2.86028  0.0021686
