279  -1.23183e-06  1.63534e-10
279.893  1.53773e-05  2.05599e-09
280.786  4.97089e-05  6.69352e-09
281.68  9.52586e-05  1.29181e-08
282.573  0.000149747  2.04513e-08
283.466  0.000211909  2.91459e-08
284.359  0.000280907  3.89091e-08
285.253  0.000356137  4.96775e-08
286.146  0.000437134  6.14054e-08
287.039  0.000523527  7.40588e-08
287.932  0.000615013  8.76118e-08
288.826  0.000711336  1.02044e-07
289.719  0.000812279  1.17341e-07
290.612  0.000917654  1.33491e-07
291.505  0.00102729  1.50484e-07
292.399  0.00114106  1.68314e-07
293.292  0.00125881  1.86976e-07
294.185  0.00138044  2.06467e-07
295.078  0.00150583  2.26785e-07
295.972  0.0016349  2.4793e-07
296.865  0.00176756  2.69902e-07
297.758  0.00190372  2.92702e-07
298.651  0.00204332  3.16332e-07
299.545  0.00218627  3.40796e-07
300.438  0.00233254  3.66096e-07
301.331  0.00248204  3.92238e-07
302.224  0.00263474  4.19224e-07
303.118  0.00279058  4.47062e-07
304.011  0.00294951  4.75755e-07
304.904  0.00311149  5.0531e-07
305.797  0.00327649  5.35733e-07
306.691  0.00344445  5.67032e-07
307.584  0.00361535  5.99212e-07
308.477  0.00378914  6.32282e-07
309.37  0.00396581  6.6625e-07
310.264  0.00414532  7.01122e-07
311.157  0.00432764  7.36909e-07
312.05  0.00451275  7.73617e-07
312.943  0.00470061  8.11257e-07
313.837  0.00489122  8.49836e-07
314.73  0.00508453  8.89366e-07
315.623  0.00528055  9.29855e-07
316.516  0.00547923  9.71312e-07
317.41  0.00568057  1.01375e-06
318.303  0.00588456  1.05718e-06
319.196  0.00609116  1.1016e-06
320.089  0.00630037  1.14704e-06
320.982  0.00651217  1.1935e-06
321.876  0.00672656  1.24099e-06
322.769  0.0069435  1.28953e-06
323.662  0.007163  1.33912e-06
324.555  0.00738505  1.38979e-06
325.449  0.00760962  1.44153e-06
326.342  0.00783672  1.49436e-06
327.235  0.00806633  1.5483e-06
328.128  0.00829844  1.60336e-06
329.022  0.00853306  1.65955e-06
329.915  0.00877015  1.71688e-06
330.808  0.00900974  1.77537e-06
331.701  0.00925179  1.83503e-06
332.595  0.00949632  1.89588e-06
333.488  0.00974331  1.95792e-06
334.381  0.00999276  2.02118e-06
335.274  0.0102447  2.08566e-06
336.168  0.010499  2.15139e-06
337.061  0.0107558  2.21837e-06
337.954  0.0110151  2.28663e-06
338.847  0.0112768  2.35617e-06
339.741  0.0115409  2.42702e-06
340.634  0.0118075  2.49918e-06
341.527  0.0120765  2.57268e-06
342.42  0.0123479  2.64753e-06
343.314  0.0126218  2.72375e-06
344.207  0.0128981  2.80135e-06
345.1  0.0131769  2.88035e-06
345.993  0.0134581  2.96077e-06
346.887  0.0137417  3.04263e-06
347.78  0.0140278  3.12594e-06
348.673  0.0143163  3.21072e-06
349.566  0.0146072  3.29699e-06
350.46  0.0149006  3.38476e-06
351.353  0.0151965  3.47407e-06
352.246  0.0154947  3.56491e-06
353.139  0.0157955  3.65732e-06
354.033  0.0160987  3.75132e-06
354.926  0.0164043  3.84692e-06
355.819  0.0167124  3.94414e-06
356.712  0.017023  4.043e-06
357.606  0.017336  4.14353e-06
358.499  0.0176516  4.24574e-06
359.392  0.0179696  4.34966e-06
360.285  0.01829  4.4553e-06
361.178  0.018613  4.56269e-06
362.072  0.0189385  4.67185e-06
362.965  0.0192664  4.78281e-06
363.858  0.0195969  4.89558e-06
364.751  0.0199299  5.01018e-06
365.645  0.0202654  5.12665e-06
366.538  0.0206034  5.245e-06
367.431  0.020944  5.36526e-06
368.324  0.0212871  5.48745e-06
369.218  0.0216328  5.6116e-06
370.111  0.021981  5.73773e-06
371.004  0.0223318  5.86586e-06
371.897  0.0226851  5.99603e-06
372.791  0.0230411  6.12825e-06
373.684  0.0233996  6.26255e-06
374.577  0.0237607  6.39897e-06
375.47  0.0241244  6.53752e-06
376.364  0.0244908  6.67823e-06
377.257  0.0248598  6.82113e-06
378.15  0.0252314  6.96625e-06
379.043  0.0256056  7.11362e-06
379.937  0.0259826  7.26327e-06
380.83  0.0263621  7.41521e-06
381.723  0.0267444  7.56949e-06
382.616  0.0271293  7.72614e-06
383.51  0.027517  7.88518e-06
384.403  0.0279074  8.04664e-06
385.296  0.0283004  8.21056e-06
386.189  0.0286963  8.37696e-06
387.083  0.0290948  8.54588e-06
387.976  0.0294961  8.71735e-06
388.869  0.0299002  8.89141e-06
389.762  0.0303071  9.06808e-06
390.656  0.0307168  9.2474e-06
391.549  0.0311293  9.42941e-06
392.442  0.0315446  9.61414e-06
393.335  0.0319627  9.80162e-06
394.229  0.0323837  9.99188e-06
395.122  0.0328076  1.0185e-05
396.015  0.0332343  1.03809e-05
396.908  0.033664  1.05798e-05
397.802  0.0340965  1.07816e-05
398.695  0.034532  1.09863e-05
399.588  0.0349704  1.11941e-05
400.481  0.0354118  1.1405e-05
401.374  0.0358561  1.16189e-05
402.268  0.0363034  1.18359e-05
403.161  0.0367537  1.20562e-05
404.054  0.037207  1.22796e-05
404.947  0.0376634  1.25063e-05
405.841  0.0381228  1.27363e-05
406.734  0.0385853  1.29696e-05
407.627  0.0390509  1.32063e-05
408.52  0.0395195  1.34465e-05
409.414  0.0399913  1.36901e-05
410.307  0.0404663  1.39373e-05
411.2  0.0409444  1.4188e-05
412.093  0.0414256  1.44423e-05
412.987  0.0419101  1.47003e-05
413.88  0.0423977  1.4962e-05
414.773  0.0428886  1.52274e-05
415.666  0.0433828  1.54967e-05
416.56  0.0438802  1.57698e-05
417.453  0.0443809  1.60468e-05
418.346  0.0448849  1.63278e-05
419.239  0.0453923  1.66128e-05
420.133  0.045903  1.69019e-05
421.026  0.0464171  1.71951e-05
421.919  0.0469345  1.74924e-05
422.812  0.0474554  1.7794e-05
423.706  0.0479798  1.80999e-05
424.599  0.0485075  1.84101e-05
425.492  0.0490388  1.87247e-05
426.385  0.0495736  1.90438e-05
427.279  0.0501119  1.93674e-05
428.172  0.0506538  1.96956e-05
429.065  0.0511992  2.00284e-05
429.958  0.0517482  2.03659e-05
430.852  0.0523009  2.07082e-05
431.745  0.0528572  2.10554e-05
432.638  0.0534172  2.14074e-05
433.531  0.0539808  2.17644e-05
434.425  0.0545482  2.21264e-05
435.318  0.0551194  2.24936e-05
436.211  0.0556943  2.28659e-05
437.104  0.056273  2.32434e-05
437.997  0.0568556  2.36262e-05
438.891  0.057442  2.40145e-05
439.784  0.0580322  2.44081e-05
440.677  0.0586264  2.48073e-05
441.57  0.0592246  2.52122e-05
442.464  0.0598267  2.56227e-05
443.357  0.0604328  2.60389e-05
444.25  0.0610429  2.6461e-05
445.143  0.0616571  2.6889e-05
446.037  0.0622753  2.7323e-05
446.93  0.0628977  2.77631e-05
447.823  0.0635242  2.82094e-05
448.716  0.0641549  2.86619e-05
449.61  0.0647898  2.91208e-05
450.503  0.0654289  2.95861e-05
451.396  0.0660723  3.00579e-05
452.289  0.06672  3.05363e-05
453.183  0.067372  3.10214e-05
454.076  0.0680284  3.15133e-05
454.969  0.0686892  3.20121e-05
455.862  0.0693544  3.25178e-05
456.756  0.0700241  3.30307e-05
457.649  0.0706983  3.35507e-05
458.542  0.0713771  3.4078e-05
459.435  0.0720604  3.46127e-05
460.329  0.0727483  3.51549e-05
461.222  0.0734409  3.57046e-05
462.115  0.0741381  3.62621e-05
463.008  0.0748401  3.68274e-05
463.902  0.0755469  3.74006e-05
464.795  0.0762584  3.79818e-05
465.688  0.0769748  3.85712e-05
466.581  0.077696  3.91688e-05
467.475  0.0784222  3.97748e-05
468.368  0.0791533  4.03894e-05
469.261  0.0798894  4.10125e-05
470.154  0.0806305  4.16444e-05
471.048  0.0813767  4.22851e-05
471.941  0.0821281  4.29349e-05
472.834  0.0828846  4.35938e-05
473.727  0.0836463  4.42619e-05
474.621  0.0844133  4.49394e-05
475.514  0.0851855  4.56265e-05
476.407  0.0859631  4.63232e-05
477.3  0.0867461  4.70298e-05
478.193  0.0875345  4.77462e-05
479.087  0.0883284  4.84728e-05
479.98  0.0891278  4.92096e-05
480.873  0.0899328  4.99568e-05
481.766  0.0907434  5.07146e-05
482.66  0.0915597  5.14831e-05
483.553  0.0923817  5.22624e-05
484.446  0.0932094  5.30527e-05
485.339  0.094043  5.38542e-05
486.233  0.0948825  5.46671e-05
487.126  0.0957278  5.54914e-05
488.019  0.0965792  5.63275e-05
488.912  0.0974366  5.71754e-05
489.806  0.0983  5.80353e-05
490.699  0.0991696  5.89075e-05
491.592  0.100045  5.9792e-05
492.485  0.100927  6.06891e-05
493.379  0.101816  6.1599e-05
494.272  0.10271  6.25219e-05
495.165  0.103612  6.34579e-05
496.058  0.104519  6.44073e-05
496.952  0.105433  6.53702e-05
497.845  0.106354  6.63469e-05
498.738  0.107281  6.73375e-05
499.631  0.108216  6.83424e-05
500.525  0.109157  6.93616e-05
501.418  0.110104  7.03954e-05
502.311  0.111059  7.14441e-05
503.204  0.112021  7.25079e-05
504.098  0.112989  7.35869e-05
504.991  0.113965  7.46815e-05
505.884  0.114948  7.57919e-05
506.777  0.115938  7.69183e-05
507.671  0.116936  7.80609e-05
508.564  0.117941  7.92201e-05
509.457  0.118953  8.0396e-05
510.35  0.119973  8.1589e-05
511.244  0.121001  8.27992e-05
512.137  0.122036  8.40271e-05
513.03  0.123079  8.52728e-05
513.923  0.12413  8.65366e-05
514.817  0.125188  8.78188e-05
515.71  0.126255  8.91197e-05
516.603  0.12733  9.04396e-05
517.496  0.128413  9.17788e-05
518.389  0.129504  9.31376e-05
519.283  0.130603  9.45163e-05
520.176  0.131711  9.59152e-05
521.069  0.132828  9.73347e-05
521.962  0.133953  9.8775e-05
522.856  0.135086  0.000100237
523.749  0.136228  0.00010172
524.642  0.13738  0.000103225
525.535  0.13854  0.000104752
526.429  0.139709  0.000106302
527.322  0.140887  0.000107875
528.215  0.142074  0.000109471
529.108  0.143271  0.000111091
530.002  0.144477  0.000112735
530.895  0.145693  0.000114403
531.788  0.146918  0.000116097
532.681  0.148153  0.000117815
533.575  0.149397  0.00011956
534.468  0.150652  0.00012133
535.361  0.151916  0.000123127
536.254  0.153191  0.000124952
537.148  0.154476  0.000126803
538.041  0.155771  0.000128683
538.934  0.157077  0.000130591
539.827  0.158393  0.000132527
540.721  0.15972  0.000134494
541.614  0.161058  0.000136489
542.507  0.162406  0.000138516
543.4  0.163766  0.000140573
544.294  0.165137  0.000142661
545.187  0.166519  0.000144781
546.08  0.167912  0.000146934
546.973  0.169317  0.00014912
547.867  0.170734  0.000151339
548.76  0.172162  0.000153592
549.653  0.173602  0.00015588
550.546  0.175055  0.000158204
551.44  0.176519  0.000160563
552.333  0.177996  0.000162958
553.226  0.179486  0.000165391
554.119  0.180988  0.000167861
555.013  0.182502  0.00017037
555.906  0.18403  0.000172918
556.799  0.185571  0.000175506
557.692  0.187124  0.000178134
558.585  0.188692  0.000180803
559.479  0.190272  0.000183514
560.372  0.191867  0.000186268
561.265  0.193475  0.000189065
562.158  0.195097  0.000191906
563.052  0.196733  0.000194792
563.945  0.198384  0.000197723
564.838  0.200049  0.000200701
565.731  0.201729  0.000203726
566.625  0.203424  0.0002068
567.518  0.205133  0.000209922
568.411  0.206858  0.000213094
569.304  0.208599  0.000216317
570.198  0.210354  0.000219591
571.091  0.212126  0.000222919
571.984  0.213913  0.000226299
572.877  0.215717  0.000229734
573.771  0.217537  0.000233225
574.664  0.219374  0.000236771
575.557  0.221227  0.000240376
576.45  0.223097  0.000244039
577.344  0.224984  0.000247761
578.237  0.226889  0.000251544
579.13  0.228811  0.000255389
580.023  0.230752  0.000259296
580.917  0.23271  0.000263268
581.81  0.234686  0.000267305
582.703  0.236681  0.000271408
583.596  0.238695  0.000275579
584.49  0.240727  0.000279818
585.383  0.242779  0.000284128
586.276  0.244851  0.000288509
587.169  0.246942  0.000292963
588.063  0.249052  0.000297491
588.956  0.251184  0.000302095
589.849  0.253335  0.000306775
590.742  0.255508  0.000311533
591.636  0.257701  0.000316372
592.529  0.259916  0.000321291
593.422  0.262152  0.000326294
594.315  0.26441  0.00033138
595.209  0.26669  0.000336553
596.102  0.268992  0.000341813
596.995  0.271318  0.000347162
597.888  0.273666  0.000352602
598.781  0.276038  0.000358134
599.675  0.278433  0.000363761
600.568  0.280852  0.000369484
601.461  0.283296  0.000375305
602.354  0.285764  0.000381225
603.248  0.288257  0.000387247
604.141  0.290775  0.000393373
605.034  0.293319  0.000399604
605.927  0.295889  0.000405943
606.821  0.298485  0.000412391
607.714  0.301108  0.000418951
608.607  0.303757  0.000425625
609.5  0.306435  0.000432414
610.394  0.30914  0.000439322
611.287  0.311873  0.000446351
612.18  0.314634  0.000453502
613.073  0.317425  0.000460778
613.967  0.320245  0.000468182
614.86  0.323095  0.000475716
615.753  0.325975  0.000483382
616.646  0.328885  0.000491183
617.54  0.331827  0.000499122
618.433  0.3348  0.0005072
619.326  0.337804  0.000515422
620.219  0.340841  0.000523789
621.113  0.343911  0.000532305
622.006  0.347014  0.000540972
622.899  0.350151  0.000549793
623.792  0.353322  0.000558771
624.686  0.356528  0.000567909
625.579  0.359769  0.00057721
626.472  0.363046  0.000586678
627.365  0.366358  0.000596315
628.259  0.369708  0.000606124
629.152  0.373094  0.000616109
630.045  0.376519  0.000626274
630.938  0.379982  0.000636621
631.832  0.383483  0.000647154
632.725  0.387024  0.000657876
633.618  0.390605  0.000668792
634.511  0.394226  0.000679905
635.405  0.397889  0.000691217
636.298  0.401593  0.000702734
637.191  0.405339  0.000714459
638.084  0.409128  0.000726396
638.977  0.412961  0.000738548
639.871  0.416838  0.00075092
640.764  0.42076  0.000763516
641.657  0.424727  0.000776339
642.55  0.42874  0.000789395
643.444  0.4328  0.000802686
644.337  0.436907  0.000816218
645.23  0.441063  0.000829994
646.123  0.445267  0.000844019
647.017  0.449521  0.000858297
647.91  0.453824  0.000872834
648.803  0.458179  0.000887632
649.696  0.462585  0.000902697
650.59  0.467044  0.000918034
651.483  0.471555  0.000933646
652.376  0.476121  0.000949539
653.269  0.48074  0.000965718
654.163  0.485416  0.000982186
655.056  0.490147  0.000998949
655.949  0.494936  0.00101601
656.842  0.499782  0.00103338
657.736  0.504686  0.00105105
658.629  0.50965  0.00106904
659.522  0.514674  0.00108735
660.415  0.519759  0.00110598
661.309  0.524905  0.00112494
662.202  0.530114  0.00114423
663.095  0.535387  0.00116386
663.988  0.540724  0.00118383
664.882  0.546126  0.00120415
665.775  0.551594  0.00122482
666.668  0.557129  0.00124584
667.561  0.562732  0.00126723
668.455  0.568403  0.00128898
669.348  0.574144  0.0013111
670.241  0.579955  0.00133359
671.134  0.585837  0.00135646
672.028  0.591792  0.00137971
672.921  0.59782  0.00140335
673.814  0.603921  0.00142738
674.707  0.610098  0.00145179
675.601  0.61635  0.00147661
676.494  0.622678  0.00150182
677.387  0.629084  0.00152743
678.28  0.635568  0.00155345
679.173  0.642132  0.00157987
680.067  0.648776  0.00160671
680.96  0.6555  0.00163395
681.853  0.662306  0.0016616
682.746  0.669195  0.00168967
683.64  0.676167  0.00171815
684.533  0.683223  0.00174705
685.426  0.690365  0.00177636
686.319  0.697592  0.00180608
687.213  0.704906  0.00183622
688.106  0.712307  0.00186676
688.999  0.719796  0.00189772
689.892  0.727374  0.00192908
690.786  0.735041  0.00196084
691.679  0.742798  0.00199301
692.572  0.750646  0.00202557
693.465  0.758585  0.00205852
694.359  0.766616  0.00209185
695.252  0.77474  0.00212557
696.145  0.782956  0.00215965
697.038  0.791266  0.0021941
697.932  0.799669  0.0022289
698.825  0.808166  0.00226404
699.718  0.816758  0.00229952
700.611  0.825444  0.00233532
701.505  0.834225  0.00237143
702.398  0.843101  0.00240784
703.291  0.852072  0.00244453
704.184  0.861139  0.00248148
705.078  0.8703  0.00251869
705.971  0.879557  0.00255613
706.864  0.888908  0.00259379
707.757  0.898354  0.00263164
708.651  0.907895  0.00266967
709.544  0.917529  0.00270785
710.437  0.927258  0.00274617
711.33  0.937079  0.00278459
712.224  0.946992  0.00282309
713.117  0.956998  0.00286165
714.01  0.967094  0.00290024
714.903  0.97728  0.00293883
715.796  0.987556  0.00297739
716.69  0.997919  0.0030159
717.583  1.00837  0.00305432
718.476  1.01891  0.00309262
719.369  1.02953  0.00313077
720.263  1.04023  0.00316873
721.156  1.05102  0.00320648
722.049  1.06188  0.00324396
722.942  1.07282  0.00328116
723.836  1.08384  0.00331803
724.729  1.09493  0.00335454
725.622  1.1061  0.00339065
726.515  1.11733  0.00342632
727.409  1.12864  0.00346152
728.302  1.14001  0.0034962
729.195  1.15144  0.00353034
730.088  1.16293  0.00356388
730.982  1.17448  0.0035968
731.875  1.18609  0.00362906
732.768  1.19775  0.00366062
733.661  1.20945  0.00369145
734.555  1.22121  0.0037215
735.448  1.23301  0.00375075
736.341  1.24484  0.00377916
737.234  1.25672  0.0038067
738.128  1.26863  0.00383334
739.021  1.28057  0.00385904
739.914  1.29254  0.00388377
740.807  1.30453  0.00390752
741.701  1.31655  0.00393025
742.594  1.32858  0.00395193
743.487  1.34063  0.00397255
744.38  1.35268  0.00399209
745.274  1.36474  0.00401051
746.167  1.37681  0.00402782
747.06  1.38888  0.00404398
747.953  1.40094  0.00405899
748.847  1.41299  0.00407284
749.74  1.42504  0.00408551
750.633  1.43707  0.004097
751.526  1.44908  0.0041073
752.42  1.46107  0.00411642
753.313  1.47303  0.00412434
754.206  1.48497  0.00413108
755.099  1.49688  0.00413662
755.992  1.50875  0.00414099
756.886  1.52058  0.00414418
757.779  1.53238  0.0041462
758.672  1.54412  0.00414707
759.565  1.55583  0.0041468
760.459  1.56748  0.0041454
761.352  1.57908  0.00414288
762.245  1.59062  0.00413927
763.138  1.60211  0.00413459
764.032  1.61353  0.00412885
764.925  1.62489  0.00412208
765.818  1.63619  0.0041143
766.711  1.64741  0.00410553
767.605  1.65857  0.0040958
768.498  1.66965  0.00408514
769.391  1.68066  0.00407356
770.284  1.6916  0.00406111
771.178  1.70245  0.00404781
772.071  1.71323  0.00403368
772.964  1.72392  0.00401876
773.857  1.73453  0.00400307
774.751  1.74506  0.00398665
775.644  1.7555  0.00396953
776.537  1.76585  0.00395173
777.43  1.77612  0.00393328
778.324  1.7863  0.00391423
779.217  1.79638  0.00389458
780.11  1.80638  0.00387439
781.003  1.81628  0.00385366
781.897  1.82609  0.00383245
782.79  1.83581  0.00381076
783.683  1.84543  0.00378864
784.576  1.85497  0.0037661
785.47  1.8644  0.00374318
786.363  1.87374  0.00371991
787.256  1.88299  0.0036963
788.149  1.89214  0.00367239
789.043  1.9012  0.0036482
789.936  1.91016  0.00362376
790.829  1.91903  0.00359908
791.722  1.9278  0.00357419
792.616  1.93648  0.00354912
793.509  1.94506  0.00352389
794.402  1.95355  0.00349851
795.295  1.96194  0.003473
796.188  1.97024  0.00344739
797.082  1.97845  0.0034217
797.975  1.98657  0.00339594
798.868  1.99459  0.00337012
799.761  2.00252  0.00334428
800.655  2.01036  0.00331841
801.548  2.01811  0.00329255
802.441  2.02577  0.00326669
803.334  2.03334  0.00324086
804.228  2.04082  0.00321507
805.121  2.04822  0.00318933
806.014  2.05552  0.00316366
806.907  2.06275  0.00313805
807.801  2.06988  0.00311253
808.694  2.07693  0.00308711
809.587  2.0839  0.00306179
810.48  2.09078  0.00303659
811.374  2.09758  0.0030115
812.267  2.1043  0.00298655
813.16  2.11094  0.00296174
814.053  2.1175  0.00293706
814.947  2.12398  0.00291254
815.84  2.13038  0.00288818
816.733  2.13671  0.00286397
817.626  2.14296  0.00283994
818.52  2.14913  0.00281608
819.413  2.15523  0.00279239
820.306  2.16126  0.00276889
821.199  2.16721  0.00274557
822.093  2.17309  0.00272243
822.986  2.1789  0.00269949
823.879  2.18464  0.00267674
824.772  2.19031  0.00265419
825.666  2.19591  0.00263184
826.559  2.20144  0.00260968
827.452  2.20691  0.00258773
828.345  2.21231  0.00256598
829.239  2.21765  0.00254444
830.132  2.22292  0.0025231
831.025  2.22813  0.00250197
831.918  2.23328  0.00248105
832.812  2.23836  0.00246033
833.705  2.24339  0.00243982
834.598  2.24835  0.00241952
835.491  2.25326  0.00239943
836.384  2.25811  0.00237954
837.278  2.2629  0.00235986
838.171  2.26763  0.00234039
839.064  2.27231  0.00232113
839.957  2.27693  0.00230207
840.851  2.2815  0.00228321
841.744  2.28602  0.00226456
842.637  2.29048  0.00224611
843.53  2.29489  0.00222786
844.424  2.29925  0.00220982
845.317  2.30355  0.00219197
846.21  2.30781  0.00217432
847.103  2.31202  0.00215687
847.997  2.31618  0.00213961
848.89  2.32029  0.00212255
849.783  2.32436  0.00210568
850.676  2.32838  0.002089
851.57  2.33235  0.00207251
852.463  2.33628  0.0020562
853.356  2.34016  0.00204009
854.249  2.344  0.00202415
855.143  2.3478  0.0020084
856.036  2.35155  0.00199283
856.929  2.35526  0.00197744
857.822  2.35893  0.00196223
858.716  2.36256  0.00194719
859.609  2.36615  0.00193232
860.502  2.3697  0.00191763
861.395  2.37321  0.0019031
862.289  2.37668  0.00188875
863.182  2.38011  0.00187456
864.075  2.3835  0.00186053
864.968  2.38686  0.00184667
865.862  2.39018  0.00183297
866.755  2.39347  0.00181942
867.648  2.39672  0.00180604
868.541  2.39994  0.00179281
869.435  2.40312  0.00177973
870.328  2.40626  0.0017668
871.221  2.40938  0.00175402
872.114  2.41246  0.0017414
873.008  2.4155  0.00172891
873.901  2.41852  0.00171657
874.794  2.4215  0.00170438
875.687  2.42446  0.00169232
876.58  2.42738  0.0016804
877.474  2.43027  0.00166862
878.367  2.43313  0.00165698
879.26  2.43596  0.00164547
880.153  2.43877  0.00163409
881.047  2.44154  0.00162284
881.94  2.44429  0.00161172
882.833  2.447  0.00160072
883.726  2.44969  0.00158986
884.62  2.45236  0.00157911
885.513  2.45499  0.00156849
886.406  2.4576  0.00155799
887.299  2.46018  0.0015476
888.193  2.46274  0.00153734
889.086  2.46527  0.00152719
889.979  2.46778  0.00151715
890.872  2.47026  0.00150723
891.766  2.47272  0.00149742
892.659  2.47515  0.00148772
893.552  2.47756  0.00147812
894.445  2.47995  0.00146864
895.339  2.48231  0.00145926
896.232  2.48466  0.00144998
897.125  2.48697  0.00144081
898.018  2.48927  0.00143174
898.912  2.49154  0.00142276
899.805  2.49379  0.00141389
900.698  2.49603  0.00140511
901.591  2.49824  0.00139643
902.485  2.50042  0.00138785
903.378  2.50259  0.00137936
904.271  2.50474  0.00137096
905.164  2.50687  0.00136265
906.058  2.50898  0.00135443
906.951  2.51106  0.0013463
907.844  2.51313  0.00133826
908.737  2.51518  0.0013303
909.631  2.51722  0.00132243
910.524  2.51923  0.00131465
911.417  2.52122  0.00130694
912.31  2.5232  0.00129932
913.204  2.52516  0.00129178
914.097  2.5271  0.00128432
914.99  2.52902  0.00127694
915.883  2.53093  0.00126963
916.776  2.53282  0.00126241
917.67  2.53469  0.00125525
918.563  2.53655  0.00124818
919.456  2.53839  0.00124117
920.349  2.54021  0.00123424
921.243  2.54202  0.00122738
922.136  2.54381  0.00122059
923.029  2.54559  0.00121387
923.922  2.54735  0.00120722
924.816  2.54909  0.00120064
925.709  2.55082  0.00119412
926.602  2.55254  0.00118767
927.495  2.55424  0.00118129
928.389  2.55593  0.00117497
929.282  2.5576  0.00116872
930.175  2.55926  0.00116252
931.068  2.5609  0.00115639
931.962  2.56253  0.00115033
932.855  2.56415  0.00114432
933.748  2.56575  0.00113837
934.641  2.56734  0.00113248
935.535  2.56892  0.00112665
936.428  2.57048  0.00112087
937.321  2.57203  0.00111516
938.214  2.57357  0.00110949
939.108  2.57509  0.00110389
940.001  2.57661  0.00109834
940.894  2.57811  0.00109284
941.787  2.5796  0.0010874
942.681  2.58107  0.001082
943.574  2.58254  0.00107666
944.467  2.58399  0.00107138
945.36  2.58543  0.00106614
946.254  2.58686  0.00106095
947.147  2.58828  0.00105581
948.04  2.58969  0.00105072
948.933  2.59108  0.00104568
949.827  2.59247  0.00104069
950.72  2.59384  0.00103574
951.613  2.59521  0.00103084
952.506  2.59656  0.00102598
953.399  2.5979  0.00102117
954.293  2.59923  0.00101641
955.186  2.60055  0.00101169
956.079  2.60187  0.00100701
956.972  2.60317  0.00100238
957.866  2.60446  0.000997785
958.759  2.60574  0.000993236
959.652  2.60701  0.000988728
960.545  2.60827  0.000984261
961.439  2.60953  0.000979834
962.332  2.61077  0.000975448
963.225  2.61201  0.000971101
964.118  2.61323  0.000966793
965.012  2.61445  0.000962524
965.905  2.61565  0.000958293
966.798  2.61685  0.0009541
967.691  2.61804  0.000949944
968.585  2.61922  0.000945825
969.478  2.62039  0.000941742
970.371  2.62155  0.000937695
971.264  2.62271  0.000933684
972.158  2.62385  0.000929708
973.051  2.62499  0.000925767
973.944  2.62612  0.00092186
974.837  2.62724  0.000917986
975.731  2.62836  0.000914147
976.624  2.62946  0.00091034
977.517  2.63056  0.000906567
978.41  2.63165  0.000902825
979.304  2.63273  0.000899116
980.197  2.63381  0.000895438
981.09  2.63487  0.000891792
981.983  2.63593  0.000888176
982.877  2.63699  0.000884591
983.77  2.63803  0.000881037
984.663  2.63907  0.000877512
985.556  2.6401  0.000874017
986.45  2.64112  0.000870551
987.343  2.64214  0.000867113
988.236  2.64315  0.000863705
989.129  2.64415  0.000860324
990.023  2.64514  0.000856972
990.916  2.64613  0.000853647
991.809  2.64711  0.00085035
992.702  2.64809  0.000847079
993.595  2.64906  0.000843835
994.489  2.65002  0.000840618
995.382  2.65097  0.000837427
996.275  2.65192  0.000834261
997.168  2.65287  0.000831121
998.062  2.6538  0.000828007
998.955  2.65473  0.000824917
999.848  2.65566  0.000821852
1000.74  2.65657  0.000818812
1001.63  2.65749  0.000815796
1002.53  2.65839  0.000812803
1003.42  2.65929  0.000809835
1004.31  2.66019  0.00080689
1005.21  2.66108  0.000803968
1006.1  2.66196  0.000801069
1006.99  2.66283  0.000798192
1007.89  2.66371  0.000795338
1008.78  2.66457  0.000792507
1009.67  2.66543  0.000789697
1010.57  2.66629  0.000786909
1011.46  2.66714  0.000784142
1012.35  2.66798  0.000781397
1013.25  2.66882  0.000778673
1014.14  2.66965  0.00077597
1015.03  2.67048  0.000773287
1015.93  2.6713  0.000770625
1016.82  2.67212  0.000767983
1017.71  2.67293  0.000765361
1018.61  2.67374  0.000762758
1019.5  2.67454  0.000760176
1020.39  2.67534  0.000757612
1021.29  2.67613  0.000755068
1022.18  2.67692  0.000752543
1023.07  2.6777  0.000750037
1023.97  2.67848  0.000747549
1024.86  2.67925  0.00074508
1025.75  2.68002  0.000742629
1026.65  2.68078  0.000740196
1027.54  2.68154  0.000737781
1028.43  2.68229  0.000735383
1029.33  2.68304  0.000733003
1030.22  2.68379  0.00073064
1031.11  2.68453  0.000728295
1032.01  2.68527  0.000725966
1032.9  2.686  0.000723655
1033.79  2.68673  0.00072136
1034.68  2.68745  0.000719081
1035.58  2.68817  0.000716819
1036.47  2.68888  0.000714573
1037.36  2.68959  0.000712343
1038.26  2.6903  0.000710129
1039.15  2.691  0.00070793
1040.04  2.6917  0.000705748
1040.94  2.69239  0.00070358
1041.83  2.69308  0.000701428
1042.72  2.69377  0.000699291
1043.62  2.69445  0.000697168
1044.51  2.69513  0.000695061
1045.4  2.6958  0.000692968
1046.3  2.69647  0.00069089
1047.19  2.69714  0.000688826
1048.08  2.6978  0.000686777
1048.98  2.69846  0.000684741
1049.87  2.69911  0.00068272
1050.76  2.69977  0.000680712
1051.66  2.70041  0.000678718
1052.55  2.70106  0.000676738
1053.44  2.7017  0.000674771
1054.34  2.70233  0.000672818
1055.23  2.70297  0.000670878
1056.12  2.7036  0.00066895
1057.02  2.70422  0.000667036
1057.91  2.70484  0.000665135
1058.8  2.70546  0.000663246
1059.7  2.70608  0.00066137
1060.59  2.70669  0.000659507
1061.48  2.7073  0.000657656
1062.38  2.70791  0.000655817
1063.27  2.70851  0.00065399
1064.16  2.70911  0.000652175
1065.06  2.7097  0.000650373
1065.95  2.71029  0.000648582
1066.84  2.71088  0.000646803
1067.73  2.71147  0.000645035
1068.63  2.71205  0.000643279
1069.52  2.71263  0.000641534
1070.41  2.71321  0.000639801
1071.31  2.71378  0.000638079
1072.2  2.71435  0.000636368
1073.09  2.71492  0.000634668
1073.99  2.71548  0.000632979
1074.88  2.71604  0.000631301
1075.77  2.7166  0.000629633
1076.67  2.71716  0.000627976
1077.56  2.71771  0.00062633
1078.45  2.71826  0.000624694
1079.35  2.71881  0.000623068
1080.24  2.71935  0.000621453
1081.13  2.71989  0.000619847
1082.03  2.72043  0.000618252
1082.92  2.72096  0.000616667
1083.81  2.7215  0.000615092
1084.71  2.72203  0.000613526
1085.6  2.72255  0.000611971
1086.49  2.72308  0.000610425
1087.39  2.7236  0.000608888
1088.28  2.72412  0.000607361
1089.17  2.72463  0.000605843
1090.07  2.72515  0.000604335
1090.96  2.72566  0.000602836
1091.85  2.72616  0.000601346
1092.75  2.72667  0.000599865
1093.64  2.72717  0.000598393
1094.53  2.72767  0.00059693
1095.43  2.72817  0.000595476
1096.32  2.72867  0.000594031
1097.21  2.72916  0.000592595
1098.11  2.72965  0.000591167
1099  2.73014  0.000589747
1099.89  2.73062  0.000588337
1100.78  2.73111  0.000586934
1101.68  2.73159  0.00058554
1102.57  2.73207  0.000584154
1103.46  2.73254  0.000582777
1104.36  2.73302  0.000581407
1105.25  2.73349  0.000580046
1106.14  2.73396  0.000578693
1107.04  2.73442  0.000577347
1107.93  2.73489  0.00057601
1108.82  2.73535  0.00057468
1109.72  2.73581  0.000573358
1110.61  2.73627  0.000572044
1111.5  2.73672  0.000570737
1112.4  2.73718  0.000569438
1113.29  2.73763  0.000568147
1114.18  2.73808  0.000566863
1115.08  2.73852  0.000565586
1115.97  2.73897  0.000564316
1116.86  2.73941  0.000563054
1117.76  2.73985  0.000561799
1118.65  2.74029  0.000560552
1119.54  2.74073  0.000559311
1120.44  2.74116  0.000558078
1121.33  2.74159  0.000556851
1122.22  2.74202  0.000555631
1123.12  2.74245  0.000554418
1124.01  2.74287  0.000553212
1124.9  2.7433  0.000552013
1125.8  2.74372  0.000550821
1126.69  2.74414  0.000549635
1127.58  2.74456  0.000548456
1128.48  2.74497  0.000547283
1129.37  2.74539  0.000546117
1130.26  2.7458  0.000544957
1131.16  2.74621  0.000543804
1132.05  2.74662  0.000542657
1132.94  2.74703  0.000541516
1133.83  2.74743  0.000540382
1134.73  2.74783  0.000539254
1135.62  2.74823  0.000538132
1136.51  2.74863  0.000537016
1137.41  2.74903  0.000535906
1138.3  2.74943  0.000534803
1139.19  2.74982  0.000533705
1140.09  2.75021  0.000532613
1140.98  2.7506  0.000531527
1141.87  2.75099  0.000530447
1142.77  2.75138  0.000529373
1143.66  2.75176  0.000528304
1144.55  2.75214  0.000527241
1145.45  2.75253  0.000526184
1146.34  2.7529  0.000525133
1147.23  2.75328  0.000524087
1148.13  2.75366  0.000523047
1149.02  2.75403  0.000522012
1149.91  2.75441  0.000520982
1150.81  2.75478  0.000519958
1151.7  2.75515  0.00051894
1152.59  2.75551  0.000517927
1153.49  2.75588  0.000516919
1154.38  2.75625  0.000515916
1155.27  2.75661  0.000514919
1156.17  2.75697  0.000513926
1157.06  2.75733  0.000512939
1157.95  2.75769  0.000511957
1158.85  2.75805  0.00051098
1159.74  2.7584  0.000510009
1160.63  2.75875  0.000509042
1161.53  2.75911  0.00050808
1162.42  2.75946  0.000507123
1163.31  2.75981  0.000506171
1164.21  2.76015  0.000505224
1165.1  2.7605  0.000504282
1165.99  2.76084  0.000503344
1166.88  2.76119  0.000502411
1167.78  2.76153  0.000501483
1168.67  2.76187  0.00050056
1169.56  2.76221  0.000499641
1170.46  2.76255  0.000498727
1171.35  2.76288  0.000497818
1172.24  2.76322  0.000496913
1173.14  2.76355  0.000496012
1174.03  2.76388  0.000495116
1174.92  2.76421  0.000494225
1175.82  2.76454  0.000493338
1176.71  2.76487  0.000492455
1177.6  2.76519  0.000491577
1178.5  2.76552  0.000490703
1179.39  2.76584  0.000489834
1180.28  2.76616  0.000488969
1181.18  2.76648  0.000488108
1182.07  2.7668  0.000487251
1182.96  2.76712  0.000486398
1183.86  2.76744  0.00048555
1184.75  2.76775  0.000484706
1185.64  2.76807  0.000483865
1186.54  2.76838  0.000483029
1187.43  2.76869  0.000482197
1188.32  2.769  0.000481369
1189.22  2.76931  0.000480545
1190.11  2.76962  0.000479725
1191  2.76993  0.000478909
1191.9  2.77023  0.000478097
1192.79  2.77053  0.000477289
1193.68  2.77084  0.000476484
1194.58  2.77114  0.000475684
1195.47  2.77144  0.000474887
1196.36  2.77174  0.000474094
1197.26  2.77204  0.000473305
1198.15  2.77233  0.000472519
1199.04  2.77263  0.000471738
1199.93  2.77292  0.00047096
1200.83  2.77322  0.000470185
1201.72  2.77351  0.000469415
1202.61  2.7738  0.000468647
1203.51  2.77409  0.000467884
1204.4  2.77438  0.000467124
1205.29  2.77466  0.000466368
1206.19  2.77495  0.000465615
1207.08  2.77524  0.000464865
1207.97  2.77552  0.000464119
1208.87  2.7758  0.000463377
1209.76  2.77608  0.000462638
1210.65  2.77636  0.000461902
1211.55  2.77664  0.00046117
1212.44  2.77692  0.000460441
1213.33  2.7772  0.000459716
1214.23  2.77748  0.000458993
1215.12  2.77775  0.000458275
1216.01  2.77802  0.000457559
1216.91  2.7783  0.000456847
1217.8  2.77857  0.000456137
1218.69  2.77884  0.000455432
1219.59  2.77911  0.000454729
1220.48  2.77938  0.000454029
1221.37  2.77965  0.000453333
1222.27  2.77991  0.00045264
1223.16  2.78018  0.00045195
1224.05  2.78044  0.000451263
1224.95  2.78071  0.000450579
1225.84  2.78097  0.000449898
1226.73  2.78123  0.00044922
1227.63  2.78149  0.000448545
1228.52  2.78175  0.000447873
1229.41  2.78201  0.000447205
1230.31  2.78227  0.000446539
1231.2  2.78253  0.000445876
1232.09  2.78278  0.000445216
1232.98  2.78304  0.000444559
1233.88  2.78329  0.000443904
1234.77  2.78354  0.000443253
1235.66  2.7838  0.000442605
1236.56  2.78405  0.000441959
1237.45  2.7843  0.000441316
1238.34  2.78455  0.000440676
1239.24  2.78479  0.000440039
1240.13  2.78504  0.000439404
1241.02  2.78529  0.000438773
1241.92  2.78553  0.000438144
1242.81  2.78578  0.000437518
1243.7  2.78602  0.000436894
1244.6  2.78626  0.000436273
1245.49  2.78651  0.000435655
1246.38  2.78675  0.000435039
1247.28  2.78699  0.000434426
1248.17  2.78723  0.000433816
1249.06  2.78746  0.000433209
1249.96  2.7877  0.000432603
1250.85  2.78794  0.000432001
1251.74  2.78817  0.000431401
1252.64  2.78841  0.000430804
1253.53  2.78864  0.000430209
1254.42  2.78888  0.000429616
1255.32  2.78911  0.000429026
1256.21  2.78934  0.000428439
1257.1  2.78957  0.000427854
1258  2.7898  0.000427272
1258.89  2.79003  0.000426692
1259.78  2.79026  0.000426114
1260.68  2.79049  0.000425539
1261.57  2.79071  0.000424966
1262.46  2.79094  0.000424396
1263.36  2.79116  0.000423828
1264.25  2.79139  0.000423262
1265.14  2.79161  0.000422699
1266.04  2.79183  0.000422138
1266.93  2.79206  0.000421579
1267.82  2.79228  0.000421022
1268.71  2.7925  0.000420468
1269.61  2.79272  0.000419916
1270.5  2.79293  0.000419367
1271.39  2.79315  0.00041882
1272.29  2.79337  0.000418274
1273.18  2.79359  0.000417732
1274.07  2.7938  0.000417191
1274.97  2.79402  0.000416652
1275.86  2.79423  0.000416116
1276.75  2.79444  0.000415582
1277.65  2.79466  0.00041505
1278.54  2.79487  0.00041452
1279.43  2.79508  0.000413993
1280.33  2.79529  0.000413467
1281.22  2.7955  0.000412944
1282.11  2.79571  0.000412422
1283.01  2.79592  0.000411903
1283.9  2.79612  0.000411386
1284.79  2.79633  0.000410871
1285.69  2.79654  0.000410358
1286.58  2.79674  0.000409847
1287.47  2.79695  0.000409338
1288.37  2.79715  0.000408831
1289.26  2.79735  0.000408326
1290.15  2.79756  0.000407823
1291.05  2.79776  0.000407322
1291.94  2.79796  0.000406823
1292.83  2.79816  0.000406326
1293.73  2.79836  0.000405831
1294.62  2.79856  0.000405338
1295.51  2.79876  0.000404846
1296.41  2.79896  0.000404357
1297.3  2.79915  0.00040387
1298.19  2.79935  0.000403384
1299.09  2.79955  0.000402901
1299.98  2.79974  0.000402419
1300.87  2.79993  0.000401939
1301.76  2.80013  0.000401461
1302.66  2.80032  0.000400985
1303.55  2.80051  0.00040051
1304.44  2.80071  0.000400038
1305.34  2.8009  0.000399567
1306.23  2.80109  0.000399098
1307.12  2.80128  0.000398631
1308.02  2.80147  0.000398166
1308.91  2.80166  0.000397702
1309.8  2.80184  0.000397241
1310.7  2.80203  0.000396781
1311.59  2.80222  0.000396323
1312.48  2.80241  0.000395866
1313.38  2.80259  0.000395411
1314.27  2.80278  0.000394958
1315.16  2.80296  0.000394507
1316.06  2.80314  0.000394057
1316.95  2.80333  0.000393609
1317.84  2.80351  0.000393163
1318.74  2.80369  0.000392719
1319.63  2.80387  0.000392276
1320.52  2.80406  0.000391834
1321.42  2.80424  0.000391395
1322.31  2.80442  0.000390957
1323.2  2.80459  0.000390521
1324.1  2.80477  0.000390086
1324.99  2.80495  0.000389653
1325.88  2.80513  0.000389221
1326.78  2.80531  0.000388791
1327.67  2.80548  0.000388363
1328.56  2.80566  0.000387936
1329.46  2.80583  0.000387511
1330.35  2.80601  0.000387088
1331.24  2.80618  0.000386666
1332.14  2.80635  0.000386245
1333.03  2.80653  0.000385826
1333.92  2.8067  0.000385409
1334.81  2.80687  0.000384993
1335.71  2.80704  0.000384579
1336.6  2.80721  0.000384166
1337.49  2.80738  0.000383755
1338.39  2.80755  0.000383345
1339.28  2.80772  0.000382937
1340.17  2.80789  0.00038253
1341.07  2.80806  0.000382124
1341.96  2.80823  0.00038172
1342.85  2.80839  0.000381318
1343.75  2.80856  0.000380917
1344.64  2.80873  0.000380517
1345.53  2.80889  0.000380119
1346.43  2.80906  0.000379722
1347.32  2.80922  0.000379327
1348.21  2.80938  0.000378933
1349.11  2.80955  0.000378541
1350  2.80971  0.00037815
