279  -1.11847e-06  9.35643e-09
279.893  1.39629e-05  1.16549e-07
280.786  4.5139e-05  3.75947e-07
281.68  8.65055e-05  7.18871e-07
282.573  0.000135994  1.1276e-06
283.466  0.000192456  1.59215e-06
284.359  0.000255134  2.10587e-06
285.253  0.000323478  2.66386e-06
286.146  0.000397068  3.26232e-06
287.039  0.000475567  3.89818e-06
287.932  0.000558702  4.56888e-06
288.826  0.00064624  5.27224e-06
289.719  0.000737985  6.00639e-06
290.612  0.000833766  6.76965e-06
291.505  0.000933435  7.56056e-06
292.399  0.00103686  8.37779e-06
293.292  0.00114392  9.22014e-06
294.185  0.00125452  1.00865e-05
295.078  0.00136855  1.09759e-05
295.972  0.00148594  1.18874e-05
296.865  0.0016066  1.28201e-05
297.758  0.00173046  1.37731e-05
298.651  0.00185745  1.47459e-05
299.545  0.00198753  1.57375e-05
300.438  0.00212061  1.67474e-05
301.331  0.00225667  1.77749e-05
302.224  0.00239564  1.88194e-05
303.118  0.00253749  1.98804e-05
304.011  0.00268217  2.09572e-05
304.904  0.00282964  2.20493e-05
305.797  0.00297986  2.31562e-05
306.691  0.00313281  2.42775e-05
307.584  0.00328844  2.54126e-05
308.477  0.00344674  2.65611e-05
309.37  0.00360767  2.77226e-05
310.264  0.0037712  2.88966e-05
311.157  0.00393731  3.00827e-05
312.05  0.00410598  3.12805e-05
312.943  0.00427719  3.24896e-05
313.837  0.00445091  3.37096e-05
314.73  0.00462712  3.49402e-05
315.623  0.00480581  3.61809e-05
316.516  0.00498696  3.74315e-05
317.41  0.00517055  3.86915e-05
318.303  0.00535657  3.99607e-05
319.196  0.00554501  4.12387e-05
320.089  0.00573585  4.25251e-05
320.982  0.00592907  4.38196e-05
321.876  0.00612467  4.51219e-05
322.769  0.00632264  4.64317e-05
323.662  0.00652296  4.77487e-05
324.555  0.00672563  4.90726e-05
325.449  0.00693063  5.0403e-05
326.342  0.00713797  5.17397e-05
327.235  0.00734762  5.30823e-05
328.128  0.00755959  5.44306e-05
329.022  0.00777387  5.57843e-05
329.915  0.00799045  5.71431e-05
330.808  0.00820932  5.85067e-05
331.701  0.00843049  5.98748e-05
332.595  0.00865394  6.12471e-05
333.488  0.00887968  6.26234e-05
334.381  0.00910769  6.40033e-05
335.274  0.00933798  6.53867e-05
336.168  0.00957055  6.67732e-05
337.061  0.00980538  6.81625e-05
337.954  0.0100425  6.95544e-05
338.847  0.0102819  7.09486e-05
339.741  0.0105235  7.23448e-05
340.634  0.0107674  7.37428e-05
341.527  0.0110136  7.51423e-05
342.42  0.011262  7.65431e-05
343.314  0.0115127  7.79448e-05
344.207  0.0117657  7.93471e-05
345.1  0.0120209  8.07499e-05
345.993  0.0122784  8.21529e-05
346.887  0.0125382  8.35558e-05
347.78  0.0128003  8.49582e-05
348.673  0.0130646  8.63601e-05
349.566  0.0133312  8.7761e-05
350.46  0.0136001  8.91608e-05
351.353  0.0138713  9.05591e-05
352.246  0.0141447  9.19558e-05
353.139  0.0144205  9.33505e-05
354.033  0.0146985  9.47429e-05
354.926  0.0149789  9.61329e-05
355.819  0.0152615  9.75201e-05
356.712  0.0155465  9.89043e-05
357.606  0.0158337  0.000100285
358.499  0.0161233  0.000101663
359.392  0.0164152  0.000103036
360.285  0.0167095  0.000104405
361.178  0.0170061  0.000105771
362.072  0.017305  0.000107131
362.965  0.0176062  0.000108487
363.858  0.0179099  0.000109837
364.751  0.0182159  0.000111182
365.645  0.0185242  0.000112521
366.538  0.0188349  0.000113855
367.431  0.0191481  0.000115182
368.324  0.0194636  0.000116503
369.218  0.0197815  0.000117816
370.111  0.0201018  0.000119123
371.004  0.0204245  0.000120423
371.897  0.0207497  0.000121715
372.791  0.0210773  0.000122999
373.684  0.0214074  0.000124276
374.577  0.0217399  0.000125543
375.47  0.0220748  0.000126803
376.364  0.0224123  0.000128053
377.257  0.0227522  0.000129294
378.15  0.0230946  0.000130526
379.043  0.0234395  0.000131748
379.937  0.023787  0.000132961
380.83  0.0241369  0.000134163
381.723  0.0244895  0.000135355
382.616  0.0248445  0.000136536
383.51  0.0252021  0.000137706
384.403  0.0255623  0.000138865
385.296  0.0259251  0.000140013
386.189  0.0262905  0.000141149
387.083  0.0266585  0.000142273
387.976  0.0270291  0.000143385
388.869  0.0274023  0.000144484
389.762  0.0277782  0.000145571
390.656  0.0281568  0.000146645
391.549  0.0285381  0.000147706
392.442  0.028922  0.000148754
393.335  0.0293086  0.000149789
394.229  0.029698  0.00015081
395.122  0.0300901  0.000151817
396.015  0.0304849  0.00015281
396.908  0.0308826  0.000153789
397.802  0.0312829  0.000154753
398.695  0.0316861  0.000155703
399.588  0.0320921  0.000156638
400.481  0.032501  0.000157558
401.374  0.0329126  0.000158464
402.268  0.0333272  0.000159354
403.161  0.0337446  0.000160229
404.054  0.0341649  0.000161089
404.947  0.0345881  0.000161933
405.841  0.0350143  0.000162762
406.734  0.0354434  0.000163576
407.627  0.0358754  0.000164374
408.52  0.0363105  0.000165157
409.414  0.0367485  0.000165924
410.307  0.0371896  0.000166675
411.2  0.0376337  0.000167411
412.093  0.0380809  0.000168132
412.987  0.0385311  0.000168838
413.88  0.0389845  0.000169528
414.773  0.039441  0.000170203
415.666  0.0399006  0.000170864
416.56  0.0403634  0.00017151
417.453  0.0408293  0.000172142
418.346  0.0412985  0.00017276
419.239  0.0417709  0.000173364
420.133  0.0422465  0.000173954
421.026  0.0427254  0.000174532
421.919  0.0432076  0.000175097
422.812  0.0436931  0.00017565
423.706  0.0441819  0.000176192
424.599  0.0446741  0.000176723
425.492  0.0451697  0.000177244
426.385  0.0456687  0.000177755
427.279  0.0461711  0.000178258
428.172  0.046677  0.000178753
429.065  0.0471864  0.000179241
429.958  0.0476992  0.000179723
430.852  0.0482156  0.0001802
431.745  0.0487356  0.000180673
432.638  0.0492591  0.000181144
433.531  0.0497863  0.000181614
434.425  0.0503171  0.000182084
435.318  0.0508515  0.000182555
436.211  0.0513897  0.00018303
437.104  0.0519315  0.00018351
437.997  0.0524772  0.000183996
438.891  0.0530266  0.000184492
439.784  0.0535798  0.000184997
440.677  0.0541368  0.000185516
441.57  0.0546977  0.00018605
442.464  0.0552625  0.000186601
443.357  0.0558312  0.000187172
444.25  0.0564039  0.000187766
445.143  0.0569806  0.000188385
446.037  0.0575612  0.000189033
446.93  0.058146  0.000189712
447.823  0.0587348  0.000190425
448.716  0.0593277  0.000191176
449.61  0.0599248  0.000191969
450.503  0.0605261  0.000192806
451.396  0.0611316  0.000193692
452.289  0.0617414  0.00019463
453.183  0.0623554  0.000195625
454.076  0.0629737  0.000196681
454.969  0.0635965  0.000197801
455.862  0.0642236  0.000198991
456.756  0.0648551  0.000200254
457.649  0.0654911  0.000201595
458.542  0.0661317  0.000203019
459.435  0.0667767  0.000204532
460.329  0.0674264  0.000206136
461.222  0.0680807  0.000207838
462.115  0.0687396  0.000209643
463.008  0.0694033  0.000211555
463.902  0.0700717  0.000213579
464.795  0.0707449  0.000215721
465.688  0.0714229  0.000217986
466.581  0.0721058  0.000220379
467.475  0.0727936  0.000222904
468.368  0.0734863  0.000225568
469.261  0.0741841  0.000228374
470.154  0.0748869  0.000231328
471.048  0.0755948  0.000234435
471.941  0.0763078  0.0002377
472.834  0.077026  0.000241127
473.727  0.0777495  0.000244721
474.621  0.0784782  0.000248487
475.514  0.0792123  0.000252429
476.407  0.0799517  0.000256552
477.3  0.0806966  0.00026086
478.193  0.0814469  0.000265358
479.087  0.0822028  0.000270049
479.98  0.0829642  0.000274938
480.873  0.0837313  0.000280028
481.766  0.0845041  0.000285324
482.66  0.0852826  0.000290829
483.553  0.0860669  0.000296548
484.446  0.086857  0.000302483
485.339  0.0876531  0.000308639
486.233  0.0884551  0.000315019
487.126  0.0892631  0.000321627
488.019  0.0900772  0.000328466
488.912  0.0908975  0.000335539
489.806  0.0917239  0.000342851
490.699  0.0925566  0.000350404
491.592  0.0933956  0.000358202
492.485  0.094241  0.000366249
493.379  0.0950929  0.000374547
494.272  0.0959512  0.000383101
495.165  0.0968161  0.000391915
496.058  0.0976877  0.00040099
496.952  0.098566  0.000410332
497.845  0.099451  0.000419943
498.738  0.100343  0.000429828
499.631  0.101242  0.00043999
500.525  0.102147  0.000450434
501.418  0.10306  0.000461162
502.311  0.10398  0.000472179
503.204  0.104907  0.000483489
504.098  0.105842  0.000495096
504.991  0.106784  0.000507005
505.884  0.107733  0.00051922
506.777  0.108689  0.000531744
507.671  0.109654  0.000544584
508.564  0.110626  0.000557742
509.457  0.111605  0.000571225
510.35  0.112593  0.000585037
511.244  0.113588  0.000599184
512.137  0.114592  0.000613669
513.03  0.115603  0.000628499
513.923  0.116623  0.000643679
514.817  0.117651  0.000659214
515.71  0.118687  0.00067511
516.603  0.119732  0.000691373
517.496  0.120785  0.000708009
518.389  0.121847  0.000725025
519.283  0.122918  0.000742425
520.176  0.123997  0.000760217
521.069  0.125085  0.000778407
521.962  0.126183  0.000797002
522.856  0.127289  0.000816009
523.749  0.128405  0.000835434
524.642  0.12953  0.000855286
525.535  0.130664  0.000875571
526.429  0.131808  0.000896298
527.322  0.132962  0.000917473
528.215  0.134125  0.000939105
529.108  0.135298  0.000961201
530.002  0.136482  0.000983771
530.895  0.137675  0.00100682
531.788  0.138878  0.00103037
532.681  0.140092  0.00105441
533.575  0.141317  0.00107896
534.468  0.142551  0.00110403
535.361  0.143797  0.00112962
536.254  0.145053  0.00115575
537.148  0.146321  0.00118243
538.041  0.147599  0.00120967
538.934  0.148889  0.00123748
539.827  0.15019  0.00126586
540.721  0.151502  0.00129484
541.614  0.152827  0.00132441
542.507  0.154163  0.0013546
543.4  0.15551  0.00138541
544.294  0.15687  0.00141686
545.187  0.158242  0.00144896
546.08  0.159627  0.00148171
546.973  0.161024  0.00151515
547.867  0.162434  0.00154927
548.76  0.163856  0.00158409
549.653  0.165292  0.00161962
550.546  0.16674  0.00165589
551.44  0.168202  0.0016929
552.333  0.169678  0.00173066
553.226  0.171167  0.0017692
554.119  0.17267  0.00180853
555.013  0.174187  0.00184866
555.906  0.175718  0.00188961
556.799  0.177264  0.0019314
557.692  0.178824  0.00197405
558.585  0.180399  0.00201757
559.479  0.181989  0.00206197
560.372  0.183594  0.00210729
561.265  0.185214  0.00215353
562.158  0.18685  0.00220072
563.052  0.188501  0.00224887
563.945  0.190169  0.00229801
564.838  0.191853  0.00234815
565.731  0.193553  0.00239932
566.625  0.19527  0.00245154
567.518  0.197003  0.00250483
568.411  0.198754  0.00255921
569.304  0.200522  0.00261471
570.198  0.202307  0.00267134
571.091  0.204111  0.00272914
571.984  0.205932  0.00278813
572.877  0.207771  0.00284833
573.771  0.209629  0.00290977
574.664  0.211506  0.00297247
575.557  0.213402  0.00303647
576.45  0.215317  0.00310179
577.344  0.217252  0.00316846
578.237  0.219207  0.00323651
579.13  0.221182  0.00330596
580.023  0.223177  0.00337686
580.917  0.225193  0.00344922
581.81  0.22723  0.00352309
582.703  0.229288  0.00359849
583.596  0.231368  0.00367546
584.49  0.233469  0.00375404
585.383  0.235593  0.00383425
586.276  0.23774  0.00391614
587.169  0.23991  0.00399974
588.063  0.242102  0.0040851
588.956  0.244319  0.00417224
589.849  0.246559  0.00426121
590.742  0.248824  0.00435205
591.636  0.251113  0.00444481
592.529  0.253427  0.00453952
593.422  0.255767  0.00463623
594.315  0.258132  0.00473498
595.209  0.260524  0.00483583
596.102  0.262942  0.00493881
596.995  0.265387  0.00504398
597.888  0.26786  0.00515139
598.781  0.27036  0.00526108
599.675  0.272889  0.00537312
600.568  0.275446  0.00548755
601.461  0.278033  0.00560442
602.354  0.280649  0.0057238
603.248  0.283295  0.00584575
604.141  0.285971  0.00597031
605.034  0.288679  0.00609756
605.927  0.291418  0.00622756
606.821  0.294189  0.00636036
607.714  0.296992  0.00649603
608.607  0.299829  0.00663465
609.5  0.302699  0.00677627
610.394  0.305603  0.00692097
611.287  0.308541  0.00706883
612.18  0.311515  0.00721991
613.073  0.314525  0.00737429
613.967  0.31757  0.00753205
614.86  0.320653  0.00769326
615.753  0.323773  0.00785802
616.646  0.326931  0.00802639
617.54  0.330129  0.00819848
618.433  0.333365  0.00837436
619.326  0.336641  0.00855412
620.219  0.339958  0.00873787
621.113  0.343317  0.00892568
622.006  0.346717  0.00911766
622.899  0.350161  0.0093139
623.792  0.353647  0.00951452
624.686  0.357178  0.0097196
625.579  0.360754  0.00992926
626.472  0.364375  0.0101436
627.365  0.368043  0.0103627
628.259  0.371758  0.0105868
629.152  0.375522  0.0108159
630.045  0.379334  0.0110501
630.938  0.383195  0.0112896
631.832  0.387107  0.0115344
632.725  0.391071  0.0117848
633.618  0.395087  0.0120409
634.511  0.399156  0.0123027
635.405  0.403279  0.0125704
636.298  0.407457  0.0128442
637.191  0.411691  0.0131242
638.084  0.415981  0.0134105
638.977  0.42033  0.0137033
639.871  0.424737  0.0140028
640.764  0.429205  0.014309
641.657  0.433733  0.0146222
642.55  0.438323  0.0149425
643.444  0.442976  0.0152701
644.337  0.447693  0.0156051
645.23  0.452475  0.0159477
646.123  0.457324  0.0162981
647.017  0.46224  0.0166565
647.91  0.467224  0.017023
648.803  0.472279  0.0173978
649.696  0.477404  0.0177811
650.59  0.482601  0.018173
651.483  0.487872  0.0185738
652.376  0.493218  0.0189837
653.269  0.498639  0.0194029
654.163  0.504138  0.0198314
655.056  0.509715  0.0202697
655.949  0.515372  0.0207177
656.842  0.521109  0.0211758
657.736  0.52693  0.0216442
658.629  0.532834  0.022123
659.522  0.538824  0.0226124
660.415  0.5449  0.0231127
661.309  0.551064  0.0236241
662.202  0.557318  0.0241467
663.095  0.563662  0.0246808
663.988  0.570099  0.0252266
664.882  0.57663  0.0257842
665.775  0.583256  0.0263539
666.668  0.589979  0.0269359
667.561  0.5968  0.0275303
668.455  0.603721  0.0281374
669.348  0.610743  0.0287574
670.241  0.617868  0.0293904
671.134  0.625097  0.0300365
672.028  0.632432  0.0306961
672.921  0.639875  0.0313691
673.814  0.647426  0.0320559
674.707  0.655087  0.0327565
675.601  0.662861  0.033471
676.494  0.670747  0.0341997
677.387  0.678749  0.0349425
678.28  0.686866  0.0356997
679.173  0.695102  0.0364712
680.067  0.703456  0.0372571
680.96  0.711931  0.0380576
681.853  0.720527  0.0388726
682.746  0.729247  0.0397021
683.64  0.738091  0.0405461
684.533  0.74706  0.0414046
685.426  0.756157  0.0422775
686.319  0.765381  0.0431647
687.213  0.774734  0.0440662
688.106  0.784218  0.0449817
688.999  0.793832  0.0459111
689.892  0.803579  0.0468541
690.786  0.813458  0.0478106
691.679  0.82347  0.0487802
692.572  0.833617  0.0497626
693.465  0.843898  0.0507574
694.359  0.854314  0.0517643
695.252  0.864866  0.0527827
696.145  0.875554  0.0538122
697.038  0.886377  0.0548523
697.932  0.897336  0.0559022
698.825  0.908431  0.0569615
699.718  0.919661  0.0580294
700.611  0.931026  0.0591051
701.505  0.942525  0.0601878
702.398  0.954158  0.0612768
703.291  0.965923  0.062371
704.184  0.97782  0.0634696
705.078  0.989848  0.0645715
705.971  1.002  0.0656757
706.864  1.01429  0.066781
707.757  1.0267  0.0678863
708.651  1.03923  0.0689904
709.544  1.05189  0.0700921
710.437  1.06466  0.0711899
711.33  1.07755  0.0722827
712.224  1.09055  0.0733689
713.117  1.10367  0.0744472
714.01  1.11689  0.0755162
714.903  1.13022  0.0765744
715.796  1.14364  0.0776203
716.69  1.15717  0.0786523
717.583  1.17079  0.079669
718.476  1.18449  0.0806689
719.369  1.19828  0.0816504
720.263  1.21215  0.082612
721.156  1.22609  0.0835522
722.049  1.24011  0.0844695
722.942  1.25419  0.0853625
723.836  1.26833  0.0862297
724.729  1.28252  0.0870698
725.622  1.29676  0.0878814
726.515  1.31105  0.0886632
727.409  1.32537  0.0894141
728.302  1.33973  0.0901328
729.195  1.35411  0.0908182
730.088  1.36851  0.0914694
730.982  1.38293  0.0920853
731.875  1.39735  0.0926652
732.768  1.41178  0.0932083
733.661  1.4262  0.0937139
734.555  1.44062  0.0941814
735.448  1.45501  0.0946104
736.341  1.46939  0.0950005
737.234  1.48373  0.0953513
738.128  1.49805  0.0956627
739.021  1.51232  0.0959346
739.914  1.52655  0.0961671
740.807  1.54073  0.0963602
741.701  1.55485  0.0965142
742.594  1.56891  0.0966293
743.487  1.58291  0.0967059
744.38  1.59683  0.0967446
745.274  1.61067  0.0967458
746.167  1.62444  0.0967102
747.06  1.63812  0.0966385
747.953  1.65171  0.0965314
748.847  1.6652  0.0963899
749.74  1.6786  0.0962148
750.633  1.6919  0.096007
751.526  1.70509  0.0957675
752.42  1.71817  0.0954974
753.313  1.73114  0.0951977
754.206  1.744  0.0948696
755.099  1.75674  0.0945141
755.992  1.76936  0.0941324
756.886  1.78186  0.0937256
757.779  1.79423  0.0932949
758.672  1.80648  0.0928415
759.565  1.8186  0.0923666
760.459  1.83059  0.0918712
761.352  1.84245  0.0913566
762.245  1.85417  0.090824
763.138  1.86577  0.0902744
764.032  1.87723  0.089709
764.925  1.88856  0.0891289
765.818  1.89975  0.0885351
766.711  1.9108  0.0879287
767.605  1.92172  0.0873107
768.498  1.93251  0.0866822
769.391  1.94316  0.0860441
770.284  1.95367  0.0853973
771.178  1.96405  0.0847428
772.071  1.97429  0.0840814
772.964  1.9844  0.0834139
773.857  1.99438  0.0827412
774.751  2.00422  0.0820641
775.644  2.01393  0.0813833
776.537  2.02351  0.0806995
777.43  2.03296  0.0800134
778.324  2.04227  0.0793256
779.217  2.05146  0.0786368
780.11  2.06053  0.0779475
781.003  2.06946  0.0772583
781.897  2.07827  0.0765697
782.79  2.08696  0.0758821
783.683  2.09552  0.0751962
784.576  2.10397  0.0745122
785.47  2.11229  0.0738307
786.363  2.12049  0.0731519
787.256  2.12858  0.0724763
788.149  2.13655  0.0718042
789.043  2.14441  0.0711359
789.936  2.15215  0.0704716
790.829  2.15979  0.0698117
791.722  2.16731  0.0691563
792.616  2.17473  0.0685058
793.509  2.18203  0.0678603
794.402  2.18924  0.06722
795.295  2.19634  0.0665851
796.188  2.20334  0.0659558
797.082  2.21023  0.0653321
797.975  2.21703  0.0647142
798.868  2.22373  0.0641023
799.761  2.23033  0.0634963
800.655  2.23684  0.0628965
801.548  2.24326  0.0623028
802.441  2.24958  0.0617154
803.334  2.25581  0.0611343
804.228  2.26196  0.0605595
805.121  2.26802  0.0599911
806.014  2.27399  0.0594291
806.907  2.27987  0.0588735
807.801  2.28568  0.0583244
808.694  2.2914  0.0577817
809.587  2.29704  0.0572454
810.48  2.3026  0.0567155
811.374  2.30808  0.0561921
812.267  2.31349  0.0556751
813.16  2.31882  0.0551644
814.053  2.32408  0.0546601
814.947  2.32926  0.0541621
815.84  2.33437  0.0536703
816.733  2.33941  0.0531848
817.626  2.34439  0.0527054
818.52  2.34929  0.0522323
819.413  2.35413  0.0517652
820.306  2.3589  0.0513041
821.199  2.36361  0.050849
822.093  2.36825  0.0503999
822.986  2.37283  0.0499566
823.879  2.37735  0.0495192
824.772  2.38181  0.0490875
825.666  2.38621  0.0486615
826.559  2.39055  0.0482411
827.452  2.39483  0.0478263
828.345  2.39906  0.047417
829.239  2.40323  0.0470132
830.132  2.40735  0.0466147
831.025  2.41141  0.0462215
831.918  2.41542  0.0458336
832.812  2.41938  0.0454508
833.705  2.42329  0.0450732
834.598  2.42714  0.0447005
835.491  2.43095  0.0443329
836.384  2.43471  0.0439702
837.278  2.43842  0.0436123
838.171  2.44209  0.0432591
839.064  2.44571  0.0429107
839.957  2.44928  0.042567
840.851  2.45281  0.0422278
841.744  2.4563  0.0418931
842.637  2.45974  0.0415629
843.53  2.46314  0.041237
844.424  2.4665  0.0409155
845.317  2.46981  0.0405982
846.21  2.47309  0.0402851
847.103  2.47633  0.0399762
847.997  2.47953  0.0396713
848.89  2.48268  0.0393704
849.783  2.48581  0.0390735
850.676  2.48889  0.0387805
851.57  2.49194  0.0384913
852.463  2.49495  0.0382059
853.356  2.49793  0.0379242
854.249  2.50087  0.0376462
855.143  2.50378  0.0373717
856.036  2.50665  0.0371009
856.929  2.50949  0.0368335
857.822  2.5123  0.0365695
858.716  2.51507  0.036309
859.609  2.51782  0.0360518
860.502  2.52053  0.0357979
861.395  2.52321  0.0355472
862.289  2.52586  0.0352997
863.182  2.52848  0.0350554
864.075  2.53107  0.0348141
864.968  2.53364  0.0345759
865.862  2.53617  0.0343407
866.755  2.53868  0.0341084
867.648  2.54116  0.0338791
868.541  2.54361  0.0336526
869.435  2.54604  0.0334289
870.328  2.54844  0.033208
871.221  2.55081  0.0329898
872.114  2.55316  0.0327743
873.008  2.55548  0.0325615
873.901  2.55778  0.0323512
874.794  2.56005  0.0321435
875.687  2.5623  0.0319384
876.58  2.56453  0.0317357
877.474  2.56673  0.0315355
878.367  2.56891  0.0313377
879.26  2.57106  0.0311423
880.153  2.5732  0.0309493
881.047  2.57531  0.0307585
881.94  2.5774  0.03057
882.833  2.57947  0.0303837
883.726  2.58152  0.0301997
884.62  2.58354  0.0300178
885.513  2.58555  0.029838
886.406  2.58754  0.0296604
887.299  2.5895  0.0294848
888.193  2.59145  0.0293112
889.086  2.59338  0.0291397
889.979  2.59529  0.0289702
890.872  2.59718  0.0288026
891.766  2.59905  0.0286369
892.659  2.6009  0.0284731
893.552  2.60273  0.0283112
894.445  2.60455  0.0281511
895.339  2.60635  0.0279928
896.232  2.60813  0.0278364
897.125  2.6099  0.0276816
898.018  2.61164  0.0275286
898.912  2.61337  0.0273774
899.805  2.61509  0.0272277
900.698  2.61679  0.0270798
901.591  2.61847  0.0269335
902.485  2.62014  0.0267888
903.378  2.62179  0.0266457
904.271  2.62342  0.0265041
905.164  2.62504  0.0263641
906.058  2.62665  0.0262256
906.951  2.62824  0.0260886
907.844  2.62982  0.0259531
908.737  2.63138  0.025819
909.631  2.63293  0.0256864
910.524  2.63446  0.0255552
911.417  2.63598  0.0254254
912.31  2.63749  0.0252969
913.204  2.63898  0.0251698
914.097  2.64046  0.0250441
914.99  2.64193  0.0249196
915.883  2.64338  0.0247965
916.776  2.64482  0.0246746
917.67  2.64625  0.024554
918.563  2.64766  0.0244347
919.456  2.64907  0.0243166
920.349  2.65046  0.0241996
921.243  2.65184  0.0240839
922.136  2.65321  0.0239694
923.029  2.65456  0.023856
923.922  2.6559  0.0237438
924.816  2.65724  0.0236327
925.709  2.65856  0.0235227
926.602  2.65987  0.0234139
927.495  2.66117  0.0233061
928.389  2.66245  0.0231994
929.282  2.66373  0.0230937
930.175  2.665  0.0229891
931.068  2.66625  0.0228855
931.962  2.6675  0.0227829
932.855  2.66873  0.0226813
933.748  2.66996  0.0225808
934.641  2.67117  0.0224812
935.535  2.67238  0.0223825
936.428  2.67358  0.0222848
937.321  2.67476  0.0221881
938.214  2.67594  0.0220923
939.108  2.6771  0.0219973
940.001  2.67826  0.0219033
940.894  2.67941  0.0218102
941.787  2.68055  0.021718
942.681  2.68168  0.0216266
943.574  2.6828  0.0215361
944.467  2.68391  0.0214464
945.36  2.68501  0.0213576
946.254  2.68611  0.0212696
947.147  2.6872  0.0211824
948.04  2.68827  0.021096
948.933  2.68934  0.0210104
949.827  2.6904  0.0209256
950.72  2.69146  0.0208416
951.613  2.6925  0.0207583
952.506  2.69354  0.0206758
953.399  2.69457  0.020594
954.293  2.69559  0.020513
955.186  2.6966  0.0204327
956.079  2.69761  0.0203531
956.972  2.69861  0.0202742
957.866  2.6996  0.0201961
958.759  2.70058  0.0201186
959.652  2.70156  0.0200418
960.545  2.70253  0.0199657
961.439  2.70349  0.0198902
962.332  2.70444  0.0198154
963.225  2.70539  0.0197413
964.118  2.70633  0.0196678
965.012  2.70726  0.0195949
965.905  2.70819  0.0195227
966.798  2.70911  0.0194511
967.691  2.71003  0.0193801
968.585  2.71093  0.0193097
969.478  2.71183  0.0192399
970.371  2.71273  0.0191707
971.264  2.71361  0.0191021
972.158  2.7145  0.0190341
973.051  2.71537  0.0189666
973.944  2.71624  0.0188997
974.837  2.7171  0.0188334
975.731  2.71796  0.0187676
976.624  2.71881  0.0187024
977.517  2.71966  0.0186377
978.41  2.72049  0.0185735
979.304  2.72133  0.0185099
980.197  2.72215  0.0184468
981.09  2.72298  0.0183842
981.983  2.72379  0.0183221
982.877  2.7246  0.0182605
983.77  2.72541  0.0181994
984.663  2.72621  0.0181388
985.556  2.727  0.0180787
986.45  2.72779  0.0180191
987.343  2.72857  0.01796
988.236  2.72935  0.0179013
989.129  2.73012  0.0178431
990.023  2.73089  0.0177854
990.916  2.73165  0.0177281
991.809  2.73241  0.0176713
992.702  2.73316  0.0176149
993.595  2.73391  0.0175589
994.489  2.73465  0.0175034
995.382  2.73539  0.0174483
996.275  2.73612  0.0173937
997.168  2.73685  0.0173395
998.062  2.73757  0.0172857
998.955  2.73829  0.0172323
999.848  2.73901  0.0171793
1000.74  2.73972  0.0171267
1001.63  2.74042  0.0170745
1002.53  2.74112  0.0170227
1003.42  2.74182  0.0169713
1004.31  2.74251  0.0169203
1005.21  2.7432  0.0168697
1006.1  2.74388  0.0168195
1006.99  2.74456  0.0167696
1007.89  2.74523  0.0167201
1008.78  2.7459  0.016671
1009.67  2.74656  0.0166223
1010.57  2.74723  0.0165739
1011.46  2.74788  0.0165258
1012.35  2.74854  0.0164781
1013.25  2.74919  0.0164308
1014.14  2.74983  0.0163838
1015.03  2.75047  0.0163372
1015.93  2.75111  0.0162909
1016.82  2.75174  0.0162449
1017.71  2.75237  0.0161993
1018.61  2.753  0.016154
1019.5  2.75362  0.016109
1020.39  2.75424  0.0160643
1021.29  2.75485  0.01602
1022.18  2.75546  0.0159759
1023.07  2.75607  0.0159322
1023.97  2.75667  0.0158888
1024.86  2.75727  0.0158457
1025.75  2.75787  0.0158029
1026.65  2.75846  0.0157604
1027.54  2.75905  0.0157182
1028.43  2.75963  0.0156763
1029.33  2.76021  0.0156347
1030.22  2.76079  0.0155934
1031.11  2.76137  0.0155524
1032.01  2.76194  0.0155116
1032.9  2.76251  0.0154712
1033.79  2.76307  0.015431
1034.68  2.76363  0.0153911
1035.58  2.76419  0.0153514
1036.47  2.76475  0.0153121
1037.36  2.7653  0.015273
1038.26  2.76585  0.0152341
1039.15  2.76639  0.0151955
1040.04  2.76694  0.0151572
1040.94  2.76748  0.0151192
1041.83  2.76801  0.0150814
1042.72  2.76855  0.0150438
1043.62  2.76908  0.0150065
1044.51  2.7696  0.0149695
1045.4  2.77013  0.0149327
1046.3  2.77065  0.0148961
1047.19  2.77117  0.0148598
1048.08  2.77168  0.0148237
1048.98  2.7722  0.0147879
1049.87  2.7727  0.0147523
1050.76  2.77321  0.0147169
1051.66  2.77372  0.0146817
1052.55  2.77422  0.0146468
1053.44  2.77472  0.0146121
1054.34  2.77521  0.0145777
1055.23  2.7757  0.0145434
1056.12  2.7762  0.0145094
1057.02  2.77668  0.0144756
1057.91  2.77717  0.014442
1058.8  2.77765  0.0144086
1059.7  2.77813  0.0143754
1060.59  2.77861  0.0143425
1061.48  2.77908  0.0143097
1062.38  2.77955  0.0142772
1063.27  2.78002  0.0142449
1064.16  2.78049  0.0142127
1065.06  2.78096  0.0141808
1065.95  2.78142  0.0141491
1066.84  2.78188  0.0141176
1067.73  2.78233  0.0140862
1068.63  2.78279  0.0140551
1069.52  2.78324  0.0140241
1070.41  2.78369  0.0139934
1071.31  2.78414  0.0139628
1072.2  2.78458  0.0139324
1073.09  2.78503  0.0139022
1073.99  2.78547  0.0138722
1074.88  2.78591  0.0138424
1075.77  2.78634  0.0138127
1076.67  2.78678  0.0137833
1077.56  2.78721  0.013754
1078.45  2.78764  0.0137249
1079.35  2.78806  0.0136959
1080.24  2.78849  0.0136672
1081.13  2.78891  0.0136386
1082.03  2.78933  0.0136102
1082.92  2.78975  0.0135819
1083.81  2.79017  0.0135538
1084.71  2.79058  0.0135259
1085.6  2.79099  0.0134982
1086.49  2.7914  0.0134706
1087.39  2.79181  0.0134431
1088.28  2.79222  0.0134159
1089.17  2.79262  0.0133888
1090.07  2.79302  0.0133618
1090.96  2.79342  0.013335
1091.85  2.79382  0.0133084
1092.75  2.79421  0.0132819
1093.64  2.79461  0.0132556
1094.53  2.795  0.0132294
1095.43  2.79539  0.0132034
1096.32  2.79578  0.0131775
1097.21  2.79616  0.0131518
1098.11  2.79655  0.0131262
1099  2.79693  0.0131008
1099.89  2.79731  0.0130755
1100.78  2.79769  0.0130504
1101.68  2.79807  0.0130254
1102.57  2.79844  0.0130005
1103.46  2.79882  0.0129758
1104.36  2.79919  0.0129512
1105.25  2.79956  0.0129268
1106.14  2.79992  0.0129025
1107.04  2.80029  0.0128783
1107.93  2.80065  0.0128543
1108.82  2.80102  0.0128304
1109.72  2.80138  0.0128066
1110.61  2.80174  0.012783
1111.5  2.80209  0.0127595
1112.4  2.80245  0.0127361
1113.29  2.8028  0.0127128
1114.18  2.80316  0.0126897
1115.08  2.80351  0.0126667
1115.97  2.80385  0.0126438
1116.86  2.8042  0.0126211
1117.76  2.80455  0.0125985
1118.65  2.80489  0.012576
1119.54  2.80523  0.0125536
1120.44  2.80558  0.0125314
1121.33  2.80591  0.0125092
1122.22  2.80625  0.0124872
1123.12  2.80659  0.0124653
1124.01  2.80692  0.0124435
1124.9  2.80726  0.0124219
1125.8  2.80759  0.0124003
1126.69  2.80792  0.0123789
1127.58  2.80825  0.0123576
1128.48  2.80857  0.0123364
1129.37  2.8089  0.0123153
1130.26  2.80922  0.0122943
1131.16  2.80954  0.0122734
1132.05  2.80987  0.0122526
1132.94  2.81019  0.012232
1133.83  2.8105  0.0122114
1134.73  2.81082  0.012191
1135.62  2.81114  0.0121707
1136.51  2.81145  0.0121504
1137.41  2.81176  0.0121303
1138.3  2.81207  0.0121103
1139.19  2.81238  0.0120904
1140.09  2.81269  0.0120706
1140.98  2.813  0.0120509
1141.87  2.8133  0.0120312
1142.77  2.81361  0.0120117
1143.66  2.81391  0.0119923
1144.55  2.81421  0.011973
1145.45  2.81451  0.0119538
1146.34  2.81481  0.0119347
1147.23  2.81511  0.0119157
1148.13  2.81541  0.0118967
1149.02  2.8157  0.0118779
1149.91  2.81599  0.0118592
1150.81  2.81629  0.0118405
1151.7  2.81658  0.011822
1152.59  2.81687  0.0118035
1153.49  2.81716  0.0117852
1154.38  2.81744  0.0117669
1155.27  2.81773  0.0117487
1156.17  2.81801  0.0117306
1157.06  2.8183  0.0117126
1157.95  2.81858  0.0116947
1158.85  2.81886  0.0116769
1159.74  2.81914  0.0116592
1160.63  2.81942  0.0116415
1161.53  2.8197  0.011624
1162.42  2.81998  0.0116065
1163.31  2.82025  0.0115891
1164.21  2.82052  0.0115718
1165.1  2.8208  0.0115546
1165.99  2.82107  0.0115374
1166.88  2.82134  0.0115204
1167.78  2.82161  0.0115034
1168.67  2.82188  0.0114865
1169.56  2.82215  0.0114697
1170.46  2.82241  0.011453
1171.35  2.82268  0.0114363
1172.24  2.82294  0.0114197
1173.14  2.8232  0.0114033
1174.03  2.82347  0.0113868
1174.92  2.82373  0.0113705
1175.82  2.82399  0.0113542
1176.71  2.82424  0.0113381
1177.6  2.8245  0.011322
1178.5  2.82476  0.0113059
1179.39  2.82501  0.01129
1180.28  2.82527  0.0112741
1181.18  2.82552  0.0112583
1182.07  2.82577  0.0112426
1182.96  2.82603  0.0112269
1183.86  2.82628  0.0112113
1184.75  2.82653  0.0111958
1185.64  2.82677  0.0111804
1186.54  2.82702  0.011165
1187.43  2.82727  0.0111497
1188.32  2.82751  0.0111345
1189.22  2.82776  0.0111193
1190.11  2.828  0.0111042
1191  2.82824  0.0110892
1191.9  2.82848  0.0110743
1192.79  2.82872  0.0110594
1193.68  2.82896  0.0110446
1194.58  2.8292  0.0110298
1195.47  2.82944  0.0110152
1196.36  2.82968  0.0110005
1197.26  2.82991  0.010986
1198.15  2.83015  0.0109715
1199.04  2.83038  0.0109571
1199.93  2.83061  0.0109428
1200.83  2.83084  0.0109285
1201.72  2.83108  0.0109143
1202.61  2.83131  0.0109001
1203.51  2.83153  0.010886
1204.4  2.83176  0.010872
1205.29  2.83199  0.010858
1206.19  2.83222  0.0108441
1207.08  2.83244  0.0108302
1207.97  2.83267  0.0108165
1208.87  2.83289  0.0108027
1209.76  2.83311  0.0107891
1210.65  2.83334  0.0107755
1211.55  2.83356  0.0107619
1212.44  2.83378  0.0107484
1213.33  2.834  0.010735
1214.23  2.83422  0.0107217
1215.12  2.83444  0.0107083
1216.01  2.83465  0.0106951
1216.91  2.83487  0.0106819
1217.8  2.83508  0.0106688
1218.69  2.8353  0.0106557
1219.59  2.83551  0.0106427
1220.48  2.83573  0.0106297
1221.37  2.83594  0.0106168
1222.27  2.83615  0.0106039
1223.16  2.83636  0.0105911
1224.05  2.83657  0.0105784
1224.95  2.83678  0.0105657
1225.84  2.83699  0.0105531
1226.73  2.83719  0.0105405
1227.63  2.8374  0.010528
1228.52  2.83761  0.0105155
1229.41  2.83781  0.0105031
1230.31  2.83802  0.0104907
1231.2  2.83822  0.0104784
1232.09  2.83842  0.0104661
1232.98  2.83863  0.0104539
1233.88  2.83883  0.0104417
1234.77  2.83903  0.0104296
1235.66  2.83923  0.0104176
1236.56  2.83943  0.0104055
1237.45  2.83963  0.0103936
1238.34  2.83982  0.0103817
1239.24  2.84002  0.0103698
1240.13  2.84022  0.010358
1241.02  2.84041  0.0103462
1241.92  2.84061  0.0103345
1242.81  2.8408  0.0103228
1243.7  2.84099  0.0103112
1244.6  2.84119  0.0102997
1245.49  2.84138  0.0102881
1246.38  2.84157  0.0102767
1247.28  2.84176  0.0102652
1248.17  2.84195  0.0102538
1249.06  2.84214  0.0102425
1249.96  2.84233  0.0102312
1250.85  2.84252  0.01022
1251.74  2.8427  0.0102088
1252.64  2.84289  0.0101976
1253.53  2.84308  0.0101865
1254.42  2.84326  0.0101754
1255.32  2.84345  0.0101644
1256.21  2.84363  0.0101535
1257.1  2.84381  0.0101425
1258  2.844  0.0101316
1258.89  2.84418  0.0101208
1259.78  2.84436  0.01011
1260.68  2.84454  0.0100992
1261.57  2.84472  0.0100885
1262.46  2.8449  0.0100778
1263.36  2.84508  0.0100672
1264.25  2.84526  0.0100566
1265.14  2.84544  0.0100461
1266.04  2.84561  0.0100356
1266.93  2.84579  0.0100251
1267.82  2.84596  0.0100147
1268.71  2.84614  0.0100043
1269.61  2.84631  0.00999397
1270.5  2.84649  0.00998368
1271.39  2.84666  0.00997342
1272.29  2.84683  0.0099632
1273.18  2.84701  0.00995302
1274.07  2.84718  0.00994288
1274.97  2.84735  0.00993278
1275.86  2.84752  0.00992272
1276.75  2.84769  0.00991269
1277.65  2.84786  0.00990271
1278.54  2.84803  0.00989277
1279.43  2.84819  0.00988286
1280.33  2.84836  0.00987299
1281.22  2.84853  0.00986316
1282.11  2.8487  0.00985337
1283.01  2.84886  0.00984361
1283.9  2.84903  0.00983389
1284.79  2.84919  0.00982421
1285.69  2.84935  0.00981457
1286.58  2.84952  0.00980496
1287.47  2.84968  0.00979539
1288.37  2.84984  0.00978585
1289.26  2.85001  0.00977636
1290.15  2.85017  0.00976689
1291.05  2.85033  0.00975747
1291.94  2.85049  0.00974807
1292.83  2.85065  0.00973872
1293.73  2.85081  0.0097294
1294.62  2.85097  0.00972011
1295.51  2.85112  0.00971086
1296.41  2.85128  0.00970164
1297.3  2.85144  0.00969246
1298.19  2.85159  0.00968331
1299.09  2.85175  0.0096742
1299.98  2.85191  0.00966511
1300.87  2.85206  0.00965607
1301.76  2.85222  0.00964705
1302.66  2.85237  0.00963807
1303.55  2.85252  0.00962913
1304.44  2.85268  0.00962021
1305.34  2.85283  0.00961133
1306.23  2.85298  0.00960248
1307.12  2.85313  0.00959367
1308.02  2.85328  0.00958488
1308.91  2.85343  0.00957613
1309.8  2.85358  0.00956741
1310.7  2.85373  0.00955872
1311.59  2.85388  0.00955007
1312.48  2.85403  0.00954144
1313.38  2.85418  0.00953285
1314.27  2.85433  0.00952429
1315.16  2.85447  0.00951575
1316.06  2.85462  0.00950725
1316.95  2.85477  0.00949878
1317.84  2.85491  0.00949034
1318.74  2.85506  0.00948193
1319.63  2.8552  0.00947355
1320.52  2.85535  0.00946521
1321.42  2.85549  0.00945689
1322.31  2.85563  0.0094486
1323.2  2.85578  0.00944034
1324.1  2.85592  0.00943211
1324.99  2.85606  0.00942391
1325.88  2.8562  0.00941573
1326.78  2.85634  0.00940759
1327.67  2.85648  0.00939948
1328.56  2.85662  0.00939139
1329.46  2.85676  0.00938333
1330.35  2.8569  0.00937531
1331.24  2.85704  0.0093673
1332.14  2.85718  0.00935933
1333.03  2.85732  0.00935139
1333.92  2.85746  0.00934347
1334.81  2.85759  0.00933558
1335.71  2.85773  0.00932772
1336.6  2.85787  0.00931989
1337.49  2.858  0.00931208
1338.39  2.85814  0.0093043
1339.28  2.85827  0.00929655
1340.17  2.85841  0.00928883
1341.07  2.85854  0.00928113
1341.96  2.85868  0.00927346
1342.85  2.85881  0.00926581
1343.75  2.85894  0.00925819
1344.64  2.85907  0.0092506
1345.53  2.85921  0.00924303
1346.43  2.85934  0.00923549
1347.32  2.85947  0.00922798
1348.21  2.8596  0.00922049
1349.11  2.85973  0.00921303
1350  2.85986  0.00920559
