0.077  -0.000907394  2.04098e-05
0.0771276  -0.00079947  1.79865e-05
0.0772552  -0.00069602  1.56627e-05
0.0773828  -0.000597287  1.34441e-05
0.0775104  -0.000503556  1.1337e-05
0.077638  -0.000415159  9.34905e-06
0.0777656  -0.000332494  7.48929e-06
0.0778932  -0.00025605  5.76881e-06
0.0780209  -0.000186449  4.20171e-06
0.0781485  -0.000124522  2.80683e-06
0.0782761  -7.14632e-05  1.61124e-06
0.0784037  -2.92379e-05  6.59372e-07
0.0785313  -2.30613e-06  5.20203e-08
0.0786589  1.47514e-05  3.32837e-07
0.0787865  5.12114e-05  1.15577e-06
0.0789141  0.000100258  2.26326e-06
0.0790417  0.000159315  3.59732e-06
0.0791693  0.000226984  5.12658e-06
0.0792969  0.000302357  6.83066e-06
0.0794245  0.000384782  8.69498e-06
0.0795521  0.000473766  1.07085e-05
0.0796797  0.000568917  1.28625e-05
0.0798073  0.000669918  1.515e-05
0.0799349  0.000776504  1.7565e-05
0.0800626  0.000888452  2.01026e-05
0.0801902  0.00100557  2.27585e-05
0.0803178  0.00112769  2.55292e-05
0.0804454  0.00125466  2.84113e-05
0.080573  0.00138637  3.14021e-05
0.0807006  0.00152268  3.4499e-05
0.0808282  0.00166351  3.76999e-05
0.0809558  0.00180875  4.10027e-05
0.0810834  0.00195832  4.44056e-05
0.081211  0.00211216  4.79071e-05
0.0813386  0.00227018  5.15056e-05
0.0814662  0.00243233  5.51999e-05
0.0815938  0.00259855  5.89887e-05
0.0817214  0.00276878  6.2871e-05
0.081849  0.00294299  6.68457e-05
0.0819766  0.00312112  7.0912e-05
0.0821043  0.00330313  7.50691e-05
0.0822319  0.00348899  7.93162e-05
0.0823595  0.00367867  8.36527e-05
0.0824871  0.00387213  8.80779e-05
0.0826147  0.00406935  9.25912e-05
0.0827423  0.00427029  9.71923e-05
0.0828699  0.00447493  0.000101881
0.0829975  0.00468326  0.000106656
0.0831251  0.00489524  0.000111517
0.0832527  0.00511087  0.000116465
0.0833803  0.00533012  0.000121499
0.0835079  0.00555299  0.000126618
0.0836355  0.00577945  0.000131823
0.0837631  0.00600949  0.000137114
0.0838907  0.00624311  0.000142489
0.0840183  0.00648029  0.000147949
0.084146  0.00672103  0.000153495
0.0842736  0.00696531  0.000159125
0.0844012  0.00721313  0.00016484
0.0845288  0.00746449  0.00017064
0.0846564  0.00771938  0.000176526
0.084784  0.00797779  0.000182496
0.0849116  0.00823973  0.000188551
0.0850392  0.0085052  0.000194691
0.0851668  0.00877419  0.000200917
0.0852944  0.0090467  0.000207228
0.085422  0.00932273  0.000213624
0.0855496  0.00960229  0.000220107
0.0856772  0.00988537  0.000226675
0.0858048  0.010172  0.000233329
0.0859324  0.0104621  0.00024007
0.0860601  0.0107558  0.000246897
0.0861877  0.0110531  0.000253812
0.0863153  0.0113538  0.000260813
0.0864429  0.0116582  0.000267902
0.0865705  0.0119661  0.000275079
0.0866981  0.0122776  0.000282344
0.0868257  0.0125926  0.000289698
0.0869533  0.0129112  0.000297141
0.0870809  0.0132335  0.000304672
0.0872085  0.0135593  0.000312294
0.0873361  0.0138888  0.000320005
0.0874637  0.0142219  0.000327808
0.0875913  0.0145586  0.000335701
0.0877189  0.014899  0.000343685
0.0878465  0.015243  0.000351762
0.0879741  0.0155908  0.000359931
0.0881018  0.0159422  0.000368193
0.0882294  0.0162973  0.000376549
0.088357  0.0166562  0.000384998
0.0884846  0.0170188  0.000393542
0.0886122  0.0173851  0.000402182
0.0887398  0.0177552  0.000410917
0.0888674  0.0181291  0.000419749
0.088995  0.0185068  0.000428678
0.0891226  0.0188883  0.000437704
0.0892502  0.0192737  0.000446829
0.0893778  0.0196629  0.000456053
0.0895054  0.020056  0.000465376
0.089633  0.020453  0.0004748
0.0897606  0.0208539  0.000484325
0.0898882  0.0212588  0.000493953
0.0900158  0.0216676  0.000503682
0.0901435  0.0220804  0.000513516
0.0902711  0.0224972  0.000523453
0.0903987  0.0229181  0.000533496
0.0905263  0.0233429  0.000543644
0.0906539  0.0237719  0.000553899
0.0907815  0.0242049  0.000564262
0.0909091  0.0246421  0.000574733
0.0910367  0.0250835  0.000585314
0.0911643  0.025529  0.000596005
0.0912919  0.0259787  0.000606807
0.0914195  0.0264326  0.000617722
0.0915471  0.0268908  0.000628749
0.0916747  0.0273533  0.000639891
0.0918023  0.0278201  0.000651148
0.0919299  0.0282912  0.000662522
0.0920575  0.0287667  0.000674013
0.0921852  0.0292466  0.000685622
0.0923128  0.0297309  0.00069735
0.0924404  0.0302197  0.0007092
0.092568  0.030713  0.000721171
0.0926956  0.0312109  0.000733265
0.0928232  0.0317132  0.000745483
0.0929508  0.0322202  0.000757826
0.0930784  0.0327318  0.000770296
0.093206  0.0332481  0.000782894
0.0933336  0.0337691  0.000795621
0.0934612  0.0342948  0.000808479
0.0935888  0.0348252  0.000821468
0.0937164  0.0353605  0.000834591
0.093844  0.0359006  0.000847848
0.0939716  0.0364457  0.00086124
0.0940992  0.0369956  0.000874771
0.0942269  0.0375505  0.00088844
0.0943545  0.0381104  0.000902249
0.0944821  0.0386753  0.000916201
0.0946097  0.0392453  0.000930295
0.0947373  0.0398205  0.000944535
0.0948649  0.0404008  0.000958921
0.0949925  0.0409864  0.000973456
0.0951201  0.0415772  0.00098814
0.0952477  0.0421733  0.00100298
0.0953753  0.0427747  0.00101797
0.0955029  0.0433816  0.00103311
0.0956305  0.0439939  0.00104841
0.0957581  0.0446116  0.00106387
0.0958857  0.045235  0.00107949
0.0960133  0.0458639  0.00109527
0.096141  0.0464984  0.00111122
0.0962686  0.0471387  0.00112734
0.0963962  0.0477846  0.00114362
0.0965238  0.0484364  0.00116007
0.0966514  0.0490941  0.0011767
0.096779  0.0497576  0.0011935
0.0969066  0.0504271  0.00121047
0.0970342  0.0511026  0.00122763
0.0971618  0.0517842  0.00124497
0.0972894  0.0524719  0.00126249
0.097417  0.0531658  0.00128019
0.0975446  0.053866  0.00129809
0.0976722  0.0545724  0.00131618
0.0977998  0.0552853  0.00133446
0.0979274  0.0560046  0.00135293
0.098055  0.0567303  0.00137161
0.0981827  0.0574627  0.00139048
0.0983103  0.0582016  0.00140956
0.0984379  0.0589473  0.00142884
0.0985655  0.0596997  0.00144834
0.0986931  0.060459  0.00146804
0.0988207  0.0612252  0.00148797
0.0989483  0.0619983  0.0015081
0.0990759  0.0627785  0.00152846
0.0992035  0.0635658  0.00154905
0.0993311  0.0643603  0.00156986
0.0994587  0.0651621  0.0015909
0.0995863  0.0659712  0.00161218
0.0997139  0.0667878  0.00163369
0.0998415  0.0676119  0.00165544
0.0999691  0.0684435  0.00167744
0.100097  0.0692828  0.00169968
0.100224  0.0701299  0.00172218
0.100352  0.0709848  0.00174493
0.10048  0.0718477  0.00176794
0.100607  0.0727185  0.00179121
0.100735  0.0735975  0.00181474
0.100862  0.0744846  0.00183855
0.10099  0.0753801  0.00186263
0.101118  0.0762839  0.00188699
0.101245  0.0771962  0.00191163
0.101373  0.078117  0.00193656
0.1015  0.0790466  0.00196178
0.101628  0.0799849  0.0019873
0.101756  0.0809321  0.00201311
0.101883  0.0818882  0.00203924
0.102011  0.0828534  0.00206567
0.102138  0.0838278  0.00209242
0.102266  0.0848115  0.00211948
0.102394  0.0858047  0.00214688
0.102521  0.0868073  0.0021746
0.102649  0.0878196  0.00220266
0.102776  0.0888416  0.00223106
0.102904  0.0898735  0.00225981
0.103032  0.0909153  0.00228891
0.103159  0.0919673  0.00231837
0.103287  0.0930295  0.00234819
0.103415  0.0941021  0.00237839
0.103542  0.0951852  0.00240896
0.10367  0.0962789  0.00243991
0.103797  0.0973833  0.00247126
0.103925  0.0984986  0.002503
0.104053  0.099625  0.00253514
0.10418  0.100763  0.00256769
0.104308  0.101911  0.00260067
0.104435  0.103072  0.00263406
0.104563  0.104244  0.00266789
0.104691  0.105427  0.00270216
0.104818  0.106623  0.00273688
0.104946  0.10783  0.00277205
0.105073  0.10905  0.00280768
0.105201  0.110283  0.00284379
0.105329  0.111527  0.00288038
0.105456  0.112785  0.00291746
0.105584  0.114055  0.00295504
0.105711  0.115339  0.00299312
0.105839  0.116635  0.00303172
0.105967  0.117946  0.00307085
0.106094  0.119269  0.00311052
0.106222  0.120607  0.00315073
0.106349  0.121958  0.0031915
0.106477  0.123324  0.00323283
0.106605  0.124704  0.00327475
0.106732  0.126099  0.00331726
0.10686  0.127508  0.00336036
0.106987  0.128933  0.00340408
0.107115  0.130372  0.00344843
0.107243  0.131827  0.00349341
0.10737  0.133298  0.00353904
0.107498  0.134785  0.00358533
0.107626  0.136287  0.0036323
0.107753  0.137806  0.00367996
0.107881  0.139342  0.00372832
0.108008  0.140894  0.00377739
0.108136  0.142464  0.0038272
0.108264  0.14405  0.00387776
0.108391  0.145655  0.00392908
0.108519  0.147277  0.00398117
0.108646  0.148917  0.00403406
0.108774  0.150576  0.00408776
0.108902  0.152253  0.00414229
0.109029  0.15395  0.00419766
0.109157  0.155665  0.00425389
0.109284  0.1574  0.00431101
0.109412  0.159155  0.00436902
0.10954  0.16093  0.00442795
0.109667  0.162726  0.00448783
0.109795  0.164542  0.00454866
0.109922  0.166379  0.00461047
0.11005  0.168238  0.00467328
0.110178  0.170119  0.00473711
0.110305  0.172022  0.00480199
0.110433  0.173947  0.00486794
0.11056  0.175895  0.00493498
0.110688  0.177866  0.00500314
0.110816  0.179861  0.00507244
0.110943  0.18188  0.00514291
0.111071  0.183923  0.00521457
0.111198  0.185992  0.00528746
0.111326  0.188085  0.00536159
0.111454  0.190204  0.00543701
0.111581  0.192349  0.00551373
0.111709  0.19452  0.00559179
0.111837  0.196719  0.00567121
0.111964  0.198945  0.00575204
0.112092  0.201198  0.00583431
0.112219  0.20348  0.00591804
0.112347  0.205791  0.00600328
0.112475  0.208132  0.00609005
0.112602  0.210502  0.0061784
0.11273  0.212902  0.00626836
0.112857  0.215333  0.00635998
0.112985  0.217796  0.00645329
0.113113  0.220291  0.00654833
0.11324  0.222819  0.00664514
0.113368  0.225379  0.00674378
0.113495  0.227974  0.00684428
0.113623  0.230602  0.00694669
0.113751  0.233266  0.00705106
0.113878  0.235966  0.00715744
0.114006  0.238701  0.00726587
0.114133  0.241474  0.00737641
0.114261  0.244284  0.00748911
0.114389  0.247133  0.00760403
0.114516  0.250021  0.00772122
0.114644  0.252948  0.00784074
0.114771  0.255916  0.00796265
0.114899  0.258926  0.00808701
0.115027  0.261977  0.00821388
0.115154  0.265072  0.00834333
0.115282  0.26821  0.00847543
0.11541  0.271393  0.00861024
0.115537  0.274621  0.00874784
0.115665  0.277895  0.0088883
0.115792  0.281217  0.00903169
0.11592  0.284587  0.00917809
0.116048  0.288006  0.00932757
0.116175  0.291475  0.00948023
0.116303  0.294995  0.00963614
0.11643  0.298567  0.0097954
0.116558  0.302192  0.00995808
0.116686  0.305872  0.0101243
0.116813  0.309606  0.0102941
0.116941  0.313397  0.0104676
0.117068  0.317246  0.010645
0.117196  0.321153  0.0108262
0.117324  0.32512  0.0110115
0.117451  0.329149  0.0112009
0.117579  0.333239  0.0113946
0.117706  0.337394  0.0115926
0.117834  0.341613  0.011795
0.117962  0.345899  0.0120021
0.118089  0.350252  0.0122139
0.118217  0.354674  0.0124305
0.118344  0.359168  0.0126521
0.118472  0.363733  0.0128788
0.1186  0.368371  0.0131107
0.118727  0.373085  0.0133481
0.118855  0.377876  0.0135909
0.118982  0.382745  0.0138395
0.11911  0.387694  0.0140939
0.119238  0.392725  0.0143542
0.119365  0.397839  0.0146207
0.119493  0.403038  0.0148936
0.119621  0.408325  0.0151729
0.119748  0.4137  0.0154588
0.119876  0.419167  0.0157516
0.120003  0.424726  0.0160514
0.120131  0.43038  0.0163584
0.120259  0.43613  0.0166727
0.120386  0.44198  0.0169946
0.120514  0.447931  0.0173242
0.120641  0.453985  0.0176618
0.120769  0.460144  0.0180076
0.120897  0.466411  0.0183616
0.121024  0.472788  0.0187243
0.121152  0.479277  0.0190956
0.121279  0.48588  0.019476
0.121407  0.492601  0.0198655
0.121535  0.499442  0.0202644
0.121662  0.506405  0.0206729
0.12179  0.513492  0.0210912
0.121917  0.520707  0.0215196
0.122045  0.528051  0.0219581
0.122173  0.535528  0.0224071
0.1223  0.543141  0.0228668
0.122428  0.550891  0.0233373
0.122555  0.558782  0.0238189
0.122683  0.566817  0.0243118
0.122811  0.574999  0.0248161
0.122938  0.58333  0.025332
0.123066  0.591813  0.0258598
0.123193  0.600451  0.0263995
0.123321  0.609248  0.0269514
0.123449  0.618205  0.0275156
0.123576  0.627326  0.0280922
0.123704  0.636615  0.0286814
0.123832  0.646073  0.0292832
0.123959  0.655703  0.0298977
0.124087  0.665509  0.030525
0.124214  0.675494  0.0311652
0.124342  0.68566  0.0318181
0.12447  0.69601  0.0324839
0.124597  0.706547  0.0331624
0.124725  0.717273  0.0338536
0.124852  0.72819  0.0345574
0.12498  0.739303  0.0352736
0.125108  0.750612  0.0360019
0.125235  0.762119  0.0367422
0.125363  0.773828  0.0374942
0.12549  0.78574  0.0382575
0.125618  0.797857  0.0390316
0.125746  0.81018  0.0398163
0.125873  0.822711  0.0406108
0.126001  0.835451  0.0414147
0.126128  0.848401  0.0422272
0.126256  0.861561  0.0430478
0.126384  0.874933  0.0438755
0.126511  0.888516  0.0447095
0.126639  0.90231  0.0455489
0.126766  0.916315  0.0463927
0.126894  0.930529  0.0472397
0.127022  0.944952  0.0480888
0.127149  0.959583  0.0489388
0.127277  0.974418  0.0497883
0.127405  0.989456  0.0506359
0.127532  1.00469  0.0514802
0.12766  1.02013  0.0523197
0.127787  1.03576  0.0531526
0.127915  1.05157  0.0539775
0.128043  1.06757  0.0547925
0.12817  1.08375  0.0555959
0.128298  1.1001  0.0563859
0.128425  1.11662  0.0571606
0.128553  1.1333  0.0579184
0.128681  1.15013  0.0586571
0.128808  1.16711  0.0593751
0.128936  1.18422  0.0600705
0.129063  1.20146  0.0607415
0.129191  1.21883  0.0613862
0.129319  1.2363  0.062003
0.129446  1.25387  0.0625901
0.129574  1.27154  0.063146
0.129701  1.28928  0.0636692
0.129829  1.3071  0.0641582
0.129957  1.32497  0.0646118
0.130084  1.34289  0.0650288
0.130212  1.36084  0.0654081
0.130339  1.37882  0.0657489
0.130467  1.39681  0.0660503
0.130595  1.4148  0.0663118
0.130722  1.43278  0.0665328
0.13085  1.45074  0.0667131
0.130977  1.46866  0.0668526
0.131105  1.48654  0.0669513
0.131233  1.50435  0.0670093
0.13136  1.52211  0.0670269
0.131488  1.53978  0.0670047
0.131616  1.55736  0.0669433
0.131743  1.57484  0.0668434
0.131871  1.59222  0.0667059
0.131998  1.60947  0.0665318
0.132126  1.6266  0.0663223
0.132254  1.64358  0.0660784
0.132381  1.66043  0.0658016
0.132509  1.67712  0.0654932
0.132636  1.69366  0.0651545
0.132764  1.71002  0.0647872
0.132892  1.72622  0.0643927
0.133019  1.74223  0.0639726
0.133147  1.75807  0.0635285
0.133274  1.77371  0.0630619
0.133402  1.78916  0.0625745
0.13353  1.80442  0.0620677
0.133657  1.81948  0.0615432
0.133785  1.83433  0.0610026
0.133912  1.84898  0.0604473
0.13404  1.86342  0.0598788
0.134168  1.87766  0.0592985
0.134295  1.89169  0.0587078
0.134423  1.9055  0.0581081
0.13455  1.9191  0.0575007
0.134678  1.9325  0.0568867
0.134806  1.94568  0.0562673
0.134933  1.95865  0.0556438
0.135061  1.97141  0.0550171
0.135188  1.98397  0.0543882
0.135316  1.99631  0.0537581
0.135444  2.00845  0.0531276
0.135571  2.02038  0.0524977
0.135699  2.03212  0.051869
0.135827  2.04365  0.0512423
0.135954  2.05498  0.0506183
0.136082  2.06611  0.0499975
0.136209  2.07705  0.0493805
0.136337  2.0878  0.0487679
0.136465  2.09836  0.0481602
0.136592  2.10873  0.0475577
0.13672  2.11892  0.0469608
0.136847  2.12893  0.0463699
0.136975  2.13876  0.0457853
0.137103  2.14841  0.0452074
0.13723  2.15789  0.0446362
0.137358  2.1672  0.0440721
0.137485  2.17635  0.0435152
0.137613  2.18533  0.0429657
0.137741  2.19415  0.0424237
0.137868  2.20281  0.0418894
0.137996  2.21131  0.0413627
0.138123  2.21967  0.0408439
0.138251  2.22787  0.0403329
0.138379  2.23593  0.0398297
0.138506  2.24384  0.0393345
0.138634  2.25162  0.0388471
0.138761  2.25925  0.0383676
0.138889  2.26675  0.037896
0.139017  2.27412  0.0374322
0.139144  2.28135  0.0369762
0.139272  2.28847  0.0365279
0.139399  2.29545  0.0360872
0.139527  2.30231  0.0356542
0.139655  2.30906  0.0352287
0.139782  2.31568  0.0348106
0.13991  2.3222  0.0343999
0.140038  2.3286  0.0339964
0.140165  2.33489  0.0336001
0.140293  2.34107  0.0332109
0.14042  2.34715  0.0328287
0.140548  2.35312  0.0324534
0.140676  2.35899  0.0320848
0.140803  2.36477  0.0317228
0.140931  2.37045  0.0313675
0.141058  2.37603  0.0310186
0.141186  2.38152  0.030676
0.141314  2.38692  0.0303396
0.141441  2.39223  0.0300094
0.141569  2.39745  0.0296852
0.141696  2.40259  0.0293669
0.141824  2.40764  0.0290544
0.141952  2.41262  0.0287476
0.142079  2.41751  0.0284463
0.142207  2.42233  0.0281506
0.142334  2.42706  0.0278601
0.142462  2.43173  0.027575
0.14259  2.43632  0.027295
0.142717  2.44084  0.0270201
0.142845  2.44528  0.0267501
0.142972  2.44966  0.026485
0.1431  2.45397  0.0262247
0.143228  2.45822  0.025969
0.143355  2.4624  0.0257179
0.143483  2.46651  0.0254713
0.143611  2.47057  0.025229
0.143738  2.47456  0.0249911
0.143866  2.4785  0.0247573
0.143993  2.48237  0.0245277
0.144121  2.48619  0.0243021
0.144249  2.48995  0.0240805
0.144376  2.49366  0.0238627
0.144504  2.49731  0.0236487
0.144631  2.50091  0.0234385
0.144759  2.50445  0.0232318
0.144887  2.50795  0.0230287
0.145014  2.5114  0.0228292
0.145142  2.51479  0.022633
0.145269  2.51814  0.0224401
0.145397  2.52145  0.0222506
0.145525  2.5247  0.0220642
0.145652  2.52791  0.021881
0.14578  2.53108  0.0217008
0.145907  2.5342  0.0215236
0.146035  2.53728  0.0213494
0.146163  2.54032  0.0211781
0.14629  2.54332  0.0210096
0.146418  2.54628  0.0208439
0.146545  2.54919  0.0206808
0.146673  2.55207  0.0205205
0.146801  2.55491  0.0203627
0.146928  2.55772  0.0202075
0.147056  2.56048  0.0200547
0.147183  2.56321  0.0199044
0.147311  2.56591  0.0197565
0.147439  2.56857  0.019611
0.147566  2.57119  0.0194677
0.147694  2.57379  0.0193267
0.147822  2.57634  0.0191879
0.147949  2.57887  0.0190513
0.148077  2.58137  0.0189168
0.148204  2.58383  0.0187843
0.148332  2.58626  0.0186539
0.14846  2.58867  0.0185255
0.148587  2.59104  0.018399
0.148715  2.59338  0.0182745
0.148842  2.5957  0.0181518
0.14897  2.59799  0.018031
0.149098  2.60025  0.017912
0.149225  2.60248  0.0177947
0.149353  2.60468  0.0176792
0.14948  2.60686  0.0175654
0.149608  2.60902  0.0174532
0.149736  2.61115  0.0173427
0.149863  2.61325  0.0172338
0.149991  2.61533  0.0171265
0.150118  2.61738  0.0170207
0.150246  2.61941  0.0169164
0.150374  2.62142  0.0168137
0.150501  2.62341  0.0167123
0.150629  2.62537  0.0166124
0.150756  2.62731  0.0165139
0.150884  2.62923  0.0164168
0.151012  2.63112  0.0163211
0.151139  2.633  0.0162266
0.151267  2.63485  0.0161335
0.151394  2.63668  0.0160417
0.151522  2.6385  0.0159511
0.15165  2.64029  0.0158617
0.151777  2.64207  0.0157736
0.151905  2.64382  0.0156866
0.152033  2.64556  0.0156008
0.15216  2.64727  0.0155162
0.152288  2.64897  0.0154326
0.152415  2.65065  0.0153502
0.152543  2.65232  0.0152689
0.152671  2.65396  0.0151886
0.152798  2.65559  0.0151094
0.152926  2.6572  0.0150312
0.153053  2.65879  0.014954
0.153181  2.66037  0.0148778
0.153309  2.66193  0.0148026
0.153436  2.66348  0.0147284
0.153564  2.66501  0.0146551
0.153691  2.66652  0.0145827
0.153819  2.66802  0.0145112
0.153947  2.6695  0.0144406
0.154074  2.67097  0.0143709
0.154202  2.67242  0.0143021
0.154329  2.67386  0.0142341
0.154457  2.67529  0.014167
0.154585  2.6767  0.0141007
0.154712  2.6781  0.0140351
0.15484  2.67948  0.0139704
0.154967  2.68085  0.0139065
0.155095  2.6822  0.0138433
0.155223  2.68355  0.0137809
0.15535  2.68488  0.0137192
0.155478  2.6862  0.0136583
0.155606  2.6875  0.0135981
0.155733  2.68879  0.0135386
0.155861  2.69007  0.0134797
0.155988  2.69134  0.0134216
0.156116  2.6926  0.0133642
0.156244  2.69384  0.0133074
0.156371  2.69508  0.0132512
0.156499  2.6963  0.0131957
0.156626  2.69751  0.0131409
0.156754  2.69871  0.0130866
0.156882  2.69989  0.013033
0.157009  2.70107  0.01298
0.157137  2.70224  0.0129276
0.157264  2.70339  0.0128757
0.157392  2.70454  0.0128245
0.15752  2.70568  0.0127738
0.157647  2.7068  0.0127236
0.157775  2.70792  0.012674
0.157902  2.70902  0.012625
0.15803  2.71012  0.0125765
0.158158  2.7112  0.0125285
0.158285  2.71228  0.012481
0.158413  2.71335  0.012434
0.15854  2.7144  0.0123876
0.158668  2.71545  0.0123416
0.158796  2.71649  0.0122961
0.158923  2.71752  0.0122511
0.159051  2.71854  0.0122066
0.159178  2.71956  0.0121625
0.159306  2.72056  0.0121189
0.159434  2.72156  0.0120758
0.159561  2.72254  0.0120331
0.159689  2.72352  0.0119908
0.159817  2.72449  0.011949
0.159944  2.72546  0.0119076
0.160072  2.72641  0.0118666
0.160199  2.72736  0.0118261
0.160327  2.7283  0.0117859
0.160455  2.72923  0.0117462
0.160582  2.73015  0.0117068
0.16071  2.73107  0.0116679
0.160837  2.73198  0.0116293
0.160965  2.73288  0.0115911
0.161093  2.73377  0.0115533
0.16122  2.73466  0.0115158
0.161348  2.73554  0.0114788
0.161475  2.73641  0.011442
0.161603  2.73728  0.0114057
0.161731  2.73814  0.0113697
0.161858  2.73899  0.011334
0.161986  2.73983  0.0112987
0.162113  2.74067  0.0112637
0.162241  2.74151  0.0112291
0.162369  2.74233  0.0111947
0.162496  2.74315  0.0111607
0.162624  2.74396  0.0111271
0.162751  2.74477  0.0110937
0.162879  2.74557  0.0110606
0.163007  2.74637  0.0110279
0.163134  2.74715  0.0109955
0.163262  2.74794  0.0109633
0.163389  2.74871  0.0109315
0.163517  2.74948  0.0108999
0.163645  2.75025  0.0108686
0.163772  2.75101  0.0108377
0.1639  2.75176  0.010807
0.164028  2.75251  0.0107765
0.164155  2.75325  0.0107464
0.164283  2.75399  0.0107165
0.16441  2.75472  0.0106869
0.164538  2.75545  0.0106575
0.164666  2.75617  0.0106284
0.164793  2.75688  0.0105996
0.164921  2.75759  0.010571
0.165048  2.7583  0.0105427
0.165176  2.759  0.0105146
0.165304  2.75969  0.0104867
0.165431  2.76038  0.0104591
0.165559  2.76107  0.0104318
0.165686  2.76175  0.0104047
0.165814  2.76242  0.0103778
0.165942  2.76309  0.0103511
0.166069  2.76376  0.0103247
0.166197  2.76442  0.0102984
0.166324  2.76508  0.0102724
0.166452  2.76573  0.0102467
0.16658  2.76637  0.0102211
0.166707  2.76702  0.0101958
0.166835  2.76766  0.0101706
0.166962  2.76829  0.0101457
0.16709  2.76892  0.010121
0.167218  2.76954  0.0100965
0.167345  2.77017  0.0100722
0.167473  2.77078  0.010048
0.167601  2.77139  0.0100241
0.167728  2.772  0.0100004
0.167856  2.77261  0.00997687
0.167983  2.77321  0.00995353
0.168111  2.7738  0.00993037
0.168239  2.7744  0.00990741
0.168366  2.77498  0.00988462
0.168494  2.77557  0.00986202
0.168621  2.77615  0.00983959
0.168749  2.77672  0.00981734
0.168877  2.7773  0.00979527
0.169004  2.77787  0.00977337
0.169132  2.77843  0.00975165
0.169259  2.77899  0.00973009
0.169387  2.77955  0.0097087
0.169515  2.78011  0.00968747
0.169642  2.78066  0.00966641
0.16977  2.7812  0.00964552
0.169897  2.78175  0.00962478
0.170025  2.78229  0.0096042
0.170153  2.78282  0.00958378
0.17028  2.78336  0.00956351
0.170408  2.78389  0.0095434
0.170535  2.78441  0.00952343
0.170663  2.78494  0.00950362
0.170791  2.78546  0.00948396
0.170918  2.78597  0.00946444
0.171046  2.78648  0.00944507
0.171173  2.787  0.00942585
0.171301  2.7875  0.00940676
0.171429  2.78801  0.00938782
0.171556  2.78851  0.00936902
0.171684  2.789  0.00935035
0.171812  2.7895  0.00933182
0.171939  2.78999  0.00931343
0.172067  2.79048  0.00929517
0.172194  2.79096  0.00927704
0.172322  2.79145  0.00925904
0.17245  2.79192  0.00924117
0.172577  2.7924  0.00922343
0.172705  2.79287  0.00920582
0.172832  2.79335  0.00918833
0.17296  2.79381  0.00917097
0.173088  2.79428  0.00915373
0.173215  2.79474  0.00913661
0.173343  2.7952  0.00911961
0.17347  2.79566  0.00910274
0.173598  2.79611  0.00908598
0.173726  2.79656  0.00906933
0.173853  2.79701  0.00905281
0.173981  2.79746  0.00903639
0.174108  2.7979  0.00902009
0.174236  2.79834  0.00900391
0.174364  2.79878  0.00898783
0.174491  2.79922  0.00897187
0.174619  2.79965  0.00895601
0.174746  2.80008  0.00894026
0.174874  2.80051  0.00892462
0.175002  2.80093  0.00890909
0.175129  2.80136  0.00889366
0.175257  2.80178  0.00887833
0.175384  2.8022  0.00886311
0.175512  2.80261  0.00884799
0.17564  2.80303  0.00883297
0.175767  2.80344  0.00881805
0.175895  2.80385  0.00880322
0.176023  2.80425  0.0087885
0.17615  2.80466  0.00877388
0.176278  2.80506  0.00875935
0.176405  2.80546  0.00874491
0.176533  2.80586  0.00873057
0.176661  2.80625  0.00871632
0.176788  2.80665  0.00870217
0.176916  2.80704  0.00868811
0.177043  2.80743  0.00867414
0.177171  2.80781  0.00866026
0.177299  2.8082  0.00864646
0.177426  2.80858  0.00863276
0.177554  2.80896  0.00861914
0.177681  2.80934  0.00860561
0.177809  2.80971  0.00859217
0.177937  2.81009  0.00857881
0.178064  2.81046  0.00856554
0.178192  2.81083  0.00855235
0.178319  2.8112  0.00853924
0.178447  2.81157  0.00852622
0.178575  2.81193  0.00851328
0.178702  2.81229  0.00850041
0.17883  2.81265  0.00848763
0.178957  2.81301  0.00847493
0.179085  2.81337  0.00846231
0.179213  2.81372  0.00844976
0.17934  2.81407  0.00843729
0.179468  2.81442  0.0084249
0.179595  2.81477  0.00841258
0.179723  2.81512  0.00840034
0.179851  2.81547  0.00838817
0.179978  2.81581  0.00837608
0.180106  2.81615  0.00836406
0.180234  2.81649  0.00835211
0.180361  2.81683  0.00834023
0.180489  2.81717  0.00832843
0.180616  2.8175  0.00831669
0.180744  2.81783  0.00830503
0.180872  2.81816  0.00829344
0.180999  2.81849  0.00828191
0.181127  2.81882  0.00827045
0.181254  2.81915  0.00825907
0.181382  2.81947  0.00824774
0.18151  2.81979  0.00823649
0.181637  2.82012  0.0082253
0.181765  2.82044  0.00821417
0.181892  2.82075  0.00820312
0.18202  2.82107  0.00819212
0.182148  2.82138  0.00818119
0.182275  2.8217  0.00817032
0.182403  2.82201  0.00815952
0.18253  2.82232  0.00814877
0.182658  2.82263  0.00813809
0.182786  2.82293  0.00812747
0.182913  2.82324  0.00811691
0.183041  2.82354  0.00810642
0.183168  2.82385  0.00809598
0.183296  2.82415  0.0080856
0.183424  2.82445  0.00807528
0.183551  2.82474  0.00806501
0.183679  2.82504  0.00805481
0.183807  2.82534  0.00804466
0.183934  2.82563  0.00803457
0.184062  2.82592  0.00802453
0.184189  2.82621  0.00801456
0.184317  2.8265  0.00800463
0.184445  2.82679  0.00799477
0.184572  2.82708  0.00798495
0.1847  2.82736  0.00797519
0.184827  2.82765  0.00796549
0.184955  2.82793  0.00795583
0.185083  2.82821  0.00794624
0.18521  2.82849  0.00793669
0.185338  2.82877  0.00792719
0.185465  2.82904  0.00791775
0.185593  2.82932  0.00790836
0.185721  2.82959  0.00789902
0.185848  2.82987  0.00788973
0.185976  2.83014  0.00788049
0.186103  2.83041  0.0078713
0.186231  2.83068  0.00786216
0.186359  2.83095  0.00785306
0.186486  2.83121  0.00784402
0.186614  2.83148  0.00783502
0.186741  2.83174  0.00782607
0.186869  2.83201  0.00781717
0.186997  2.83227  0.00780832
0.187124  2.83253  0.00779951
0.187252  2.83279  0.00779075
0.187379  2.83305  0.00778204
0.187507  2.8333  0.00777337
0.187635  2.83356  0.00776475
0.187762  2.83382  0.00775617
0.18789  2.83407  0.00774763
0.188018  2.83432  0.00773914
0.188145  2.83457  0.0077307
0.188273  2.83482  0.00772229
0.1884  2.83507  0.00771394
0.188528  2.83532  0.00770562
0.188656  2.83557  0.00769735
0.188783  2.83581  0.00768912
0.188911  2.83606  0.00768093
0.189038  2.8363  0.00767278
0.189166  2.83654  0.00766467
0.189294  2.83678  0.00765661
0.189421  2.83702  0.00764858
0.189549  2.83726  0.0076406
0.189676  2.8375  0.00763266
0.189804  2.83774  0.00762475
0.189932  2.83797  0.00761689
0.190059  2.83821  0.00760907
0.190187  2.83844  0.00760128
0.190314  2.83867  0.00759354
0.190442  2.83891  0.00758583
0.19057  2.83914  0.00757816
0.190697  2.83937  0.00757053
0.190825  2.8396  0.00756293
0.190952  2.83982  0.00755538
0.19108  2.84005  0.00754786
0.191208  2.84028  0.00754037
0.191335  2.8405  0.00753293
0.191463  2.84072  0.00752552
0.19159  2.84095  0.00751814
0.191718  2.84117  0.00751081
0.191846  2.84139  0.0075035
0.191973  2.84161  0.00749624
0.192101  2.84183  0.00748901
0.192229  2.84205  0.00748181
0.192356  2.84227  0.00747465
0.192484  2.84248  0.00746752
0.192611  2.8427  0.00746043
0.192739  2.84291  0.00745337
0.192867  2.84312  0.00744634
0.192994  2.84334  0.00743935
0.193122  2.84355  0.00743239
0.193249  2.84376  0.00742546
0.193377  2.84397  0.00741857
0.193505  2.84418  0.00741171
0.193632  2.84439  0.00740488
0.19376  2.84459  0.00739808
0.193887  2.8448  0.00739132
0.194015  2.84501  0.00738458
0.194143  2.84521  0.00737788
0.19427  2.84542  0.00737121
0.194398  2.84562  0.00736457
0.194525  2.84582  0.00735796
0.194653  2.84602  0.00735139
0.194781  2.84622  0.00734484
0.194908  2.84642  0.00733832
0.195036  2.84662  0.00733183
0.195163  2.84682  0.00732538
0.195291  2.84702  0.00731895
0.195419  2.84721  0.00731255
0.195546  2.84741  0.00730618
0.195674  2.8476  0.00729984
0.195802  2.8478  0.00729353
0.195929  2.84799  0.00728724
0.196057  2.84818  0.00728099
0.196184  2.84838  0.00727476
0.196312  2.84857  0.00726857
0.19644  2.84876  0.0072624
0.196567  2.84895  0.00725625
0.196695  2.84914  0.00725014
0.196822  2.84932  0.00724405
0.19695  2.84951  0.00723799
0.197078  2.8497  0.00723196
0.197205  2.84988  0.00722595
0.197333  2.85007  0.00721997
0.19746  2.85025  0.00721402
0.197588  2.85044  0.00720809
0.197716  2.85062  0.00720219
0.197843  2.8508  0.00719631
0.197971  2.85098  0.00719046
0.198098  2.85116  0.00718464
0.198226  2.85134  0.00717884
0.198354  2.85152  0.00717307
0.198481  2.8517  0.00716732
0.198609  2.85188  0.0071616
0.198736  2.85206  0.0071559
0.198864  2.85223  0.00715023
0.198992  2.85241  0.00714458
0.199119  2.85258  0.00713896
0.199247  2.85276  0.00713336
0.199374  2.85293  0.00712778
0.199502  2.8531  0.00712223
0.19963  2.85328  0.0071167
0.199757  2.85345  0.0071112
0.199885  2.85362  0.00710572
0.200013  2.85379  0.00710026
0.20014  2.85396  0.00709483
0.200268  2.85413  0.00708941
0.200395  2.8543  0.00708403
0.200523  2.85446  0.00707866
0.200651  2.85463  0.00707332
0.200778  2.8548  0.007068
0.200906  2.85496  0.0070627
0.201033  2.85513  0.00705742
0.201161  2.85529  0.00705217
0.201289  2.85546  0.00704694
0.201416  2.85562  0.00704173
0.201544  2.85578  0.00703654
0.201671  2.85595  0.00703137
0.201799  2.85611  0.00702623
0.201927  2.85627  0.00702111
0.202054  2.85643  0.007016
0.202182  2.85659  0.00701092
0.202309  2.85675  0.00700586
0.202437  2.85691  0.00700082
0.202565  2.85707  0.0069958
0.202692  2.85722  0.0069908
0.20282  2.85738  0.00698583
0.202947  2.85754  0.00698087
0.203075  2.85769  0.00697593
0.203203  2.85785  0.00697101
0.20333  2.858  0.00696612
0.203458  2.85816  0.00696124
0.203585  2.85831  0.00695638
0.203713  2.85846  0.00695154
0.203841  2.85861  0.00694672
0.203968  2.85877  0.00694192
0.204096  2.85892  0.00693714
0.204224  2.85907  0.00693238
0.204351  2.85922  0.00692764
0.204479  2.85937  0.00692292
0.204606  2.85952  0.00691821
0.204734  2.85967  0.00691353
0.204862  2.85981  0.00690886
0.204989  2.85996  0.00690421
0.205117  2.86011  0.00689958
0.205244  2.86025  0.00689497
0.205372  2.8604  0.00689038
0.2055  2.86055  0.0068858
0.205627  2.86069  0.00688125
0.205755  2.86083  0.00687671
0.205882  2.86098  0.00687218
0.20601  2.86112  0.00686768
0.206138  2.86126  0.00686319
0.206265  2.86141  0.00685873
0.206393  2.86155  0.00685427
0.20652  2.86169  0.00684984
0.206648  2.86183  0.00684542
0.206776  2.86197  0.00684102
0.206903  2.86211  0.00683664
0.207031  2.86225  0.00683227
0.207158  2.86239  0.00682793
0.207286  2.86253  0.00682359
0.207414  2.86266  0.00681928
0.207541  2.8628  0.00681498
0.207669  2.86294  0.0068107
0.207796  2.86308  0.00680643
0.207924  2.86321  0.00680218
0.208052  2.86335  0.00679794
0.208179  2.86348  0.00679373
0.208307  2.86362  0.00678952
0.208435  2.86375  0.00678534
0.208562  2.86388  0.00678117
0.20869  2.86402  0.00677701
0.208817  2.86415  0.00677288
0.208945  2.86428  0.00676875
0.209073  2.86441  0.00676464
0.2092  2.86455  0.00676055
0.209328  2.86468  0.00675647
0.209455  2.86481  0.00675241
0.209583  2.86494  0.00674837
0.209711  2.86507  0.00674433
0.209838  2.8652  0.00674032
0.209966  2.86532  0.00673632
0.210093  2.86545  0.00673233
0.210221  2.86558  0.00672836
0.210349  2.86571  0.0067244
0.210476  2.86583  0.00672046
0.210604  2.86596  0.00671653
0.210731  2.86609  0.00671261
0.210859  2.86621  0.00670871
0.210987  2.86634  0.00670483
0.211114  2.86646  0.00670096
0.211242  2.86659  0.0066971
0.211369  2.86671  0.00669326
0.211497  2.86684  0.00668943
0.211625  2.86696  0.00668561
0.211752  2.86708  0.00668181
0.21188  2.8672  0.00667803
0.212008  2.86733  0.00667425
0.212135  2.86745  0.00667049
0.212263  2.86757  0.00666675
0.21239  2.86769  0.00666301
0.212518  2.86781  0.00665929
0.212646  2.86793  0.00665559
0.212773  2.86805  0.00665189
0.212901  2.86817  0.00664821
0.213028  2.86829  0.00664455
0.213156  2.86841  0.00664089
0.213284  2.86852  0.00663725
0.213411  2.86864  0.00663363
0.213539  2.86876  0.00663001
0.213666  2.86888  0.00662641
0.213794  2.86899  0.00662282
0.213922  2.86911  0.00661924
0.214049  2.86922  0.00661568
0.214177  2.86934  0.00661213
0.214304  2.86945  0.00660859
0.214432  2.86957  0.00660506
0.21456  2.86968  0.00660155
0.214687  2.8698  0.00659805
0.214815  2.86991  0.00659456
0.214942  2.87002  0.00659108
0.21507  2.87014  0.00658761
0.215198  2.87025  0.00658416
0.215325  2.87036  0.00658072
0.215453  2.87047  0.00657729
0.21558  2.87058  0.00657387
0.215708  2.8707  0.00657047
0.215836  2.87081  0.00656707
0.215963  2.87092  0.00656369
0.216091  2.87103  0.00656032
0.216219  2.87114  0.00655696
0.216346  2.87125  0.00655361
0.216474  2.87135  0.00655028
0.216601  2.87146  0.00654695
0.216729  2.87157  0.00654364
0.216857  2.87168  0.00654033
0.216984  2.87179  0.00653704
0.217112  2.87189  0.00653376
0.217239  2.872  0.0065305
0.217367  2.87211  0.00652724
0.217495  2.87221  0.00652399
0.217622  2.87232  0.00652076
0.21775  2.87243  0.00651753
0.217877  2.87253  0.00651432
0.218005  2.87264  0.00651111
0.218133  2.87274  0.00650792
0.21826  2.87284  0.00650474
0.218388  2.87295  0.00650157
0.218515  2.87305  0.00649841
0.218643  2.87316  0.00649526
0.218771  2.87326  0.00649212
0.218898  2.87336  0.00648899
0.219026  2.87346  0.00648587
0.219153  2.87357  0.00648277
0.219281  2.87367  0.00647967
0.219409  2.87377  0.00647658
0.219536  2.87387  0.0064735
0.219664  2.87397  0.00647044
0.219791  2.87407  0.00646738
0.219919  2.87417  0.00646433
0.220047  2.87427  0.0064613
0.220174  2.87437  0.00645827
0.220302  2.87447  0.00645525
0.22043  2.87457  0.00645224
0.220557  2.87467  0.00644925
0.220685  2.87477  0.00644626
0.220812  2.87487  0.00644328
0.22094  2.87496  0.00644031
0.221068  2.87506  0.00643735
0.221195  2.87516  0.00643441
0.221323  2.87525  0.00643147
0.22145  2.87535  0.00642854
0.221578  2.87545  0.00642562
0.221706  2.87554  0.0064227
0.221833  2.87564  0.0064198
0.221961  2.87574  0.00641691
0.222088  2.87583  0.00641403
0.222216  2.87593  0.00641115
0.222344  2.87602  0.00640829
0.222471  2.87611  0.00640543
0.222599  2.87621  0.00640259
0.222726  2.8763  0.00639975
0.222854  2.8764  0.00639692
0.222982  2.87649  0.0063941
0.223109  2.87658  0.00639129
0.223237  2.87667  0.00638849
0.223364  2.87677  0.0063857
0.223492  2.87686  0.00638291
0.22362  2.87695  0.00638014
0.223747  2.87704  0.00637737
0.223875  2.87713  0.00637461
0.224003  2.87723  0.00637187
0.22413  2.87732  0.00636912
0.224258  2.87741  0.00636639
0.224385  2.8775  0.00636367
0.224513  2.87759  0.00636096
0.224641  2.87768  0.00635825
0.224768  2.87777  0.00635555
0.224896  2.87786  0.00635286
0.225023  2.87795  0.00635018
0.225151  2.87803  0.00634751
0.225279  2.87812  0.00634484
0.225406  2.87821  0.00634219
0.225534  2.8783  0.00633954
0.225661  2.87839  0.0063369
0.225789  2.87847  0.00633427
0.225917  2.87856  0.00633165
0.226044  2.87865  0.00632903
0.226172  2.87874  0.00632642
0.226299  2.87882  0.00632382
0.226427  2.87891  0.00632123
0.226555  2.87899  0.00631865
0.226682  2.87908  0.00631607
0.22681  2.87917  0.0063135
0.226937  2.87925  0.00631095
0.227065  2.87934  0.00630839
0.227193  2.87942  0.00630585
0.22732  2.87951  0.00630331
0.227448  2.87959  0.00630078
0.227575  2.87967  0.00629826
0.227703  2.87976  0.00629575
0.227831  2.87984  0.00629324
0.227958  2.87992  0.00629074
0.228086  2.88001  0.00628825
0.228214  2.88009  0.00628577
0.228341  2.88017  0.00628329
0.228469  2.88026  0.00628082
0.228596  2.88034  0.00627836
0.228724  2.88042  0.00627591
0.228852  2.8805  0.00627346
0.228979  2.88058  0.00627102
0.229107  2.88066  0.00626859
0.229234  2.88075  0.00626617
0.229362  2.88083  0.00626375
0.22949  2.88091  0.00626134
0.229617  2.88099  0.00625893
0.229745  2.88107  0.00625654
0.229872  2.88115  0.00625415
0.23  2.88123  0.00625177
