279  -1.00304e-06  2.87421e-08
279.893  1.25204e-05  3.58815e-07
280.786  4.04711e-05  1.15998e-06
281.68  7.75507e-05  2.22302e-06
282.573  0.000121902  3.49478e-06
283.466  0.000172494  4.94576e-06
284.359  0.000228644  6.55648e-06
285.253  0.000289858  8.3128e-06
286.146  0.000355757  1.02039e-05
287.039  0.000426038  1.22212e-05
287.932  0.000500454  1.43576e-05
288.826  0.000578797  1.66071e-05
289.719  0.000660887  1.89647e-05
290.612  0.000746572  2.1426e-05
291.505  0.000835716  2.39872e-05
292.399  0.0009282  2.66449e-05
293.292  0.00102392  2.9396e-05
294.185  0.00112277  3.22378e-05
295.078  0.00122468  3.5168e-05
295.972  0.00132956  3.81842e-05
296.865  0.00143734  4.12844e-05
297.758  0.00154796  4.44669e-05
298.651  0.00166135  4.77298e-05
299.545  0.00177746  5.10716e-05
300.438  0.00189625  5.44909e-05
301.331  0.00201765  5.79863e-05
302.224  0.00214163  6.15565e-05
303.118  0.00226814  6.52004e-05
304.011  0.00239715  6.8917e-05
304.904  0.00252862  7.27052e-05
305.797  0.00266251  7.6564e-05
306.691  0.0027988  8.04925e-05
307.584  0.00293746  8.449e-05
308.477  0.00307845  8.85557e-05
309.37  0.00322175  9.26887e-05
310.264  0.00336734  9.68885e-05
311.157  0.00351518  0.000101154
312.05  0.00366527  0.000105486
312.943  0.00381758  0.000109882
313.837  0.00397209  0.000114342
314.73  0.00412878  0.000118867
315.623  0.00428763  0.000123455
316.516  0.00444863  0.000128105
317.41  0.00461176  0.000132818
318.303  0.00477701  0.000137594
319.196  0.00494436  0.00014243
320.089  0.00511381  0.000147329
320.982  0.00528532  0.000152288
321.876  0.00545891  0.000157308
322.769  0.00563455  0.000162388
323.662  0.00581223  0.000167529
324.555  0.00599195  0.000172729
325.449  0.00617369  0.000177989
326.342  0.00635745  0.000183308
327.235  0.00654321  0.000188687
328.128  0.00673098  0.000194124
329.022  0.00692074  0.00019962
329.915  0.00711249  0.000205175
330.808  0.00730622  0.000210789
331.701  0.00750193  0.00021646
332.595  0.0076996  0.00022219
333.488  0.00789924  0.000227978
334.381  0.00810084  0.000233824
335.274  0.0083044  0.000239728
336.168  0.00850991  0.00024569
337.061  0.00871736  0.000251709
337.954  0.00892677  0.000257786
338.847  0.00913811  0.000263921
339.741  0.0093514  0.000270113
340.634  0.00956662  0.000276363
341.527  0.00978379  0.00028267
342.42  0.0100029  0.000289035
343.314  0.0102239  0.000295457
344.207  0.0104469  0.000301937
345.1  0.0106718  0.000308474
345.993  0.0108986  0.000315068
346.887  0.0111274  0.00032172
347.78  0.0113581  0.00032843
348.673  0.0115907  0.000335197
349.566  0.0118253  0.000342022
350.46  0.0120617  0.000348904
351.353  0.0123002  0.000355844
352.246  0.0125405  0.000362842
353.139  0.0127828  0.000369898
354.033  0.0130271  0.000377012
354.926  0.0132733  0.000384184
355.819  0.0135214  0.000391414
356.712  0.0137715  0.000398702
357.606  0.0140235  0.000406048
358.499  0.0142775  0.000413453
359.392  0.0145334  0.000420917
360.285  0.0147913  0.000428439
361.178  0.0150512  0.00043602
362.072  0.015313  0.00044366
362.965  0.0155768  0.000451359
363.858  0.0158426  0.000459117
364.751  0.0161103  0.000466934
365.645  0.01638  0.000474811
366.538  0.0166517  0.000482748
367.431  0.0169255  0.000490745
368.324  0.0172012  0.000498802
369.218  0.0174789  0.000506919
370.111  0.0177586  0.000515096
371.004  0.0180403  0.000523334
371.897  0.018324  0.000531633
372.791  0.0186098  0.000539993
373.684  0.0188976  0.000548414
374.577  0.0191874  0.000556896
375.47  0.0194793  0.00056544
376.364  0.0197732  0.000574046
377.257  0.0200692  0.000582714
378.15  0.0203673  0.000591445
379.043  0.0206674  0.000600238
379.937  0.0209696  0.000609093
380.83  0.0212739  0.000618012
381.723  0.0215803  0.000626994
382.616  0.0218887  0.00063604
383.51  0.0221993  0.00064515
384.403  0.022512  0.000654323
385.296  0.0228268  0.000663562
386.189  0.0231438  0.000672864
387.083  0.0234629  0.000682232
387.976  0.0237841  0.000691665
388.869  0.0241075  0.000701164
389.762  0.0244331  0.000710728
390.656  0.0247609  0.000720359
391.549  0.0250908  0.000730056
392.442  0.0254229  0.00073982
393.335  0.0257573  0.00074965
394.229  0.0260938  0.000759549
395.122  0.0264326  0.000769515
396.015  0.0267736  0.000779549
396.908  0.0271169  0.000789652
397.802  0.0274624  0.000799823
398.695  0.0278102  0.000810064
399.588  0.0281603  0.000820374
400.481  0.0285126  0.000830754
401.374  0.0288673  0.000841205
402.268  0.0292242  0.000851726
403.161  0.0295835  0.000862318
404.054  0.0299452  0.000872981
404.947  0.0303091  0.000883716
405.841  0.0306755  0.000894524
406.734  0.0310442  0.000905403
407.627  0.0314153  0.000916356
408.52  0.0317887  0.000927383
409.414  0.0321646  0.000938483
410.307  0.032543  0.000949657
411.2  0.0329237  0.000960907
412.093  0.0333069  0.000972231
412.987  0.0336926  0.000983631
413.88  0.0340807  0.000995107
414.773  0.0344713  0.00100666
415.666  0.0348645  0.00101829
416.56  0.0352601  0.00103
417.453  0.0356583  0.00104178
418.346  0.036059  0.00105364
419.239  0.0364623  0.00106559
420.133  0.0368682  0.00107761
421.026  0.0372766  0.00108971
421.919  0.0376877  0.00110189
422.812  0.0381014  0.00111415
423.706  0.0385177  0.0011265
424.599  0.0389367  0.00113892
425.492  0.0393583  0.00115143
426.385  0.0397826  0.00116402
427.279  0.0402097  0.0011767
428.172  0.0406394  0.00118945
429.065  0.0410719  0.0012023
429.958  0.0415072  0.00121523
430.852  0.0419452  0.00122824
431.745  0.042386  0.00124134
432.638  0.0428296  0.00125453
433.531  0.043276  0.0012678
434.425  0.0437253  0.00128117
435.318  0.0441774  0.00129462
436.211  0.0446325  0.00130816
437.104  0.0450904  0.00132179
437.997  0.0455512  0.00133551
438.891  0.046015  0.00134933
439.784  0.0464817  0.00136323
440.677  0.0469514  0.00137723
441.57  0.0474241  0.00139132
442.464  0.0478999  0.00140551
443.357  0.0483786  0.00141979
444.25  0.0488604  0.00143416
445.143  0.0493453  0.00144863
446.037  0.0498333  0.0014632
446.93  0.0503244  0.00147787
447.823  0.0508187  0.00149263
448.716  0.0513161  0.00150749
449.61  0.0518167  0.00152245
450.503  0.0523206  0.00153751
451.396  0.0528276  0.00155268
452.289  0.0533379  0.00156794
453.183  0.0538515  0.00158331
454.076  0.0543684  0.00159878
454.969  0.0548887  0.00161435
455.862  0.0554123  0.00163003
456.756  0.0559392  0.00164582
457.649  0.0564696  0.00166171
458.542  0.0570034  0.00167771
459.435  0.0575406  0.00169382
460.329  0.0580813  0.00171004
461.222  0.0586255  0.00172636
462.115  0.0591733  0.0017428
463.008  0.0597246  0.00175935
463.902  0.0602795  0.00177601
464.795  0.060838  0.00179279
465.688  0.0614001  0.00180968
466.581  0.0619659  0.00182669
467.475  0.0625354  0.00184381
468.368  0.0631086  0.00186105
469.261  0.0636856  0.0018784
470.154  0.0642663  0.00189588
471.048  0.0648509  0.00191348
471.941  0.0654393  0.0019312
472.834  0.0660316  0.00194904
473.727  0.0666277  0.001967
474.621  0.0672278  0.00198509
475.514  0.0678319  0.0020033
476.407  0.06844  0.00202164
477.3  0.0690521  0.00204011
478.193  0.0696682  0.0020587
479.087  0.0702884  0.00207743
479.98  0.0709128  0.00209629
480.873  0.0715413  0.00211527
481.766  0.0721741  0.00213439
482.66  0.072811  0.00215365
483.553  0.0734522  0.00217304
484.446  0.0740977  0.00219256
485.339  0.0747476  0.00221223
486.233  0.0754018  0.00223203
487.126  0.0760604  0.00225198
488.019  0.0767235  0.00227206
488.912  0.0773911  0.00229229
489.806  0.0780631  0.00231266
490.699  0.0787398  0.00233317
491.592  0.079421  0.00235384
492.485  0.0801068  0.00237465
493.379  0.0807974  0.00239561
494.272  0.0814926  0.00241672
495.165  0.0821927  0.00243798
496.058  0.0828975  0.00245939
496.952  0.0836071  0.00248096
497.845  0.0843217  0.00250269
498.738  0.0850411  0.00252457
499.631  0.0857656  0.00254661
500.525  0.086495  0.00256881
501.418  0.0872295  0.00259118
502.311  0.0879692  0.0026137
503.204  0.0887139  0.0026364
504.098  0.0894639  0.00265925
504.991  0.0902191  0.00268228
505.884  0.0909796  0.00270548
506.777  0.0917454  0.00272884
507.671  0.0925166  0.00275239
508.564  0.0932933  0.0027761
509.457  0.0940754  0.00279999
510.35  0.0948631  0.00282406
511.244  0.0956564  0.00284831
512.137  0.0964553  0.00287274
513.03  0.0972599  0.00289735
513.923  0.0980702  0.00292215
514.817  0.0988864  0.00294713
515.71  0.0997084  0.00297231
516.603  0.100536  0.00299767
517.496  0.10137  0.00302323
518.389  0.10221  0.00304898
519.283  0.103056  0.00307492
520.176  0.103908  0.00310107
521.069  0.104766  0.00312741
521.962  0.105631  0.00315396
522.856  0.106502  0.00318071
523.749  0.107379  0.00320767
524.642  0.108263  0.00323483
525.535  0.109153  0.00326221
526.429  0.11005  0.00328979
527.322  0.110953  0.00331759
528.215  0.111863  0.00334561
529.108  0.11278  0.00337385
530.002  0.113704  0.00340231
530.895  0.114635  0.00343099
531.788  0.115572  0.0034599
532.681  0.116517  0.00348904
533.575  0.117468  0.00351841
534.468  0.118427  0.00354801
535.361  0.119393  0.00357785
536.254  0.120367  0.00360792
537.148  0.121348  0.00363824
538.041  0.122336  0.0036688
538.934  0.123332  0.0036996
539.827  0.124336  0.00373065
540.721  0.125347  0.00376196
541.614  0.126366  0.00379352
542.507  0.127393  0.00382533
543.4  0.128428  0.0038574
544.294  0.129471  0.00388974
545.187  0.130522  0.00392234
546.08  0.131581  0.0039552
546.973  0.132649  0.00398834
547.867  0.133725  0.00402176
548.76  0.134809  0.00405544
549.653  0.135902  0.00408941
550.546  0.137004  0.00412366
551.44  0.138114  0.0041582
552.333  0.139233  0.00419303
553.226  0.140362  0.00422815
554.119  0.141499  0.00426356
555.013  0.142645  0.00429927
555.906  0.143801  0.00433529
556.799  0.144966  0.00437161
557.692  0.14614  0.00440824
558.585  0.147324  0.00444519
559.479  0.148518  0.00448245
560.372  0.149721  0.00452002
561.265  0.150935  0.00455793
562.158  0.152158  0.00459616
563.052  0.153391  0.00463472
563.945  0.154635  0.00467362
564.838  0.155889  0.00471285
565.731  0.157153  0.00475243
566.625  0.158428  0.00479235
567.518  0.159714  0.00483263
568.411  0.16101  0.00487326
569.304  0.162318  0.00491425
570.198  0.163636  0.0049556
571.091  0.164966  0.00499732
571.984  0.166307  0.00503942
572.877  0.167659  0.00508189
573.771  0.169023  0.00512473
574.664  0.170399  0.00516797
575.557  0.171787  0.0052116
576.45  0.173186  0.00525562
577.344  0.174598  0.00530003
578.237  0.176022  0.00534486
579.13  0.177459  0.00539009
580.023  0.178908  0.00543574
580.917  0.18037  0.0054818
581.81  0.181845  0.00552829
582.703  0.183333  0.00557521
583.596  0.184834  0.00562257
584.49  0.186348  0.00567036
585.383  0.187876  0.0057186
586.276  0.189418  0.0057673
587.169  0.190974  0.00581644
588.063  0.192543  0.00586606
588.956  0.194127  0.00591613
589.849  0.195726  0.00596669
590.742  0.197339  0.00601772
591.636  0.198967  0.00606924
592.529  0.200609  0.00612125
593.422  0.202267  0.00617375
594.315  0.203941  0.00622677
595.209  0.205629  0.00628029
596.102  0.207334  0.00633433
596.995  0.209055  0.0063889
597.888  0.210791  0.00644399
598.781  0.212544  0.00649962
599.675  0.214314  0.0065558
600.568  0.216101  0.00661253
601.461  0.217904  0.00666981
602.354  0.219725  0.00672766
603.248  0.221563  0.00678608
604.141  0.223419  0.00684509
605.034  0.225293  0.00690468
605.927  0.227185  0.00696486
606.821  0.229095  0.00702565
607.714  0.231024  0.00708705
608.607  0.232972  0.00714907
609.5  0.23494  0.00721171
610.394  0.236926  0.00727499
611.287  0.238933  0.00733891
612.18  0.240959  0.00740348
613.073  0.243006  0.00746872
613.967  0.245073  0.00753462
614.86  0.247161  0.00760119
615.753  0.24927  0.00766846
616.646  0.2514  0.00773642
617.54  0.253553  0.00780508
618.433  0.255727  0.00787446
619.326  0.257923  0.00794456
620.219  0.260142  0.00801539
621.113  0.262384  0.00808696
622.006  0.264649  0.00815929
622.899  0.266938  0.00823238
623.792  0.269251  0.00830624
624.686  0.271588  0.00838088
625.579  0.27395  0.00845631
626.472  0.276336  0.00853255
627.365  0.278748  0.0086096
628.259  0.281186  0.00868747
629.152  0.28365  0.00876618
630.045  0.28614  0.00884573
630.938  0.288657  0.00892614
631.832  0.291201  0.00900742
632.725  0.293773  0.00908958
633.618  0.296373  0.00917263
634.511  0.299002  0.00925658
635.405  0.301659  0.00934145
636.298  0.304346  0.00942724
637.191  0.307062  0.00951397
638.084  0.309809  0.00960165
638.977  0.312586  0.0096903
639.871  0.315394  0.00977992
640.764  0.318234  0.00987053
641.657  0.321106  0.00996213
642.55  0.32401  0.0100548
643.444  0.326948  0.0101484
644.337  0.329919  0.0102431
645.23  0.332924  0.0103388
646.123  0.335964  0.0104356
647.017  0.339039  0.0105335
647.91  0.34215  0.0106325
648.803  0.345296  0.0107326
649.696  0.34848  0.0108338
650.59  0.351701  0.0109361
651.483  0.354959  0.0110396
652.376  0.358257  0.0111442
653.269  0.361593  0.01125
654.163  0.364969  0.0113571
655.056  0.368386  0.0114653
655.949  0.371843  0.0115747
656.842  0.375342  0.0116853
657.736  0.378883  0.0117972
658.629  0.382468  0.0119104
659.522  0.386096  0.0120248
660.415  0.389768  0.0121405
661.309  0.393485  0.0122575
662.202  0.397248  0.0123759
663.095  0.401058  0.0124955
663.988  0.404914  0.0126165
664.882  0.408819  0.0127389
665.775  0.412772  0.0128626
666.668  0.416775  0.0129877
667.561  0.420828  0.0131142
668.455  0.424933  0.0132421
669.348  0.429089  0.0133714
670.241  0.433298  0.0135021
671.134  0.43756  0.0136343
672.028  0.441877  0.0137679
672.921  0.44625  0.013903
673.814  0.450678  0.0140396
674.707  0.455164  0.0141777
675.601  0.459707  0.0143173
676.494  0.46431  0.0144583
677.387  0.468972  0.0146009
678.28  0.473696  0.014745
679.173  0.478481  0.0148907
680.067  0.483329  0.0150379
680.96  0.488241  0.0151866
681.853  0.493217  0.0153369
682.746  0.498259  0.0154887
683.64  0.503369  0.0156421
684.533  0.508546  0.015797
685.426  0.513792  0.0159535
686.319  0.519108  0.0161115
687.213  0.524495  0.0162711
688.106  0.529955  0.0164323
688.999  0.535488  0.016595
689.892  0.541095  0.0167593
690.786  0.546778  0.0169251
691.679  0.552538  0.0170924
692.572  0.558375  0.0172613
693.465  0.564292  0.0174316
694.359  0.570289  0.0176035
695.252  0.576368  0.0177768
696.145  0.582529  0.0179516
697.038  0.588774  0.0181278
697.932  0.595104  0.0183055
698.825  0.60152  0.0184845
699.718  0.608024  0.0186649
700.611  0.614616  0.0188466
701.505  0.621299  0.0190296
702.398  0.628072  0.0192139
703.291  0.634938  0.0193994
704.184  0.641898  0.0195861
705.078  0.648952  0.0197739
705.971  0.656103  0.0199627
706.864  0.66335  0.0201526
707.757  0.670696  0.0203435
708.651  0.678142  0.0205352
709.544  0.685688  0.0207278
710.437  0.693337  0.0209212
711.33  0.701089  0.0211152
712.224  0.708944  0.0213098
713.117  0.716905  0.021505
714.01  0.724973  0.0217006
714.903  0.733148  0.0218965
715.796  0.741432  0.0220927
716.69  0.749825  0.022289
717.583  0.758328  0.0224853
718.476  0.766943  0.0226816
719.369  0.77567  0.0228776
720.263  0.78451  0.0230732
721.156  0.793464  0.0232684
722.049  0.802533  0.023463
722.942  0.811717  0.0236568
723.836  0.821016  0.0238497
724.729  0.830432  0.0240416
725.622  0.839965  0.0242322
726.515  0.849615  0.0244214
727.409  0.859383  0.0246091
728.302  0.869269  0.024795
729.195  0.879272  0.024979
730.088  0.889394  0.0251609
730.982  0.899633  0.0253405
731.875  0.909991  0.0255176
732.768  0.920466  0.025692
733.661  0.931058  0.0258636
734.555  0.941767  0.026032
735.448  0.952592  0.026197
736.341  0.963533  0.0263586
737.234  0.974588  0.0265164
738.128  0.985757  0.0266703
739.021  0.997039  0.02682
739.914  1.00843  0.0269652
740.807  1.01994  0.0271059
741.701  1.03155  0.0272418
742.594  1.04327  0.0273726
743.487  1.05509  0.0274982
744.38  1.06702  0.0276184
745.274  1.07904  0.0277329
746.167  1.09117  0.0278415
747.06  1.10339  0.0279441
747.953  1.11571  0.0280405
748.847  1.12812  0.0281305
749.74  1.14061  0.0282139
750.633  1.15319  0.0282906
751.526  1.16585  0.0283605
752.42  1.17859  0.0284233
753.313  1.19141  0.0284791
754.206  1.2043  0.0285276
755.099  1.21725  0.0285687
755.992  1.23027  0.0286025
756.886  1.24335  0.0286288
757.779  1.25648  0.0286476
758.672  1.26967  0.0286588
759.565  1.2829  0.0286624
760.459  1.29618  0.0286584
761.352  1.30949  0.0286469
762.245  1.32284  0.0286278
763.138  1.33622  0.0286013
764.032  1.34962  0.0285673
764.925  1.36304  0.028526
765.818  1.37647  0.0284775
766.711  1.38991  0.0284218
767.605  1.40336  0.0283592
768.498  1.41681  0.0282897
769.391  1.43026  0.0282135
770.284  1.44369  0.0281309
771.178  1.45711  0.0280419
772.071  1.47051  0.0279468
772.964  1.48388  0.0278458
773.857  1.49723  0.0277391
774.751  1.51054  0.027627
775.644  1.52381  0.0275096
776.537  1.53705  0.0273874
777.43  1.55023  0.0272604
778.324  1.56336  0.027129
779.217  1.57644  0.0269934
780.11  1.58945  0.0268539
781.003  1.60241  0.0267108
781.897  1.61529  0.0265642
782.79  1.6281  0.0264146
783.683  1.64084  0.0262622
784.576  1.6535  0.0261072
785.47  1.66608  0.0259498
786.363  1.67857  0.0257905
787.256  1.69097  0.0256293
788.149  1.70328  0.0254666
789.043  1.7155  0.0253025
789.936  1.72763  0.0251374
790.829  1.73965  0.0249714
791.722  1.75157  0.0248048
792.616  1.76339  0.0246378
793.509  1.77511  0.0244705
794.402  1.78671  0.0243032
795.295  1.79821  0.024136
796.188  1.8096  0.0239692
797.082  1.82088  0.0238028
797.975  1.83205  0.0236371
798.868  1.8431  0.0234722
799.761  1.85403  0.0233081
800.655  1.86486  0.0231451
801.548  1.87556  0.0229833
802.441  1.88615  0.0228227
803.334  1.89662  0.0226634
804.228  1.90697  0.0225056
805.121  1.91721  0.0223493
806.014  1.92733  0.0221946
806.907  1.93733  0.0220416
807.801  1.94721  0.0218903
808.694  1.95698  0.0217408
809.587  1.96662  0.021593
810.48  1.97615  0.0214471
811.374  1.98557  0.0213031
812.267  1.99486  0.021161
813.16  2.00404  0.0210208
814.053  2.01311  0.0208826
814.947  2.02206  0.0207463
815.84  2.0309  0.0206119
816.733  2.03962  0.0204795
817.626  2.04824  0.0203491
818.52  2.05674  0.0202206
819.413  2.06513  0.020094
820.306  2.07341  0.0199693
821.199  2.08159  0.0198466
822.093  2.08965  0.0197257
822.986  2.09761  0.0196068
823.879  2.10547  0.0194896
824.772  2.11322  0.0193744
825.666  2.12086  0.0192609
826.559  2.12841  0.0191492
827.452  2.13586  0.0190392
828.345  2.1432  0.018931
829.239  2.15045  0.0188245
830.132  2.1576  0.0187196
831.025  2.16465  0.0186164
831.918  2.17161  0.0185148
832.812  2.17848  0.0184148
833.705  2.18526  0.0183163
834.598  2.19194  0.0182194
835.491  2.19853  0.0181239
836.384  2.20504  0.0180299
837.278  2.21145  0.0179373
838.171  2.21779  0.0178462
839.064  2.22403  0.0177564
839.957  2.2302  0.017668
840.851  2.23628  0.0175808
841.744  2.24228  0.017495
842.637  2.24819  0.0174104
843.53  2.25403  0.0173271
844.424  2.2598  0.0172449
845.317  2.26548  0.0171639
846.21  2.27109  0.0170841
847.103  2.27663  0.0170054
847.997  2.28209  0.0169278
848.89  2.28748  0.0168513
849.783  2.2928  0.0167758
850.676  2.29805  0.0167014
851.57  2.30323  0.016628
852.463  2.30835  0.0165555
853.356  2.31339  0.0164841
854.249  2.31837  0.0164135
855.143  2.32329  0.0163439
856.036  2.32814  0.0162752
856.929  2.33293  0.0162073
857.822  2.33766  0.0161404
858.716  2.34233  0.0160742
859.609  2.34693  0.0160089
860.502  2.35148  0.0159444
861.395  2.35597  0.0158807
862.289  2.36041  0.0158178
863.182  2.36479  0.0157556
864.075  2.36911  0.0156942
864.968  2.37338  0.0156335
865.862  2.37759  0.0155735
866.755  2.38176  0.0155142
867.648  2.38587  0.0154556
868.541  2.38993  0.0153976
869.435  2.39394  0.0153404
870.328  2.3979  0.0152837
871.221  2.40181  0.0152277
872.114  2.40567  0.0151723
873.008  2.40949  0.0151175
873.901  2.41326  0.0150634
874.794  2.41698  0.0150098
875.687  2.42066  0.0149567
876.58  2.4243  0.0149043
877.474  2.42789  0.0148524
878.367  2.43144  0.014801
879.26  2.43495  0.0147502
880.153  2.43841  0.0146999
881.047  2.44184  0.0146501
881.94  2.44522  0.0146008
882.833  2.44857  0.014552
883.726  2.45187  0.0145037
884.62  2.45514  0.0144559
885.513  2.45837  0.0144086
886.406  2.46156  0.0143617
887.299  2.46472  0.0143153
888.193  2.46784  0.0142693
889.086  2.47092  0.0142238
889.979  2.47397  0.0141787
890.872  2.47699  0.014134
891.766  2.47997  0.0140898
892.659  2.48292  0.014046
893.552  2.48583  0.0140026
894.445  2.48872  0.0139595
895.339  2.49157  0.0139169
896.232  2.49438  0.0138747
897.125  2.49717  0.0138329
898.018  2.49993  0.0137914
898.912  2.50266  0.0137503
899.805  2.50535  0.0137096
900.698  2.50802  0.0136692
901.591  2.51066  0.0136292
902.485  2.51327  0.0135896
903.378  2.51586  0.0135503
904.271  2.51841  0.0135113
905.164  2.52094  0.0134727
906.058  2.52344  0.0134344
906.951  2.52592  0.0133964
907.844  2.52837  0.0133588
908.737  2.53079  0.0133215
909.631  2.53319  0.0132845
910.524  2.53557  0.0132478
911.417  2.53792  0.0132114
912.31  2.54024  0.0131754
913.204  2.54254  0.0131396
914.097  2.54482  0.0131041
914.99  2.54708  0.0130689
915.883  2.54931  0.013034
916.776  2.55152  0.0129994
917.67  2.55371  0.0129651
918.563  2.55587  0.012931
919.456  2.55802  0.0128972
920.349  2.56014  0.0128637
921.243  2.56224  0.0128305
922.136  2.56432  0.0127975
923.029  2.56638  0.0127648
923.922  2.56842  0.0127323
924.816  2.57044  0.0127001
925.709  2.57245  0.0126682
926.602  2.57443  0.0126364
927.495  2.57639  0.012605
928.389  2.57833  0.0125738
929.282  2.58026  0.0125428
930.175  2.58217  0.0125121
931.068  2.58406  0.0124816
931.962  2.58593  0.0124513
932.855  2.58778  0.0124213
933.748  2.58962  0.0123914
934.641  2.59144  0.0123619
935.535  2.59324  0.0123325
936.428  2.59502  0.0123033
937.321  2.59679  0.0122744
938.214  2.59855  0.0122457
939.108  2.60028  0.0122172
940.001  2.602  0.0121889
940.894  2.60371  0.0121608
941.787  2.6054  0.0121329
942.681  2.60707  0.0121053
943.574  2.60873  0.0120778
944.467  2.61038  0.0120505
945.36  2.61201  0.0120234
946.254  2.61362  0.0119966
947.147  2.61522  0.0119699
948.04  2.61681  0.0119434
948.933  2.61838  0.0119171
949.827  2.61994  0.0118909
950.72  2.62149  0.011865
951.613  2.62302  0.0118392
952.506  2.62454  0.0118137
953.399  2.62605  0.0117883
954.293  2.62754  0.0117631
955.186  2.62902  0.011738
956.079  2.63049  0.0117132
956.972  2.63194  0.0116885
957.866  2.63339  0.0116639
958.759  2.63482  0.0116396
959.652  2.63624  0.0116154
960.545  2.63764  0.0115914
961.439  2.63904  0.0115675
962.332  2.64042  0.0115438
963.225  2.64179  0.0115203
964.118  2.64315  0.0114969
965.012  2.6445  0.0114737
965.905  2.64584  0.0114506
966.798  2.64717  0.0114277
967.691  2.64848  0.011405
968.585  2.64979  0.0113824
969.478  2.65109  0.0113599
970.371  2.65237  0.0113376
971.264  2.65364  0.0113155
972.158  2.65491  0.0112934
973.051  2.65616  0.0112716
973.944  2.65741  0.0112499
974.837  2.65864  0.0112283
975.731  2.65987  0.0112068
976.624  2.66108  0.0111855
977.517  2.66229  0.0111644
978.41  2.66348  0.0111434
979.304  2.66467  0.0111225
980.197  2.66585  0.0111017
981.09  2.66701  0.0110811
981.983  2.66817  0.0110606
982.877  2.66932  0.0110402
983.77  2.67047  0.01102
984.663  2.6716  0.0109999
985.556  2.67272  0.0109799
986.45  2.67384  0.0109601
987.343  2.67495  0.0109404
988.236  2.67604  0.0109208
989.129  2.67714  0.0109013
990.023  2.67822  0.0108819
990.916  2.67929  0.0108627
991.809  2.68036  0.0108436
992.702  2.68142  0.0108246
993.595  2.68247  0.0108057
994.489  2.68351  0.0107869
995.382  2.68455  0.0107683
996.275  2.68557  0.0107497
997.168  2.68659  0.0107313
998.062  2.68761  0.010713
998.955  2.68861  0.0106948
999.848  2.68961  0.0106767
1000.74  2.6906  0.0106587
1001.63  2.69158  0.0106409
1002.53  2.69256  0.0106231
1003.42  2.69353  0.0106055
1004.31  2.69449  0.0105879
1005.21  2.69545  0.0105705
1006.1  2.6964  0.0105531
1006.99  2.69734  0.0105359
1007.89  2.69828  0.0105187
1008.78  2.69921  0.0105017
1009.67  2.70013  0.0104848
1010.57  2.70105  0.0104679
1011.46  2.70196  0.0104512
1012.35  2.70286  0.0104346
1013.25  2.70376  0.010418
1014.14  2.70465  0.0104016
1015.03  2.70553  0.0103852
1015.93  2.70641  0.010369
1016.82  2.70729  0.0103528
1017.71  2.70815  0.0103367
1018.61  2.70902  0.0103208
1019.5  2.70987  0.0103049
1020.39  2.71072  0.0102891
1021.29  2.71157  0.0102734
1022.18  2.7124  0.0102578
1023.07  2.71324  0.0102423
1023.97  2.71406  0.0102268
1024.86  2.71489  0.0102115
1025.75  2.7157  0.0101962
1026.65  2.71651  0.010181
1027.54  2.71732  0.0101659
1028.43  2.71812  0.0101509
1029.33  2.71891  0.010136
1030.22  2.7197  0.0101212
1031.11  2.72049  0.0101064
1032.01  2.72127  0.0100917
1032.9  2.72204  0.0100771
1033.79  2.72281  0.0100626
1034.68  2.72358  0.0100482
1035.58  2.72434  0.0100338
1036.47  2.72509  0.0100196
1037.36  2.72584  0.0100054
1038.26  2.72659  0.00999126
1039.15  2.72733  0.00997722
1040.04  2.72807  0.00996325
1040.94  2.7288  0.00994936
1041.83  2.72952  0.00993555
1042.72  2.73025  0.00992181
1043.62  2.73096  0.00990814
1044.51  2.73168  0.00989455
1045.4  2.73239  0.00988103
1046.3  2.73309  0.00986758
1047.19  2.73379  0.00985421
1048.08  2.73449  0.0098409
1048.98  2.73518  0.00982767
1049.87  2.73586  0.00981451
1050.76  2.73655  0.00980141
1051.66  2.73723  0.00978839
1052.55  2.7379  0.00977543
1053.44  2.73857  0.00976255
1054.34  2.73924  0.00974973
1055.23  2.7399  0.00973697
1056.12  2.74056  0.00972429
1057.02  2.74121  0.00971167
1057.91  2.74186  0.00969911
1058.8  2.74251  0.00968662
1059.7  2.74315  0.0096742
1060.59  2.74379  0.00966184
1061.48  2.74443  0.00964954
1062.38  2.74506  0.00963731
1063.27  2.74569  0.00962513
1064.16  2.74631  0.00961303
1065.06  2.74693  0.00960098
1065.95  2.74755  0.00958899
1066.84  2.74816  0.00957707
1067.73  2.74877  0.00956521
1068.63  2.74938  0.0095534
1069.52  2.74998  0.00954166
1070.41  2.75058  0.00952997
1071.31  2.75118  0.00951835
1072.2  2.75177  0.00950678
1073.09  2.75236  0.00949527
1073.99  2.75294  0.00948382
1074.88  2.75353  0.00947242
1075.77  2.7541  0.00946109
1076.67  2.75468  0.0094498
1077.56  2.75525  0.00943858
1078.45  2.75582  0.00942741
1079.35  2.75639  0.00941629
1080.24  2.75695  0.00940523
1081.13  2.75751  0.00939423
1082.03  2.75807  0.00938327
1082.92  2.75862  0.00937238
1083.81  2.75917  0.00936153
1084.71  2.75972  0.00935074
1085.6  2.76026  0.00934
1086.49  2.7608  0.00932931
1087.39  2.76134  0.00931868
1088.28  2.76188  0.00930809
1089.17  2.76241  0.00929756
1090.07  2.76294  0.00928708
1090.96  2.76347  0.00927665
1091.85  2.76399  0.00926626
1092.75  2.76451  0.00925593
1093.64  2.76503  0.00924565
1094.53  2.76554  0.00923542
1095.43  2.76606  0.00922523
1096.32  2.76657  0.00921509
1097.21  2.76707  0.009205
1098.11  2.76758  0.00919496
1099  2.76808  0.00918497
1099.89  2.76858  0.00917502
1100.78  2.76907  0.00916513
1101.68  2.76957  0.00915527
1102.57  2.77006  0.00914547
1103.46  2.77055  0.0091357
1104.36  2.77103  0.00912599
1105.25  2.77152  0.00911632
1106.14  2.772  0.00910669
1107.04  2.77248  0.00909711
1107.93  2.77295  0.00908758
1108.82  2.77343  0.00907808
1109.72  2.7739  0.00906864
1110.61  2.77437  0.00905923
1111.5  2.77483  0.00904987
1112.4  2.7753  0.00904055
1113.29  2.77576  0.00903127
1114.18  2.77622  0.00902204
1115.08  2.77667  0.00901285
1115.97  2.77713  0.0090037
1116.86  2.77758  0.00899459
1117.76  2.77803  0.00898552
1118.65  2.77848  0.0089765
1119.54  2.77892  0.00896751
1120.44  2.77936  0.00895856
1121.33  2.7798  0.00894966
1122.22  2.78024  0.0089408
1123.12  2.78068  0.00893197
1124.01  2.78111  0.00892318
1124.9  2.78155  0.00891444
1125.8  2.78197  0.00890573
1126.69  2.7824  0.00889706
1127.58  2.78283  0.00888843
1128.48  2.78325  0.00887984
1129.37  2.78367  0.00887129
1130.26  2.78409  0.00886277
1131.16  2.78451  0.00885429
1132.05  2.78492  0.00884585
1132.94  2.78534  0.00883744
1133.83  2.78575  0.00882908
1134.73  2.78616  0.00882075
1135.62  2.78657  0.00881245
1136.51  2.78697  0.00880419
1137.41  2.78737  0.00879597
1138.3  2.78777  0.00878778
1139.19  2.78817  0.00877963
1140.09  2.78857  0.00877151
1140.98  2.78897  0.00876343
1141.87  2.78936  0.00875539
1142.77  2.78975  0.00874737
1143.66  2.79014  0.0087394
1144.55  2.79053  0.00873145
1145.45  2.79092  0.00872354
1146.34  2.7913  0.00871567
1147.23  2.79168  0.00870782
1148.13  2.79206  0.00870002
1149.02  2.79244  0.00869224
1149.91  2.79282  0.0086845
1150.81  2.7932  0.00867679
1151.7  2.79357  0.00866911
1152.59  2.79394  0.00866147
1153.49  2.79431  0.00865385
1154.38  2.79468  0.00864627
1155.27  2.79505  0.00863872
1156.17  2.79541  0.0086312
1157.06  2.79578  0.00862372
1157.95  2.79614  0.00861626
1158.85  2.7965  0.00860884
1159.74  2.79686  0.00860145
1160.63  2.79721  0.00859408
1161.53  2.79757  0.00858675
1162.42  2.79792  0.00857945
1163.31  2.79827  0.00857218
1164.21  2.79862  0.00856494
1165.1  2.79897  0.00855773
1165.99  2.79932  0.00855054
1166.88  2.79966  0.00854339
1167.78  2.80001  0.00853627
1168.67  2.80035  0.00852917
1169.56  2.80069  0.00852211
1170.46  2.80103  0.00851507
1171.35  2.80137  0.00850806
1172.24  2.80171  0.00850108
1173.14  2.80204  0.00849413
1174.03  2.80237  0.00848721
1174.92  2.80271  0.00848031
1175.82  2.80304  0.00847344
1176.71  2.80336  0.0084666
1177.6  2.80369  0.00845979
1178.5  2.80402  0.00845301
1179.39  2.80434  0.00844625
1180.28  2.80467  0.00843952
1181.18  2.80499  0.00843281
1182.07  2.80531  0.00842613
1182.96  2.80563  0.00841948
1183.86  2.80594  0.00841286
1184.75  2.80626  0.00840626
1185.64  2.80658  0.00839969
1186.54  2.80689  0.00839314
1187.43  2.8072  0.00838662
1188.32  2.80751  0.00838012
1189.22  2.80782  0.00837365
1190.11  2.80813  0.00836721
1191  2.80844  0.00836079
1191.9  2.80874  0.0083544
1192.79  2.80905  0.00834803
1193.68  2.80935  0.00834168
1194.58  2.80965  0.00833536
1195.47  2.80995  0.00832907
1196.36  2.81025  0.0083228
1197.26  2.81055  0.00831655
1198.15  2.81085  0.00831033
1199.04  2.81114  0.00830413
1199.93  2.81143  0.00829796
1200.83  2.81173  0.0082918
1201.72  2.81202  0.00828568
1202.61  2.81231  0.00827957
1203.51  2.8126  0.00827349
1204.4  2.81289  0.00826744
1205.29  2.81317  0.0082614
1206.19  2.81346  0.00825539
1207.08  2.81374  0.0082494
1207.97  2.81403  0.00824344
1208.87  2.81431  0.00823749
1209.76  2.81459  0.00823157
1210.65  2.81487  0.00822568
1211.55  2.81515  0.0082198
1212.44  2.81543  0.00821395
1213.33  2.8157  0.00820811
1214.23  2.81598  0.0082023
1215.12  2.81625  0.00819652
1216.01  2.81652  0.00819075
1216.91  2.8168  0.008185
1217.8  2.81707  0.00817928
1218.69  2.81734  0.00817358
1219.59  2.8176  0.0081679
1220.48  2.81787  0.00816224
1221.37  2.81814  0.0081566
1222.27  2.8184  0.00815098
1223.16  2.81867  0.00814538
1224.05  2.81893  0.0081398
1224.95  2.81919  0.00813425
1225.84  2.81945  0.00812871
1226.73  2.81971  0.0081232
1227.63  2.81997  0.0081177
1228.52  2.82023  0.00811223
1229.41  2.82049  0.00810677
1230.31  2.82074  0.00810133
1231.2  2.821  0.00809592
1232.09  2.82125  0.00809052
1232.98  2.82151  0.00808515
1233.88  2.82176  0.00807979
1234.77  2.82201  0.00807445
1235.66  2.82226  0.00806913
1236.56  2.82251  0.00806383
1237.45  2.82276  0.00805855
1238.34  2.823  0.00805329
1239.24  2.82325  0.00804805
1240.13  2.8235  0.00804283
1241.02  2.82374  0.00803762
1241.92  2.82398  0.00803244
1242.81  2.82423  0.00802727
1243.7  2.82447  0.00802212
1244.6  2.82471  0.00801699
1245.49  2.82495  0.00801188
1246.38  2.82519  0.00800678
1247.28  2.82542  0.00800171
1248.17  2.82566  0.00799665
1249.06  2.8259  0.00799161
1249.96  2.82613  0.00798658
1250.85  2.82636  0.00798158
1251.74  2.8266  0.00797659
1252.64  2.82683  0.00797162
1253.53  2.82706  0.00796667
1254.42  2.82729  0.00796173
1255.32  2.82752  0.00795682
1256.21  2.82775  0.00795192
1257.1  2.82798  0.00794703
1258  2.82821  0.00794216
1258.89  2.82843  0.00793731
1259.78  2.82866  0.00793248
1260.68  2.82888  0.00792767
1261.57  2.82911  0.00792287
1262.46  2.82933  0.00791808
1263.36  2.82955  0.00791332
1264.25  2.82977  0.00790857
1265.14  2.82999  0.00790383
1266.04  2.83021  0.00789911
1266.93  2.83043  0.00789441
1267.82  2.83065  0.00788973
1268.71  2.83087  0.00788506
1269.61  2.83108  0.00788041
1270.5  2.8313  0.00787577
1271.39  2.83151  0.00787115
1272.29  2.83173  0.00786654
1273.18  2.83194  0.00786195
1274.07  2.83215  0.00785738
1274.97  2.83237  0.00785282
1275.86  2.83258  0.00784827
1276.75  2.83279  0.00784374
1277.65  2.833  0.00783923
1278.54  2.83321  0.00783473
1279.43  2.83341  0.00783025
1280.33  2.83362  0.00782578
1281.22  2.83383  0.00782133
1282.11  2.83403  0.00781689
1283.01  2.83424  0.00781247
1283.9  2.83444  0.00780806
1284.79  2.83465  0.00780366
1285.69  2.83485  0.00779929
1286.58  2.83505  0.00779492
1287.47  2.83525  0.00779057
1288.37  2.83545  0.00778623
1289.26  2.83565  0.00778191
1290.15  2.83585  0.00777761
1291.05  2.83605  0.00777331
1291.94  2.83625  0.00776903
1292.83  2.83644  0.00776477
1293.73  2.83664  0.00776052
1294.62  2.83684  0.00775628
1295.51  2.83703  0.00775206
1296.41  2.83723  0.00774785
1297.3  2.83742  0.00774366
1298.19  2.83761  0.00773947
1299.09  2.83781  0.00773531
1299.98  2.838  0.00773115
1300.87  2.83819  0.00772701
1301.76  2.83838  0.00772288
1302.66  2.83857  0.00771877
1303.55  2.83876  0.00771467
1304.44  2.83894  0.00771058
1305.34  2.83913  0.00770651
1306.23  2.83932  0.00770245
1307.12  2.83951  0.0076984
1308.02  2.83969  0.00769436
1308.91  2.83988  0.00769034
1309.8  2.84006  0.00768633
1310.7  2.84025  0.00768234
1311.59  2.84043  0.00767835
1312.48  2.84061  0.00767438
1313.38  2.84079  0.00767042
1314.27  2.84097  0.00766648
1315.16  2.84116  0.00766254
1316.06  2.84134  0.00765862
1316.95  2.84152  0.00765472
1317.84  2.84169  0.00765082
1318.74  2.84187  0.00764694
1319.63  2.84205  0.00764307
1320.52  2.84223  0.00763921
1321.42  2.8424  0.00763536
1322.31  2.84258  0.00763152
1323.2  2.84275  0.0076277
1324.1  2.84293  0.00762389
1324.99  2.8431  0.00762009
1325.88  2.84328  0.00761631
1326.78  2.84345  0.00761253
1327.67  2.84362  0.00760877
1328.56  2.84379  0.00760502
1329.46  2.84397  0.00760128
1330.35  2.84414  0.00759755
1331.24  2.84431  0.00759383
1332.14  2.84448  0.00759013
1333.03  2.84465  0.00758643
1333.92  2.84481  0.00758275
1334.81  2.84498  0.00757908
1335.71  2.84515  0.00757542
1336.6  2.84532  0.00757177
1337.49  2.84548  0.00756814
1338.39  2.84565  0.00756451
1339.28  2.84581  0.0075609
1340.17  2.84598  0.00755729
1341.07  2.84614  0.0075537
1341.96  2.84631  0.00755012
1342.85  2.84647  0.00754655
1343.75  2.84663  0.00754299
1344.64  2.84679  0.00753944
1345.53  2.84695  0.0075359
1346.43  2.84712  0.00753237
1347.32  2.84728  0.00752886
1348.21  2.84744  0.00752535
1349.11  2.8476  0.00752186
1350  2.84775  0.00751837
