0.077  -0.000905351  2.3979e-05
0.0771276  -0.00079767  2.11295e-05
0.0772552  -0.000694452  1.83975e-05
0.0773828  -0.000595941  1.57896e-05
0.0775104  -0.000502421  1.33133e-05
0.077638  -0.000414223  1.09775e-05
0.0777656  -0.000331744  8.79275e-06
0.0778932  -0.000255472  6.772e-06
0.0780209  -0.000186028  4.93178e-06
0.0781485  -0.00012424  3.29412e-06
0.0782761  -7.13018e-05  1.89072e-06
0.0784037  -2.91719e-05  7.73647e-07
0.0785313  -2.30091e-06  6.10281e-08
0.0786589  1.47181e-05  3.9042e-07
0.0787865  5.10955e-05  1.35555e-06
0.0789141  0.000100032  2.65412e-06
0.0790417  0.000158954  4.218e-06
0.0791693  0.00022647  6.01031e-06
0.0792969  0.000301672  8.00705e-06
0.0794245  0.00038391  1.01911e-05
0.0795521  0.000472691  1.25493e-05
0.0796797  0.000567626  1.50715e-05
0.0798073  0.000668398  1.77492e-05
0.0799349  0.000774741  2.05756e-05
0.0800626  0.000886434  2.35448e-05
0.0801902  0.00100328  2.66516e-05
0.0803178  0.00112513  2.98918e-05
0.0804454  0.00125181  3.32615e-05
0.080573  0.00138321  3.67574e-05
0.0807006  0.00151922  4.03763e-05
0.0808282  0.00165972  4.41158e-05
0.0809558  0.00180463  4.79732e-05
0.0810834  0.00195386  5.19466e-05
0.081211  0.00210734  5.60338e-05
0.0813386  0.002265  6.02332e-05
0.0814662  0.00242678  6.45431e-05
0.0815938  0.00259261  6.8962e-05
0.0817214  0.00276245  7.34887e-05
0.081849  0.00293626  7.81218e-05
0.0819766  0.00311398  8.28602e-05
0.0821043  0.00329557  8.7703e-05
0.0822319  0.00348101  9.26491e-05
0.0823595  0.00367025  9.76977e-05
0.0824871  0.00386326  0.000102848
0.0826147  0.00406002  0.000108099
0.0827423  0.00426049  0.000113451
0.0828699  0.00446466  0.000118902
0.0829975  0.0046725  0.000124453
0.0831251  0.004884  0.000130102
0.0832527  0.00509912  0.000135849
0.0833803  0.00531787  0.000141695
0.0835079  0.00554021  0.000147637
0.0836355  0.00576614  0.000153677
0.0837631  0.00599565  0.000159814
0.0838907  0.00622872  0.000166047
0.0840183  0.00646535  0.000172376
0.084146  0.00670552  0.000178802
0.0842736  0.00694923  0.000185324
0.0844012  0.00719647  0.000191942
0.0845288  0.00744723  0.000198655
0.0846564  0.00770152  0.000205464
0.084784  0.00795933  0.000212369
0.0849116  0.00822065  0.000219369
0.0850392  0.00848549  0.000226465
0.0851668  0.00875384  0.000233657
0.0852944  0.00902571  0.000240945
0.085422  0.00930109  0.000248328
0.0855496  0.00957998  0.000255807
0.0856772  0.0098624  0.000263382
0.0858048  0.0101483  0.000271053
0.0859324  0.0104378  0.000278821
0.0860601  0.0107308  0.000286685
0.0861877  0.0110273  0.000294645
0.0863153  0.0113274  0.000302702
0.0864429  0.011631  0.000310857
0.0865705  0.0119381  0.000319108
0.0866981  0.0122489  0.000327457
0.0868257  0.0125632  0.000335904
0.0869533  0.012881  0.000344449
0.0870809  0.0132025  0.000353092
0.0872085  0.0135276  0.000361834
0.0873361  0.0138562  0.000370675
0.0874637  0.0141885  0.000379616
0.0875913  0.0145244  0.000388656
0.0877189  0.014864  0.000397796
0.0878465  0.0152072  0.000407037
0.0879741  0.0155541  0.000416379
0.0881018  0.0159047  0.000425822
0.0882294  0.0162589  0.000435367
0.088357  0.0166169  0.000445014
0.0884846  0.0169786  0.000454764
0.0886122  0.0173441  0.000464618
0.0887398  0.0177133  0.000474575
0.0888674  0.0180862  0.000484636
0.088995  0.018463  0.000494802
0.0891226  0.0188436  0.000505073
0.0892502  0.019228  0.00051545
0.0893778  0.0196163  0.000525933
0.0895054  0.0200084  0.000536524
0.089633  0.0204044  0.000547222
0.0897606  0.0208043  0.000558028
0.0898882  0.0212082  0.000568944
0.0900158  0.021616  0.000579968
0.0901435  0.0220278  0.000591103
0.0902711  0.0224435  0.000602349
0.0903987  0.0228633  0.000613706
0.0905263  0.0232871  0.000625176
0.0906539  0.023715  0.000636758
0.0907815  0.024147  0.000648454
0.0909091  0.0245831  0.000660265
0.0910367  0.0250233  0.00067219
0.0911643  0.0254677  0.000684232
0.0912919  0.0259162  0.000696391
0.0914195  0.026369  0.000708667
0.0915471  0.0268261  0.000721061
0.0916747  0.0272874  0.000733575
0.0918023  0.027753  0.000746209
0.0919299  0.0282229  0.000758963
0.0920575  0.0286972  0.00077184
0.0921852  0.0291759  0.000784839
0.0923128  0.0296589  0.000797962
0.0924404  0.0301465  0.00081121
0.092568  0.0306385  0.000824583
0.0926956  0.0311351  0.000838083
0.0928232  0.0316362  0.000851711
0.0929508  0.0321418  0.000865467
0.0930784  0.0326521  0.000879352
0.093206  0.033167  0.000893368
0.0933336  0.0336866  0.000907516
0.0934612  0.034211  0.000921797
0.0935888  0.0347401  0.000936211
0.0937164  0.0352739  0.000950761
0.093844  0.0358127  0.000965446
0.0939716  0.0363562  0.000980269
0.0940992  0.0369047  0.000995231
0.0942269  0.0374582  0.00101033
0.0943545  0.0380166  0.00102557
0.0944821  0.03858  0.00104096
0.0946097  0.0391485  0.00105649
0.0947373  0.0397222  0.00107216
0.0948649  0.0403009  0.00108798
0.0949925  0.0408849  0.00110394
0.0951201  0.0414741  0.00112005
0.0952477  0.0420686  0.00113632
0.0953753  0.0426685  0.00115273
0.0955029  0.0432737  0.0011693
0.0956305  0.0438843  0.00118602
0.0957581  0.0445004  0.0012029
0.0958857  0.0451221  0.00121994
0.0960133  0.0457493  0.00123713
0.096141  0.0463821  0.00125449
0.0962686  0.0470206  0.001272
0.0963962  0.0476648  0.00128968
0.0965238  0.0483148  0.00130753
0.0966514  0.0489707  0.00132554
0.096779  0.0496324  0.00134372
0.0969066  0.0503  0.00136207
0.0970342  0.0509737  0.00138059
0.0971618  0.0516534  0.00139928
0.0972894  0.0523392  0.00141815
0.097417  0.0530312  0.0014372
0.0975446  0.0537294  0.00145643
0.0976722  0.0544339  0.00147583
0.0977998  0.0551447  0.00149542
0.0979274  0.055862  0.0015152
0.098055  0.0565857  0.00153516
0.0981827  0.057316  0.00155531
0.0983103  0.0580529  0.00157565
0.0984379  0.0587964  0.00159618
0.0985655  0.0595467  0.00161691
0.0986931  0.0603038  0.00163784
0.0988207  0.0610678  0.00165896
0.0989483  0.0618387  0.00168029
0.0990759  0.0626167  0.00170182
0.0992035  0.0634017  0.00172355
0.0993311  0.0641939  0.0017455
0.0994587  0.0649934  0.00176765
0.0995863  0.0658002  0.00179002
0.0997139  0.0666144  0.0018126
0.0998415  0.067436  0.0018354
0.0999691  0.0682653  0.00185842
0.100097  0.0691021  0.00188167
0.100224  0.0699467  0.00190514
0.100352  0.0707991  0.00192884
0.10048  0.0716594  0.00195277
0.100607  0.0725277  0.00197693
0.100735  0.073404  0.00200133
0.100862  0.0742885  0.00202597
0.10099  0.0751813  0.00205086
0.101118  0.0760824  0.00207599
0.101245  0.076992  0.00210136
0.101373  0.07791  0.00212699
0.1015  0.0788368  0.00215288
0.101628  0.0797722  0.00217902
0.101756  0.0807165  0.00220542
0.101883  0.0816698  0.00223209
0.102011  0.082632  0.00225903
0.102138  0.0836035  0.00228623
0.102266  0.0845841  0.00231371
0.102394  0.0855742  0.00234148
0.102521  0.0865737  0.00236952
0.102649  0.0875829  0.00239785
0.102776  0.0886017  0.00242646
0.102904  0.0896304  0.00245538
0.103032  0.090669  0.00248458
0.103159  0.0917177  0.00251409
0.103287  0.0927765  0.00254391
0.103415  0.0938457  0.00257403
0.103542  0.0949254  0.00260447
0.10367  0.0960156  0.00263523
0.103797  0.0971165  0.00266631
0.103925  0.0982283  0.00269771
0.104053  0.099351  0.00272945
0.10418  0.100485  0.00276152
0.104308  0.10163  0.00279393
0.104435  0.102787  0.00282669
0.104563  0.103955  0.0028598
0.104691  0.105134  0.00289326
0.104818  0.106326  0.00292709
0.104946  0.10753  0.00296127
0.105073  0.108746  0.00299583
0.105201  0.109974  0.00303077
0.105329  0.111215  0.00306609
0.105456  0.112468  0.0031018
0.105584  0.113734  0.00313789
0.105711  0.115013  0.00317439
0.105839  0.116306  0.00321129
0.105967  0.117611  0.00324861
0.106094  0.118931  0.00328634
0.106222  0.120264  0.00332449
0.106349  0.121611  0.00336308
0.106477  0.122972  0.0034021
0.106605  0.124347  0.00344156
0.106732  0.125737  0.00348148
0.10686  0.127141  0.00352185
0.106987  0.128561  0.00356269
0.107115  0.129995  0.00360399
0.107243  0.131445  0.00364578
0.10737  0.132911  0.00368805
0.107498  0.134392  0.00373082
0.107626  0.13589  0.00377409
0.107753  0.137403  0.00381788
0.107881  0.138933  0.00386218
0.108008  0.14048  0.00390701
0.108136  0.142044  0.00395237
0.108264  0.143625  0.00399828
0.108391  0.145224  0.00404474
0.108519  0.14684  0.00409177
0.108646  0.148474  0.00413937
0.108774  0.150127  0.00418755
0.108902  0.151798  0.00423633
0.109029  0.153488  0.00428571
0.109157  0.155197  0.0043357
0.109284  0.156926  0.00438631
0.109412  0.158674  0.00443756
0.10954  0.160443  0.00448945
0.109667  0.162231  0.004542
0.109795  0.164041  0.00459522
0.109922  0.165871  0.00464912
0.11005  0.167723  0.00470371
0.110178  0.169597  0.00475901
0.110305  0.171492  0.00481502
0.110433  0.17341  0.00487176
0.11056  0.175351  0.00492925
0.110688  0.177314  0.00498749
0.110816  0.179301  0.00504651
0.110943  0.181312  0.00510631
0.111071  0.183348  0.0051669
0.111198  0.185408  0.00522832
0.111326  0.187493  0.00529056
0.111454  0.189603  0.00535365
0.111581  0.19174  0.0054176
0.111709  0.193903  0.00548243
0.111837  0.196092  0.00554816
0.111964  0.198309  0.00561479
0.112092  0.200554  0.00568236
0.112219  0.202826  0.00575088
0.112347  0.205128  0.00582036
0.112475  0.207458  0.00589083
0.112602  0.209819  0.0059623
0.11273  0.212209  0.00603479
0.112857  0.21463  0.00610834
0.112985  0.217083  0.00618295
0.113113  0.219567  0.00625864
0.11324  0.222084  0.00633545
0.113368  0.224634  0.00641339
0.113495  0.227217  0.00649249
0.113623  0.229835  0.00657276
0.113751  0.232487  0.00665424
0.113878  0.235175  0.00673695
0.114006  0.237899  0.00682092
0.114133  0.240659  0.00690616
0.114261  0.243457  0.00699271
0.114389  0.246294  0.0070806
0.114516  0.249169  0.00716985
0.114644  0.252083  0.0072605
0.114771  0.255038  0.00735257
0.114899  0.258034  0.00744609
0.115027  0.261072  0.0075411
0.115154  0.264152  0.00763763
0.115282  0.267276  0.0077357
0.11541  0.270444  0.00783536
0.115537  0.273658  0.00793665
0.115665  0.276917  0.00803958
0.115792  0.280223  0.00814421
0.11592  0.283578  0.00825057
0.116048  0.286981  0.0083587
0.116175  0.290433  0.00846863
0.116303  0.293937  0.00858042
0.11643  0.297492  0.00869409
0.116558  0.3011  0.0088097
0.116686  0.304762  0.00892729
0.116813  0.308479  0.0090469
0.116941  0.312251  0.00916858
0.117068  0.316081  0.00929238
0.117196  0.31997  0.00941834
0.117324  0.323917  0.00954651
0.117451  0.327926  0.00967695
0.117579  0.331996  0.00980972
0.117706  0.33613  0.00994485
0.117834  0.340328  0.0100824
0.117962  0.344593  0.0102225
0.118089  0.348924  0.010365
0.118217  0.353324  0.0105102
0.118344  0.357795  0.0106581
0.118472  0.362337  0.0108087
0.1186  0.366952  0.010962
0.118727  0.371641  0.0111182
0.118855  0.376407  0.0112774
0.118982  0.381251  0.0114395
0.11911  0.386175  0.0116047
0.119238  0.391179  0.011773
0.119365  0.396266  0.0119445
0.119493  0.401438  0.0121193
0.119621  0.406697  0.0122974
0.119748  0.412044  0.012479
0.119876  0.417481  0.012664
0.120003  0.423011  0.0128527
0.120131  0.428634  0.013045
0.120259  0.434354  0.0132411
0.120386  0.440172  0.013441
0.120514  0.44609  0.0136448
0.120641  0.452111  0.0138526
0.120769  0.458237  0.0140645
0.120897  0.46447  0.0142806
0.121024  0.470811  0.0145009
0.121152  0.477265  0.0147256
0.121279  0.483832  0.0149548
0.121407  0.490516  0.0151885
0.121535  0.497318  0.0154268
0.121662  0.504242  0.0156698
0.12179  0.51129  0.0159176
0.121917  0.518464  0.0161704
0.122045  0.525768  0.0164281
0.122173  0.533203  0.0166909
0.1223  0.540773  0.0169588
0.122428  0.54848  0.017232
0.122555  0.556326  0.0175104
0.122683  0.564316  0.0177943
0.122811  0.572451  0.0180837
0.122938  0.580735  0.0183786
0.123066  0.589171  0.0186792
0.123193  0.59776  0.0189854
0.123321  0.606507  0.0192973
0.123449  0.615414  0.019615
0.123576  0.624484  0.0199386
0.123704  0.63372  0.020268
0.123832  0.643125  0.0206033
0.123959  0.652701  0.0209445
0.124087  0.662453  0.0212916
0.124214  0.672382  0.0216446
0.124342  0.682492  0.0220034
0.12447  0.692784  0.0223682
0.124597  0.703263  0.0227387
0.124725  0.71393  0.023115
0.124852  0.724789  0.0234969
0.12498  0.735841  0.0238843
0.125108  0.747089  0.0242772
0.125235  0.758536  0.0246753
0.125363  0.770183  0.0250786
0.12549  0.782032  0.0254868
0.125618  0.794086  0.0258996
0.125746  0.806346  0.0263169
0.125873  0.818813  0.0267384
0.126001  0.831489  0.0271637
0.126128  0.844375  0.0275925
0.126256  0.857472  0.0280245
0.126384  0.87078  0.0284592
0.126511  0.884299  0.0288962
0.126639  0.898029  0.029335
0.126766  0.911971  0.0297752
0.126894  0.926122  0.030216
0.127022  0.940483  0.0306571
0.127149  0.955052  0.0310977
0.127277  0.969826  0.0315372
0.127405  0.984804  0.0319749
0.127532  0.999983  0.0324101
0.12766  1.01536  0.032842
0.127787  1.03093  0.0332699
0.127915  1.04669  0.0336928
0.128043  1.06264  0.0341101
0.12817  1.07877  0.0345208
0.128298  1.09507  0.0349241
0.128425  1.11154  0.035319
0.128553  1.12817  0.0357047
0.128681  1.14496  0.0360804
0.128808  1.1619  0.0364449
0.128936  1.17897  0.0367976
0.129063  1.19618  0.0371376
0.129191  1.21351  0.0374639
0.129319  1.23096  0.0377757
0.129446  1.24851  0.0380723
0.129574  1.26615  0.0383528
0.129701  1.28388  0.0386167
0.129829  1.30167  0.0388631
0.129957  1.31953  0.0390915
0.130084  1.33744  0.0393014
0.130212  1.35539  0.0394921
0.130339  1.37337  0.0396635
0.130467  1.39136  0.0398149
0.130595  1.40936  0.0399463
0.130722  1.42735  0.0400574
0.13085  1.44532  0.040148
0.130977  1.46326  0.0402182
0.131105  1.48116  0.0402679
0.131233  1.499  0.0402972
0.13136  1.51678  0.0403064
0.131488  1.53448  0.0402957
0.131616  1.5521  0.0402655
0.131743  1.56962  0.040216
0.131871  1.58703  0.0401478
0.131998  1.60433  0.0400613
0.132126  1.6215  0.0399572
0.132254  1.63854  0.039836
0.132381  1.65543  0.0396983
0.132509  1.67218  0.039545
0.132636  1.68876  0.0393766
0.132764  1.70519  0.0391939
0.132892  1.72144  0.0389976
0.133019  1.73752  0.0387887
0.133147  1.75341  0.0385677
0.133274  1.76912  0.0383355
0.133402  1.78463  0.038093
0.13353  1.79995  0.0378408
0.133657  1.81508  0.0375798
0.133785  1.83  0.0373106
0.133912  1.84472  0.0370341
0.13404  1.85923  0.036751
0.134168  1.87353  0.0364619
0.134295  1.88762  0.0361677
0.134423  1.9015  0.0358688
0.13455  1.91518  0.035566
0.134678  1.92864  0.0352598
0.134806  1.94189  0.0349509
0.134933  1.95493  0.0346398
0.135061  1.96775  0.0343269
0.135188  1.98037  0.0340129
0.135316  1.99279  0.0336981
0.135444  2.00499  0.033383
0.135571  2.01699  0.033068
0.135699  2.02878  0.0327535
0.135827  2.04038  0.0324399
0.135954  2.05177  0.0321273
0.136082  2.06297  0.0318163
0.136209  2.07397  0.031507
0.136337  2.08478  0.0311996
0.136465  2.0954  0.0308945
0.136592  2.10583  0.0305918
0.13672  2.11607  0.0302918
0.136847  2.12614  0.0299945
0.136975  2.13602  0.0297002
0.137103  2.14573  0.029409
0.13723  2.15527  0.029121
0.137358  2.16463  0.0288363
0.137485  2.17382  0.028555
0.137613  2.18286  0.0282772
0.137741  2.19172  0.028003
0.137868  2.20043  0.0277323
0.137996  2.20899  0.0274654
0.138123  2.21739  0.0272021
0.138251  2.22564  0.0269425
0.138379  2.23374  0.0266866
0.138506  2.2417  0.0264345
0.138634  2.24952  0.0261861
0.138761  2.25719  0.0259415
0.138889  2.26474  0.0257006
0.139017  2.27214  0.0254635
0.139144  2.27942  0.02523
0.139272  2.28657  0.0250002
0.139399  2.29359  0.0247741
0.139527  2.3005  0.0245516
0.139655  2.30728  0.0243327
0.139782  2.31394  0.0241173
0.13991  2.32049  0.0239054
0.140038  2.32692  0.023697
0.140165  2.33324  0.0234921
0.140293  2.33946  0.0232905
0.14042  2.34557  0.0230922
0.140548  2.35157  0.0228973
0.140676  2.35748  0.0227056
0.140803  2.36328  0.022517
0.140931  2.36899  0.0223317
0.141058  2.3746  0.0221494
0.141186  2.38012  0.0219701
0.141314  2.38554  0.0217939
0.141441  2.39088  0.0216206
0.141569  2.39613  0.0214502
0.141696  2.4013  0.0212826
0.141824  2.40638  0.0211178
0.141952  2.41137  0.0209558
0.142079  2.41629  0.0207964
0.142207  2.42113  0.0206397
0.142334  2.42589  0.0204856
0.142462  2.43058  0.020334
0.14259  2.43519  0.0201849
0.142717  2.43973  0.0200383
0.142845  2.4442  0.0198941
0.142972  2.4486  0.0197522
0.1431  2.45293  0.0196126
0.143228  2.45719  0.0194753
0.143355  2.46139  0.0193402
0.143483  2.46553  0.0192073
0.143611  2.4696  0.0190766
0.143738  2.47361  0.0189479
0.143866  2.47756  0.0188213
0.143993  2.48146  0.0186967
0.144121  2.48529  0.018574
0.144249  2.48907  0.0184533
0.144376  2.49279  0.0183345
0.144504  2.49646  0.0182176
0.144631  2.50007  0.0181025
0.144759  2.50364  0.0179891
0.144887  2.50715  0.0178775
0.145014  2.51061  0.0177676
0.145142  2.51402  0.0176594
0.145269  2.51739  0.0175529
0.145397  2.5207  0.0174479
0.145525  2.52397  0.0173446
0.145652  2.5272  0.0172428
0.14578  2.53038  0.0171425
0.145907  2.53351  0.0170437
0.146035  2.53661  0.0169464
0.146163  2.53966  0.0168505
0.14629  2.54267  0.016756
0.146418  2.54564  0.0166629
0.146545  2.54856  0.0165711
0.146673  2.55146  0.0164807
0.146801  2.55431  0.0163916
0.146928  2.55712  0.0163037
0.147056  2.5599  0.0162171
0.147183  2.56264  0.0161317
0.147311  2.56534  0.0160476
0.147439  2.56801  0.0159646
0.147566  2.57065  0.0158827
0.147694  2.57325  0.015802
0.147822  2.57582  0.0157224
0.147949  2.57836  0.0156439
0.148077  2.58086  0.0155665
0.148204  2.58333  0.0154902
0.148332  2.58578  0.0154148
0.14846  2.58819  0.0153405
0.148587  2.59057  0.0152672
0.148715  2.59292  0.0151948
0.148842  2.59525  0.0151234
0.14897  2.59754  0.015053
0.149098  2.59981  0.0149835
0.149225  2.60205  0.0149149
0.149353  2.60426  0.0148471
0.14948  2.60645  0.0147803
0.149608  2.60861  0.0147143
0.149736  2.61075  0.0146492
0.149863  2.61286  0.0145848
0.149991  2.61494  0.0145213
0.150118  2.61701  0.0144586
0.150246  2.61904  0.0143967
0.150374  2.62106  0.0143356
0.150501  2.62305  0.0142752
0.150629  2.62502  0.0142156
0.150756  2.62696  0.0141567
0.150884  2.62889  0.0140985
0.151012  2.63079  0.014041
0.151139  2.63267  0.0139842
0.151267  2.63453  0.0139281
0.151394  2.63637  0.0138727
0.151522  2.63819  0.0138179
0.15165  2.63999  0.0137638
0.151777  2.64177  0.0137103
0.151905  2.64353  0.0136575
0.152033  2.64527  0.0136052
0.15216  2.64699  0.0135536
0.152288  2.6487  0.0135026
0.152415  2.65038  0.0134522
0.152543  2.65205  0.0134023
0.152671  2.6537  0.013353
0.152798  2.65534  0.0133043
0.152926  2.65695  0.0132561
0.153053  2.65855  0.0132084
0.153181  2.66013  0.0131613
0.153309  2.6617  0.0131148
0.153436  2.66325  0.0130687
0.153564  2.66478  0.0130231
0.153691  2.6663  0.0129781
0.153819  2.6678  0.0129335
0.153947  2.66929  0.0128894
0.154074  2.67076  0.0128458
0.154202  2.67222  0.0128027
0.154329  2.67366  0.01276
0.154457  2.67509  0.0127178
0.154585  2.67651  0.012676
0.154712  2.67791  0.0126347
0.15484  2.6793  0.0125938
0.154967  2.68067  0.0125534
0.155095  2.68203  0.0125133
0.155223  2.68338  0.0124737
0.15535  2.68471  0.0124345
0.155478  2.68603  0.0123957
0.155606  2.68734  0.0123572
0.155733  2.68864  0.0123192
0.155861  2.68992  0.0122816
0.155988  2.69119  0.0122443
0.156116  2.69245  0.0122074
0.156244  2.6937  0.0121709
0.156371  2.69494  0.0121348
0.156499  2.69616  0.012099
0.156626  2.69737  0.0120635
0.156754  2.69858  0.0120284
0.156882  2.69977  0.0119937
0.157009  2.70095  0.0119593
0.157137  2.70212  0.0119252
0.157264  2.70328  0.0118915
0.157392  2.70442  0.0118581
0.15752  2.70556  0.011825
0.157647  2.70669  0.0117922
0.157775  2.70781  0.0117597
0.157902  2.70892  0.0117275
0.15803  2.71002  0.0116957
0.158158  2.7111  0.0116641
0.158285  2.71218  0.0116328
0.158413  2.71325  0.0116019
0.15854  2.71431  0.0115712
0.158668  2.71536  0.0115408
0.158796  2.71641  0.0115106
0.158923  2.71744  0.0114808
0.159051  2.71846  0.0114512
0.159178  2.71948  0.0114219
0.159306  2.72048  0.0113928
0.159434  2.72148  0.0113641
0.159561  2.72247  0.0113355
0.159689  2.72345  0.0113073
0.159817  2.72443  0.0112792
0.159944  2.72539  0.0112515
0.160072  2.72635  0.0112239
0.160199  2.7273  0.0111966
0.160327  2.72824  0.0111696
0.160455  2.72917  0.0111428
0.160582  2.7301  0.0111162
0.16071  2.73102  0.0110898
0.160837  2.73193  0.0110637
0.160965  2.73283  0.0110378
0.161093  2.73373  0.0110121
0.16122  2.73462  0.0109867
0.161348  2.7355  0.0109614
0.161475  2.73637  0.0109364
0.161603  2.73724  0.0109116
0.161731  2.7381  0.010887
0.161858  2.73896  0.0108626
0.161986  2.7398  0.0108384
0.162113  2.74064  0.0108144
0.162241  2.74148  0.0107906
0.162369  2.74231  0.0107669
0.162496  2.74313  0.0107435
0.162624  2.74394  0.0107203
0.162751  2.74475  0.0106973
0.162879  2.74555  0.0106744
0.163007  2.74635  0.0106517
0.163134  2.74714  0.0106293
0.163262  2.74792  0.010607
0.163389  2.7487  0.0105848
0.163517  2.74947  0.0105629
0.163645  2.75024  0.0105411
0.163772  2.751  0.0105195
0.1639  2.75176  0.0104981
0.164028  2.75251  0.0104768
0.164155  2.75325  0.0104557
0.164283  2.75399  0.0104348
0.16441  2.75472  0.010414
0.164538  2.75545  0.0103934
0.164666  2.75617  0.0103729
0.164793  2.75689  0.0103526
0.164921  2.7576  0.0103325
0.165048  2.7583  0.0103125
0.165176  2.75901  0.0102927
0.165304  2.7597  0.010273
0.165431  2.76039  0.0102534
0.165559  2.76108  0.010234
0.165686  2.76176  0.0102148
0.165814  2.76244  0.0101957
0.165942  2.76311  0.0101767
0.166069  2.76378  0.0101579
0.166197  2.76444  0.0101392
0.166324  2.7651  0.0101207
0.166452  2.76575  0.0101023
0.16658  2.7664  0.010084
0.166707  2.76704  0.0100659
0.166835  2.76768  0.0100478
0.166962  2.76832  0.01003
0.16709  2.76895  0.0100122
0.167218  2.76957  0.0099946
0.167345  2.7702  0.0099771
0.167473  2.77081  0.00995973
0.167601  2.77143  0.00994248
0.167728  2.77204  0.00992536
0.167856  2.77264  0.00990835
0.167983  2.77324  0.00989147
0.168111  2.77384  0.0098747
0.168239  2.77443  0.00985805
0.168366  2.77502  0.00984152
0.168494  2.77561  0.0098251
0.168621  2.77619  0.0098088
0.168749  2.77677  0.00979261
0.168877  2.77734  0.00977653
0.169004  2.77791  0.00976056
0.169132  2.77848  0.0097447
0.169259  2.77904  0.00972895
0.169387  2.7796  0.0097133
0.169515  2.78015  0.00969777
0.169642  2.78071  0.00968233
0.16977  2.78125  0.009667
0.169897  2.7818  0.00965178
0.170025  2.78234  0.00963665
0.170153  2.78288  0.00962163
0.17028  2.78341  0.00960671
0.170408  2.78394  0.00959188
0.170535  2.78447  0.00957716
0.170663  2.78499  0.00956253
0.170791  2.78551  0.00954799
0.170918  2.78603  0.00953356
0.171046  2.78654  0.00951921
0.171173  2.78706  0.00950496
0.171301  2.78756  0.00949081
0.171429  2.78807  0.00947674
0.171556  2.78857  0.00946277
0.171684  2.78907  0.00944888
0.171812  2.78956  0.00943509
0.171939  2.79005  0.00942138
0.172067  2.79054  0.00940776
0.172194  2.79103  0.00939423
0.172322  2.79151  0.00938078
0.17245  2.79199  0.00936742
0.172577  2.79247  0.00935414
0.172705  2.79294  0.00934094
0.172832  2.79342  0.00932783
0.17296  2.79388  0.0093148
0.173088  2.79435  0.00930186
0.173215  2.79481  0.00928899
0.173343  2.79527  0.0092762
0.17347  2.79573  0.00926349
0.173598  2.79619  0.00925086
0.173726  2.79664  0.00923831
0.173853  2.79709  0.00922583
0.173981  2.79753  0.00921343
0.174108  2.79798  0.00920111
0.174236  2.79842  0.00918886
0.174364  2.79886  0.00917668
0.174491  2.7993  0.00916458
0.174619  2.79973  0.00915255
0.174746  2.80016  0.00914059
0.174874  2.80059  0.00912871
0.175002  2.80102  0.00911689
0.175129  2.80144  0.00910515
0.175257  2.80186  0.00909348
0.175384  2.80228  0.00908187
0.175512  2.8027  0.00907034
0.17564  2.80311  0.00905887
0.175767  2.80352  0.00904747
0.175895  2.80393  0.00903614
0.176023  2.80434  0.00902487
0.17615  2.80475  0.00901367
0.176278  2.80515  0.00900253
0.176405  2.80555  0.00899146
0.176533  2.80595  0.00898045
0.176661  2.80634  0.00896951
0.176788  2.80674  0.00895862
0.176916  2.80713  0.00894781
0.177043  2.80752  0.00893705
0.177171  2.80791  0.00892635
0.177299  2.80829  0.00891572
0.177426  2.80867  0.00890514
0.177554  2.80905  0.00889463
0.177681  2.80943  0.00888417
0.177809  2.80981  0.00887378
0.177937  2.81018  0.00886344
0.178064  2.81056  0.00885316
0.178192  2.81093  0.00884294
0.178319  2.8113  0.00883277
0.178447  2.81166  0.00882267
0.178575  2.81203  0.00881261
0.178702  2.81239  0.00880262
0.17883  2.81275  0.00879267
0.178957  2.81311  0.00878279
0.179085  2.81347  0.00877295
0.179213  2.81382  0.00876318
0.17934  2.81418  0.00875345
0.179468  2.81453  0.00874378
0.179595  2.81488  0.00873416
0.179723  2.81522  0.00872459
0.179851  2.81557  0.00871507
0.179978  2.81591  0.00870561
0.180106  2.81626  0.0086962
0.180234  2.8166  0.00868683
0.180361  2.81693  0.00867752
0.180489  2.81727  0.00866826
0.180616  2.81761  0.00865904
0.180744  2.81794  0.00864988
0.180872  2.81827  0.00864076
0.180999  2.8186  0.00863169
0.181127  2.81893  0.00862267
0.181254  2.81926  0.0086137
0.181382  2.81958  0.00860478
0.18151  2.8199  0.0085959
0.181637  2.82023  0.00858707
0.181765  2.82055  0.00857828
0.181892  2.82086  0.00856954
0.18202  2.82118  0.00856084
0.182148  2.8215  0.00855219
0.182275  2.82181  0.00854359
0.182403  2.82212  0.00853503
0.18253  2.82243  0.00852651
0.182658  2.82274  0.00851804
0.182786  2.82305  0.00850961
0.182913  2.82335  0.00850122
0.183041  2.82366  0.00849288
0.183168  2.82396  0.00848458
0.183296  2.82426  0.00847632
0.183424  2.82456  0.0084681
0.183551  2.82486  0.00845992
0.183679  2.82516  0.00845179
0.183807  2.82545  0.00844369
0.183934  2.82575  0.00843564
0.184062  2.82604  0.00842763
0.184189  2.82633  0.00841965
0.184317  2.82662  0.00841172
0.184445  2.82691  0.00840382
0.184572  2.82719  0.00839597
0.1847  2.82748  0.00838815
0.184827  2.82776  0.00838037
0.184955  2.82805  0.00837263
0.185083  2.82833  0.00836493
0.18521  2.82861  0.00835727
0.185338  2.82889  0.00834964
0.185465  2.82916  0.00834205
0.185593  2.82944  0.0083345
0.185721  2.82972  0.00832699
0.185848  2.82999  0.00831951
0.185976  2.83026  0.00831206
0.186103  2.83053  0.00830466
0.186231  2.8308  0.00829729
0.186359  2.83107  0.00828995
0.186486  2.83134  0.00828265
0.186614  2.8316  0.00827538
0.186741  2.83187  0.00826815
0.186869  2.83213  0.00826095
0.186997  2.83239  0.00825379
0.187124  2.83265  0.00824666
0.187252  2.83291  0.00823957
0.187379  2.83317  0.00823251
0.187507  2.83343  0.00822548
0.187635  2.83369  0.00821848
0.187762  2.83394  0.00821152
0.18789  2.83419  0.00820459
0.188018  2.83445  0.00819769
0.188145  2.8347  0.00819083
0.188273  2.83495  0.00818399
0.1884  2.8352  0.00817719
0.188528  2.83545  0.00817042
0.188656  2.83569  0.00816368
0.188783  2.83594  0.00815698
0.188911  2.83618  0.0081503
0.189038  2.83643  0.00814365
0.189166  2.83667  0.00813704
0.189294  2.83691  0.00813045
0.189421  2.83715  0.00812389
0.189549  2.83739  0.00811737
0.189676  2.83763  0.00811087
0.189804  2.83787  0.00810441
0.189932  2.8381  0.00809797
0.190059  2.83834  0.00809156
0.190187  2.83857  0.00808518
0.190314  2.83881  0.00807883
0.190442  2.83904  0.00807251
0.19057  2.83927  0.00806621
0.190697  2.8395  0.00805995
0.190825  2.83973  0.00805371
0.190952  2.83996  0.0080475
0.19108  2.84018  0.00804132
0.191208  2.84041  0.00803516
0.191335  2.84063  0.00802904
0.191463  2.84086  0.00802294
0.19159  2.84108  0.00801686
0.191718  2.8413  0.00801081
0.191846  2.84152  0.00800479
0.191973  2.84175  0.0079988
0.192101  2.84196  0.00799283
0.192229  2.84218  0.00798689
0.192356  2.8424  0.00798097
0.192484  2.84262  0.00797508
0.192611  2.84283  0.00796922
0.192739  2.84305  0.00796338
0.192867  2.84326  0.00795756
0.192994  2.84347  0.00795178
0.193122  2.84369  0.00794601
0.193249  2.8439  0.00794027
0.193377  2.84411  0.00793456
0.193505  2.84432  0.00792887
0.193632  2.84452  0.0079232
0.19376  2.84473  0.00791756
0.193887  2.84494  0.00791194
0.194015  2.84514  0.00790635
0.194143  2.84535  0.00790078
0.19427  2.84555  0.00789523
0.194398  2.84576  0.00788971
0.194525  2.84596  0.00788421
0.194653  2.84616  0.00787873
0.194781  2.84636  0.00787328
0.194908  2.84656  0.00786784
0.195036  2.84676  0.00786244
0.195163  2.84696  0.00785705
0.195291  2.84716  0.00785169
0.195419  2.84735  0.00784635
0.195546  2.84755  0.00784103
0.195674  2.84774  0.00783573
0.195802  2.84794  0.00783045
0.195929  2.84813  0.0078252
0.196057  2.84832  0.00781997
0.196184  2.84852  0.00781476
0.196312  2.84871  0.00780957
0.19644  2.8489  0.0078044
0.196567  2.84909  0.00779926
0.196695  2.84928  0.00779413
0.196822  2.84947  0.00778903
0.19695  2.84965  0.00778394
0.197078  2.84984  0.00777888
0.197205  2.85002  0.00777384
0.197333  2.85021  0.00776882
0.19746  2.85039  0.00776381
0.197588  2.85058  0.00775883
0.197716  2.85076  0.00775387
0.197843  2.85094  0.00774893
0.197971  2.85112  0.00774401
0.198098  2.85131  0.00773911
0.198226  2.85149  0.00773422
0.198354  2.85167  0.00772936
0.198481  2.85184  0.00772452
0.198609  2.85202  0.00771969
0.198736  2.8522  0.00771489
0.198864  2.85238  0.0077101
0.198992  2.85255  0.00770533
0.199119  2.85273  0.00770058
0.199247  2.8529  0.00769585
0.199374  2.85308  0.00769114
0.199502  2.85325  0.00768645
0.19963  2.85342  0.00768177
0.199757  2.85359  0.00767712
0.199885  2.85376  0.00767248
0.200013  2.85393  0.00766786
0.20014  2.8541  0.00766326
0.200268  2.85427  0.00765867
0.200395  2.85444  0.00765411
0.200523  2.85461  0.00764956
0.200651  2.85478  0.00764503
0.200778  2.85494  0.00764051
0.200906  2.85511  0.00763602
0.201033  2.85528  0.00763154
0.201161  2.85544  0.00762708
0.201289  2.85561  0.00762263
0.201416  2.85577  0.0076182
0.201544  2.85593  0.00761379
0.201671  2.85609  0.0076094
0.201799  2.85626  0.00760502
0.201927  2.85642  0.00760066
0.202054  2.85658  0.00759631
0.202182  2.85674  0.00759199
0.202309  2.8569  0.00758768
0.202437  2.85706  0.00758338
0.202565  2.85721  0.0075791
0.202692  2.85737  0.00757484
0.20282  2.85753  0.00757059
0.202947  2.85768  0.00756636
0.203075  2.85784  0.00756214
0.203203  2.858  0.00755794
0.20333  2.85815  0.00755376
0.203458  2.8583  0.00754959
0.203585  2.85846  0.00754544
0.203713  2.85861  0.0075413
0.203841  2.85876  0.00753718
0.203968  2.85892  0.00753307
0.204096  2.85907  0.00752898
0.204224  2.85922  0.0075249
0.204351  2.85937  0.00752084
0.204479  2.85952  0.00751679
0.204606  2.85967  0.00751276
0.204734  2.85982  0.00750875
0.204862  2.85996  0.00750474
0.204989  2.86011  0.00750075
0.205117  2.86026  0.00749678
0.205244  2.86041  0.00749282
0.205372  2.86055  0.00748888
0.2055  2.8607  0.00748495
0.205627  2.86084  0.00748103
0.205755  2.86099  0.00747713
0.205882  2.86113  0.00747324
0.20601  2.86127  0.00746937
0.206138  2.86142  0.00746551
0.206265  2.86156  0.00746166
0.206393  2.8617  0.00745783
0.20652  2.86184  0.00745401
0.206648  2.86198  0.0074502
0.206776  2.86212  0.00744641
0.206903  2.86226  0.00744263
0.207031  2.8624  0.00743887
0.207158  2.86254  0.00743512
0.207286  2.86268  0.00743138
0.207414  2.86282  0.00742766
0.207541  2.86296  0.00742394
0.207669  2.86309  0.00742025
0.207796  2.86323  0.00741656
0.207924  2.86336  0.00741289
0.208052  2.8635  0.00740923
0.208179  2.86364  0.00740558
0.208307  2.86377  0.00740195
0.208435  2.8639  0.00739833
0.208562  2.86404  0.00739472
0.20869  2.86417  0.00739112
0.208817  2.8643  0.00738754
0.208945  2.86444  0.00738397
0.209073  2.86457  0.00738041
0.2092  2.8647  0.00737686
0.209328  2.86483  0.00737333
0.209455  2.86496  0.00736981
0.209583  2.86509  0.0073663
0.209711  2.86522  0.0073628
0.209838  2.86535  0.00735931
0.209966  2.86548  0.00735584
0.210093  2.86561  0.00735238
0.210221  2.86574  0.00734893
0.210349  2.86586  0.00734549
0.210476  2.86599  0.00734206
0.210604  2.86612  0.00733865
0.210731  2.86624  0.00733524
0.210859  2.86637  0.00733185
0.210987  2.86649  0.00732847
0.211114  2.86662  0.0073251
0.211242  2.86674  0.00732174
0.211369  2.86687  0.0073184
0.211497  2.86699  0.00731506
0.211625  2.86711  0.00731174
0.211752  2.86724  0.00730843
0.21188  2.86736  0.00730512
0.212008  2.86748  0.00730183
0.212135  2.8676  0.00729855
0.212263  2.86772  0.00729529
0.21239  2.86785  0.00729203
0.212518  2.86797  0.00728878
0.212646  2.86809  0.00728555
0.212773  2.86821  0.00728232
0.212901  2.86833  0.00727911
0.213028  2.86844  0.0072759
0.213156  2.86856  0.00727271
0.213284  2.86868  0.00726953
0.213411  2.8688  0.00726635
0.213539  2.86892  0.00726319
0.213666  2.86903  0.00726004
0.213794  2.86915  0.0072569
0.213922  2.86927  0.00725377
0.214049  2.86938  0.00725065
0.214177  2.8695  0.00724754
0.214304  2.86961  0.00724444
0.214432  2.86973  0.00724135
0.21456  2.86984  0.00723827
0.214687  2.86996  0.0072352
0.214815  2.87007  0.00723214
0.214942  2.87018  0.00722909
0.21507  2.87029  0.00722605
0.215198  2.87041  0.00722302
0.215325  2.87052  0.00721999
0.215453  2.87063  0.00721698
0.21558  2.87074  0.00721398
0.215708  2.87085  0.00721099
0.215836  2.87096  0.00720801
0.215963  2.87108  0.00720504
0.216091  2.87119  0.00720207
0.216219  2.87129  0.00719912
0.216346  2.8714  0.00719617
0.216474  2.87151  0.00719324
0.216601  2.87162  0.00719031
0.216729  2.87173  0.0071874
0.216857  2.87184  0.00718449
0.216984  2.87195  0.00718159
0.217112  2.87205  0.0071787
0.217239  2.87216  0.00717582
0.217367  2.87227  0.00717295
0.217495  2.87237  0.00717009
0.217622  2.87248  0.00716724
0.21775  2.87259  0.0071644
0.217877  2.87269  0.00716156
0.218005  2.8728  0.00715874
0.218133  2.8729  0.00715592
0.21826  2.873  0.00715311
0.218388  2.87311  0.00715031
0.218515  2.87321  0.00714752
0.218643  2.87332  0.00714474
0.218771  2.87342  0.00714196
0.218898  2.87352  0.0071392
0.219026  2.87362  0.00713644
0.219153  2.87373  0.0071337
0.219281  2.87383  0.00713096
0.219409  2.87393  0.00712823
0.219536  2.87403  0.0071255
0.219664  2.87413  0.00712279
0.219791  2.87423  0.00712008
0.219919  2.87433  0.00711739
0.220047  2.87443  0.0071147
0.220174  2.87453  0.00711202
0.220302  2.87463  0.00710934
0.22043  2.87473  0.00710668
0.220557  2.87483  0.00710402
0.220685  2.87493  0.00710137
0.220812  2.87503  0.00709873
0.22094  2.87512  0.0070961
0.221068  2.87522  0.00709348
0.221195  2.87532  0.00709086
0.221323  2.87542  0.00708825
0.22145  2.87551  0.00708565
0.221578  2.87561  0.00708306
0.221706  2.87571  0.00708047
0.221833  2.8758  0.0070779
0.221961  2.8759  0.00707533
0.222088  2.87599  0.00707277
0.222216  2.87609  0.00707021
0.222344  2.87618  0.00706767
0.222471  2.87628  0.00706513
0.222599  2.87637  0.0070626
0.222726  2.87646  0.00706007
0.222854  2.87656  0.00705756
0.222982  2.87665  0.00705505
0.223109  2.87674  0.00705255
0.223237  2.87684  0.00705005
0.223364  2.87693  0.00704756
0.223492  2.87702  0.00704509
0.22362  2.87711  0.00704261
0.223747  2.87721  0.00704015
0.223875  2.8773  0.00703769
0.224003  2.87739  0.00703524
0.22413  2.87748  0.0070328
0.224258  2.87757  0.00703036
0.224385  2.87766  0.00702793
0.224513  2.87775  0.00702551
0.224641  2.87784  0.0070231
0.224768  2.87793  0.00702069
0.224896  2.87802  0.00701829
0.225023  2.87811  0.0070159
0.225151  2.8782  0.00701351
0.225279  2.87829  0.00701113
0.225406  2.87837  0.00700876
0.225534  2.87846  0.00700639
0.225661  2.87855  0.00700403
0.225789  2.87864  0.00700168
0.225917  2.87872  0.00699934
0.226044  2.87881  0.006997
0.226172  2.8789  0.00699467
0.226299  2.87898  0.00699234
0.226427  2.87907  0.00699002
0.226555  2.87916  0.00698771
0.226682  2.87924  0.00698541
0.22681  2.87933  0.00698311
0.226937  2.87941  0.00698081
0.227065  2.8795  0.00697853
0.227193  2.87958  0.00697625
0.22732  2.87967  0.00697398
0.227448  2.87975  0.00697171
0.227575  2.87984  0.00696945
0.227703  2.87992  0.0069672
0.227831  2.88  0.00696495
0.227958  2.88009  0.00696271
0.228086  2.88017  0.00696048
0.228214  2.88025  0.00695825
0.228341  2.88034  0.00695603
0.228469  2.88042  0.00695381
0.228596  2.8805  0.0069516
0.228724  2.88058  0.0069494
0.228852  2.88067  0.0069472
0.228979  2.88075  0.00694501
0.229107  2.88083  0.00694283
0.229234  2.88091  0.00694065
0.229362  2.88099  0.00693848
0.22949  2.88107  0.00693631
0.229617  2.88115  0.00693415
0.229745  2.88123  0.006932
0.229872  2.88131  0.00692985
0.23  2.88139  0.00692771
