0.077  -0.000907125  2.03864e-05
0.0771276  -0.000799235  1.79658e-05
0.0772552  -0.000695815  1.56447e-05
0.0773828  -0.000597112  1.34286e-05
0.0775104  -0.000503409  1.1324e-05
0.077638  -0.000415038  9.33831e-06
0.0777656  -0.000332397  7.48069e-06
0.0778932  -0.000255976  5.76218e-06
0.0780209  -0.000186395  4.19688e-06
0.0781485  -0.000124486  2.8036e-06
0.0782761  -7.14427e-05  1.60938e-06
0.0784037  -2.92296e-05  6.58612e-07
0.0785313  -2.30547e-06  5.19604e-08
0.0786589  1.47472e-05  3.32453e-07
0.0787865  5.11969e-05  1.15444e-06
0.0789141  0.00010023  2.26065e-06
0.0790417  0.00015927  3.59317e-06
0.0791693  0.00022692  5.12066e-06
0.0792969  0.000302272  6.82277e-06
0.0794245  0.000384675  8.68493e-06
0.0795521  0.000473634  1.06961e-05
0.0796797  0.000568759  1.28476e-05
0.0798073  0.000669733  1.51324e-05
0.0799349  0.000776291  1.75446e-05
0.0800626  0.000888209  2.00792e-05
0.0801902  0.00100529  2.27321e-05
0.0803178  0.00112738  2.54995e-05
0.0804454  0.00125432  2.83783e-05
0.080573  0.00138599  3.13655e-05
0.0807006  0.00152227  3.44588e-05
0.0808282  0.00166306  3.76559e-05
0.0809558  0.00180826  4.09548e-05
0.0810834  0.0019578  4.43537e-05
0.081211  0.00211159  4.7851e-05
0.0813386  0.00226958  5.14453e-05
0.0814662  0.00243168  5.51352e-05
0.0815938  0.00259786  5.89195e-05
0.0817214  0.00276805  6.27971e-05
0.081849  0.00294221  6.67671e-05
0.0819766  0.0031203  7.08286e-05
0.0821043  0.00330227  7.49807e-05
0.0822319  0.00348809  7.92226e-05
0.0823595  0.00367772  8.35539e-05
0.0824871  0.00387113  8.79737e-05
0.0826147  0.0040683  9.24816e-05
0.0827423  0.00426919  9.70771e-05
0.0828699  0.00447379  0.00010176
0.0829975  0.00468206  0.000106529
0.0831251  0.004894  0.000111385
0.0832527  0.00510958  0.000116326
0.0833803  0.00532878  0.000121354
0.0835079  0.00555159  0.000126467
0.0836355  0.005778  0.000131665
0.0837631  0.006008  0.000136949
0.0838907  0.00624156  0.000142318
0.0840183  0.00647869  0.000147771
0.084146  0.00671937  0.00015331
0.0842736  0.00696359  0.000158933
0.0844012  0.00721136  0.000164641
0.0845288  0.00746266  0.000170434
0.0846564  0.0077175  0.000176312
0.084784  0.00797586  0.000182274
0.0849116  0.00823774  0.000188321
0.0850392  0.00850315  0.000194454
0.0851668  0.00877208  0.000200671
0.0852944  0.00904453  0.000206974
0.085422  0.0093205  0.000213362
0.0855496  0.0096  0.000219836
0.0856772  0.00988303  0.000226396
0.0858048  0.0101696  0.000233042
0.0859324  0.0104597  0.000239774
0.0860601  0.0107533  0.000246592
0.0861877  0.0110505  0.000253497
0.0863153  0.0113512  0.000260489
0.0864429  0.0116555  0.000267569
0.0865705  0.0119633  0.000274736
0.0866981  0.0122747  0.000281991
0.0868257  0.0125897  0.000289335
0.0869533  0.0129083  0.000296767
0.0870809  0.0132305  0.000304289
0.0872085  0.0135562  0.0003119
0.0873361  0.0138856  0.000319601
0.0874637  0.0142187  0.000327392
0.0875913  0.0145553  0.000335274
0.0877189  0.0148957  0.000343247
0.0878465  0.0152396  0.000351313
0.0879741  0.0155873  0.00035947
0.0881018  0.0159387  0.00036772
0.0882294  0.0162937  0.000376064
0.088357  0.0166525  0.000384501
0.0884846  0.017015  0.000393033
0.0886122  0.0173813  0.00040166
0.0887398  0.0177514  0.000410383
0.0888674  0.0181252  0.000419201
0.088995  0.0185028  0.000428117
0.0891226  0.0188843  0.00043713
0.0892502  0.0192696  0.000446241
0.0893778  0.0196587  0.000455451
0.0895054  0.0200518  0.000464761
0.089633  0.0204487  0.00047417
0.0897606  0.0208495  0.000483681
0.0898882  0.0212543  0.000493293
0.0900158  0.0216631  0.000503008
0.0901435  0.0220758  0.000512826
0.0902711  0.0224925  0.000522748
0.0903987  0.0229133  0.000532775
0.0905263  0.0233381  0.000542907
0.0906539  0.023767  0.000553146
0.0907815  0.0242  0.000563492
0.0909091  0.0246371  0.000573947
0.0910367  0.0250783  0.00058451
0.0911643  0.0255238  0.000595184
0.0912919  0.0259734  0.000605969
0.0914195  0.0264273  0.000616865
0.0915471  0.0268854  0.000627874
0.0916747  0.0273478  0.000638998
0.0918023  0.0278145  0.000650236
0.0919299  0.0282856  0.00066159
0.0920575  0.028761  0.000673061
0.0921852  0.0292408  0.000684651
0.0923128  0.0297251  0.000696359
0.0924404  0.0302138  0.000708188
0.092568  0.030707  0.000720138
0.0926956  0.0312048  0.000732211
0.0928232  0.0317071  0.000744407
0.0929508  0.032214  0.000756729
0.0930784  0.0327255  0.000769176
0.093206  0.0332417  0.000781752
0.0933336  0.0337626  0.000794455
0.0934612  0.0342883  0.000807289
0.0935888  0.0348187  0.000820255
0.0937164  0.0353539  0.000833353
0.093844  0.0358939  0.000846585
0.0939716  0.0364388  0.000859953
0.0940992  0.0369887  0.000873457
0.0942269  0.0375435  0.0008871
0.0943545  0.0381033  0.000900883
0.0944821  0.0386682  0.000914807
0.0946097  0.0392382  0.000928875
0.0947373  0.0398132  0.000943086
0.0948649  0.0403935  0.000957444
0.0949925  0.0409789  0.000971949
0.0951201  0.0415697  0.000986604
0.0952477  0.0421657  0.00100141
0.0953753  0.0427671  0.00101637
0.0955029  0.0433738  0.00103148
0.0956305  0.043986  0.00104675
0.0957581  0.0446037  0.00106218
0.0958857  0.045227  0.00107777
0.0960133  0.0458558  0.00109352
0.096141  0.0464903  0.00110943
0.0962686  0.0471305  0.00112551
0.0963962  0.0477764  0.00114176
0.0965238  0.0484281  0.00115817
0.0966514  0.0490856  0.00117476
0.096779  0.0497491  0.00119153
0.0969066  0.0504185  0.00120846
0.0970342  0.0510939  0.00122558
0.0971618  0.0517754  0.00124288
0.0972894  0.0524631  0.00126036
0.097417  0.0531569  0.00127803
0.0975446  0.053857  0.00129588
0.0976722  0.0545634  0.00131393
0.0977998  0.0552761  0.00133216
0.0979274  0.0559953  0.00135059
0.098055  0.056721  0.00136922
0.0981827  0.0574533  0.00138805
0.0983103  0.0581922  0.00140708
0.0984379  0.0589377  0.00142632
0.0985655  0.0596901  0.00144577
0.0986931  0.0604493  0.00146542
0.0988207  0.0612154  0.0014853
0.0989483  0.0619884  0.00150538
0.0990759  0.0627685  0.00152569
0.0992035  0.0635558  0.00154622
0.0993311  0.0643502  0.00156698
0.0994587  0.0651519  0.00158797
0.0995863  0.0659609  0.00160919
0.0997139  0.0667774  0.00163064
0.0998415  0.0676014  0.00165234
0.0999691  0.068433  0.00167427
0.100097  0.0692722  0.00169646
0.100224  0.0701192  0.00171889
0.100352  0.070974  0.00174158
0.10048  0.0718368  0.00176452
0.100607  0.0727076  0.00178772
0.100735  0.0735864  0.00181119
0.100862  0.0744735  0.00183493
0.10099  0.0753689  0.00185894
0.101118  0.0762726  0.00188323
0.101245  0.0771848  0.0019078
0.101373  0.0781056  0.00193266
0.1015  0.079035  0.0019578
0.101628  0.0799732  0.00198324
0.101756  0.0809203  0.00200898
0.101883  0.0818764  0.00203502
0.102011  0.0828415  0.00206138
0.102138  0.0838159  0.00208804
0.102266  0.0847995  0.00211502
0.102394  0.0857925  0.00214233
0.102521  0.0867951  0.00216997
0.102649  0.0878072  0.00219794
0.102776  0.0888292  0.00222624
0.102904  0.089861  0.0022549
0.103032  0.0909027  0.0022839
0.103159  0.0919546  0.00231326
0.103287  0.0930168  0.00234299
0.103415  0.0940893  0.00237308
0.103542  0.0951722  0.00240355
0.10367  0.0962658  0.0024344
0.103797  0.0973702  0.00246563
0.103925  0.0984854  0.00249726
0.104053  0.0996117  0.00252929
0.10418  0.100749  0.00256173
0.104308  0.101898  0.00259459
0.104435  0.103058  0.00262786
0.104563  0.10423  0.00266157
0.104691  0.105414  0.00269571
0.104818  0.106609  0.0027303
0.104946  0.107817  0.00276534
0.105073  0.109036  0.00280084
0.105201  0.110268  0.00283682
0.105329  0.111513  0.00287327
0.105456  0.112771  0.0029102
0.105584  0.114041  0.00294763
0.105711  0.115324  0.00298557
0.105839  0.116621  0.00302402
0.105967  0.117931  0.00306299
0.106094  0.119255  0.0031025
0.106222  0.120592  0.00314255
0.106349  0.121944  0.00318316
0.106477  0.123309  0.00322432
0.106605  0.124689  0.00326607
0.106732  0.126084  0.0033084
0.10686  0.127493  0.00335132
0.106987  0.128917  0.00339486
0.107115  0.130357  0.00343901
0.107243  0.131812  0.0034838
0.10737  0.133282  0.00352924
0.107498  0.134769  0.00357533
0.107626  0.136272  0.00362209
0.107753  0.13779  0.00366954
0.107881  0.139326  0.00371768
0.108008  0.140878  0.00376654
0.108136  0.142448  0.00381612
0.108264  0.144034  0.00386645
0.108391  0.145639  0.00391753
0.108519  0.147261  0.00396939
0.108646  0.148901  0.00402203
0.108774  0.150559  0.00407548
0.108902  0.152237  0.00412975
0.109029  0.153933  0.00418486
0.109157  0.155648  0.00424082
0.109284  0.157383  0.00429766
0.109412  0.159138  0.00435539
0.10954  0.160913  0.00441404
0.109667  0.162708  0.00447361
0.109795  0.164525  0.00453414
0.109922  0.166362  0.00459564
0.11005  0.168221  0.00465814
0.110178  0.170101  0.00472165
0.110305  0.172004  0.0047862
0.110433  0.173929  0.00485181
0.11056  0.175877  0.0049185
0.110688  0.177848  0.0049863
0.110816  0.179843  0.00505524
0.110943  0.181862  0.00512534
0.111071  0.183905  0.00519662
0.111198  0.185973  0.00526911
0.111326  0.188066  0.00534285
0.111454  0.190185  0.00541785
0.111581  0.19233  0.00549415
0.111709  0.194501  0.00557178
0.111837  0.1967  0.00565077
0.111964  0.198926  0.00573115
0.112092  0.201179  0.00581295
0.112219  0.203461  0.00589621
0.112347  0.205772  0.00598096
0.112475  0.208112  0.00606724
0.112602  0.210482  0.00615508
0.11273  0.212883  0.00624452
0.112857  0.215314  0.00633561
0.112985  0.217777  0.00642837
0.113113  0.220271  0.00652285
0.11324  0.222799  0.00661909
0.113368  0.225359  0.00671714
0.113495  0.227953  0.00681704
0.113623  0.230582  0.00691883
0.113751  0.233246  0.00702257
0.113878  0.235945  0.00712829
0.114006  0.238681  0.00723606
0.114133  0.241453  0.00734591
0.114261  0.244264  0.00745792
0.114389  0.247112  0.00757212
0.114516  0.25  0.00768857
0.114644  0.252927  0.00780733
0.114771  0.255895  0.00792847
0.114899  0.258905  0.00805204
0.115027  0.261956  0.0081781
0.115154  0.26505  0.00830671
0.115282  0.268188  0.00843796
0.11541  0.271371  0.00857189
0.115537  0.274599  0.00870859
0.115665  0.277873  0.00884812
0.115792  0.281195  0.00899056
0.11592  0.284565  0.00913598
0.116048  0.287984  0.00928447
0.116175  0.291453  0.00943611
0.116303  0.294973  0.00959097
0.11643  0.298545  0.00974914
0.116558  0.30217  0.00991072
0.116686  0.305849  0.0100758
0.116813  0.309584  0.0102444
0.116941  0.313374  0.0104168
0.117068  0.317223  0.0105929
0.117196  0.32113  0.0107729
0.117324  0.325097  0.0109569
0.117451  0.329125  0.011145
0.117579  0.333216  0.0113372
0.117706  0.33737  0.0115338
0.117834  0.341589  0.0117349
0.117962  0.345875  0.0119404
0.118089  0.350228  0.0121507
0.118217  0.354651  0.0123658
0.118344  0.359144  0.0125858
0.118472  0.363709  0.0128108
0.1186  0.368347  0.0130411
0.118727  0.373061  0.0132767
0.118855  0.377852  0.0135178
0.118982  0.382721  0.0137645
0.11911  0.38767  0.014017
0.119238  0.3927  0.0142754
0.119365  0.397814  0.01454
0.119493  0.403014  0.0148108
0.119621  0.4083  0.015088
0.119748  0.413676  0.0153718
0.119876  0.419142  0.0156624
0.120003  0.424701  0.0159599
0.120131  0.430355  0.0162646
0.120259  0.436105  0.0165765
0.120386  0.441955  0.016896
0.120514  0.447906  0.0172231
0.120641  0.453959  0.0175581
0.120769  0.460119  0.0179012
0.120897  0.466385  0.0182525
0.121024  0.472762  0.0186124
0.121152  0.479251  0.0189809
0.121279  0.485855  0.0193583
0.121407  0.492576  0.0197448
0.121535  0.499416  0.0201406
0.121662  0.506379  0.0205459
0.12179  0.513466  0.020961
0.121917  0.520681  0.0213859
0.122045  0.528025  0.0218211
0.122173  0.535502  0.0222665
0.1223  0.543115  0.0227226
0.122428  0.550865  0.0231894
0.122555  0.558757  0.0236672
0.122683  0.566792  0.0241561
0.122811  0.574973  0.0246564
0.122938  0.583304  0.0251683
0.123066  0.591787  0.0256918
0.123193  0.600425  0.0262273
0.123321  0.609222  0.0267748
0.123449  0.618179  0.0273345
0.123576  0.627301  0.0279065
0.123704  0.636589  0.0284909
0.123832  0.646047  0.0290879
0.123959  0.655678  0.0296975
0.124087  0.665484  0.0303197
0.124214  0.675469  0.0309547
0.124342  0.685635  0.0316024
0.12447  0.695985  0.0322628
0.124597  0.706521  0.0329359
0.124725  0.717247  0.0336215
0.124852  0.728165  0.0343195
0.12498  0.739278  0.0350299
0.125108  0.750587  0.0357524
0.125235  0.762095  0.0364867
0.125363  0.773804  0.0372325
0.12549  0.785716  0.0379896
0.125618  0.797832  0.0387575
0.125746  0.810156  0.0395358
0.125873  0.822687  0.0403238
0.126001  0.835427  0.0411212
0.126128  0.848377  0.0419271
0.126256  0.861538  0.042741
0.126384  0.874909  0.043562
0.126511  0.888493  0.0443892
0.126639  0.902287  0.0452218
0.126766  0.916292  0.0460587
0.126894  0.930507  0.0468989
0.127022  0.94493  0.0477411
0.127149  0.959561  0.0485841
0.127277  0.974396  0.0494267
0.127405  0.989435  0.0502675
0.127532  1.00467  0.051105
0.12766  1.02011  0.0519376
0.127787  1.03574  0.0527638
0.127915  1.05155  0.053582
0.128043  1.06755  0.0543904
0.12817  1.08373  0.0551873
0.128298  1.10008  0.0559709
0.128425  1.1166  0.0567394
0.128553  1.13328  0.057491
0.128681  1.15011  0.0582239
0.128808  1.16709  0.0589361
0.128936  1.1842  0.0596259
0.129063  1.20145  0.0602915
0.129191  1.21881  0.0609311
0.129319  1.23628  0.0615429
0.129446  1.25386  0.0621254
0.129574  1.27152  0.0626769
0.129701  1.28927  0.063196
0.129829  1.30708  0.0636812
0.129957  1.32495  0.0641313
0.130084  1.34287  0.064545
0.130212  1.36083  0.0649214
0.130339  1.37881  0.0652595
0.130467  1.3968  0.0655587
0.130595  1.41479  0.0658182
0.130722  1.43277  0.0660376
0.13085  1.45073  0.0662167
0.130977  1.46865  0.0663552
0.131105  1.48652  0.0664532
0.131233  1.50434  0.0665109
0.13136  1.5221  0.0665286
0.131488  1.53977  0.0665068
0.131616  1.55735  0.0664461
0.131743  1.57483  0.0663472
0.131871  1.59221  0.066211
0.131998  1.60946  0.0660385
0.132126  1.62659  0.0658308
0.132254  1.64358  0.0655892
0.132381  1.66042  0.0653148
0.132509  1.67712  0.065009
0.132636  1.69365  0.0646733
0.132764  1.71002  0.0643092
0.132892  1.72621  0.063918
0.133019  1.74223  0.0635015
0.133147  1.75806  0.0630612
0.133274  1.7737  0.0625985
0.133402  1.78916  0.0621152
0.13353  1.80441  0.0616127
0.133657  1.81947  0.0610926
0.133785  1.83433  0.0605565
0.133912  1.84898  0.0600058
0.13404  1.86342  0.0594421
0.134168  1.87765  0.0588666
0.134295  1.89168  0.0582809
0.134423  1.9055  0.0576862
0.13455  1.9191  0.0570838
0.134678  1.93249  0.0564749
0.134806  1.94567  0.0558607
0.134933  1.95865  0.0552423
0.135061  1.97141  0.0546208
0.135188  1.98396  0.0539971
0.135316  1.99631  0.0533722
0.135444  2.00844  0.052747
0.135571  2.02038  0.0521223
0.135699  2.03211  0.0514988
0.135827  2.04364  0.0508772
0.135954  2.05497  0.0502584
0.136082  2.06611  0.0496427
0.136209  2.07705  0.0490309
0.136337  2.0878  0.0484233
0.136465  2.09835  0.0478206
0.136592  2.10873  0.047223
0.13672  2.11892  0.0466311
0.136847  2.12892  0.0460451
0.136975  2.13875  0.0454653
0.137103  2.1484  0.0448921
0.13723  2.15789  0.0443256
0.137358  2.1672  0.0437661
0.137485  2.17634  0.0432138
0.137613  2.18532  0.0426689
0.137741  2.19414  0.0421314
0.137868  2.2028  0.0416014
0.137996  2.21131  0.0410791
0.138123  2.21966  0.0405645
0.138251  2.22786  0.0400577
0.138379  2.23592  0.0395587
0.138506  2.24383  0.0390676
0.138634  2.25161  0.0385842
0.138761  2.25924  0.0381087
0.138889  2.26674  0.0376409
0.139017  2.27411  0.0371809
0.139144  2.28135  0.0367287
0.139272  2.28846  0.036284
0.139399  2.29544  0.035847
0.139527  2.30231  0.0354176
0.139655  2.30905  0.0349955
0.139782  2.31568  0.0345809
0.13991  2.32219  0.0341735
0.140038  2.32859  0.0337734
0.140165  2.33488  0.0333804
0.140293  2.34106  0.0329944
0.14042  2.34714  0.0326153
0.140548  2.35311  0.032243
0.140676  2.35898  0.0318775
0.140803  2.36476  0.0315185
0.140931  2.37044  0.0311661
0.141058  2.37602  0.03082
0.141186  2.38151  0.0304803
0.141314  2.38691  0.0301467
0.141441  2.39222  0.0298192
0.141569  2.39744  0.0294976
0.141696  2.40258  0.0291819
0.141824  2.40763  0.028872
0.141952  2.41261  0.0285677
0.142079  2.4175  0.0282689
0.142207  2.42232  0.0279756
0.142334  2.42705  0.0276875
0.142462  2.43172  0.0274047
0.14259  2.43631  0.027127
0.142717  2.44083  0.0268544
0.142845  2.44527  0.0265866
0.142972  2.44965  0.0263237
0.1431  2.45396  0.0260655
0.143228  2.45821  0.0258119
0.143355  2.46239  0.0255628
0.143483  2.4665  0.0253182
0.143611  2.47056  0.0250779
0.143738  2.47455  0.0248419
0.143866  2.47848  0.0246101
0.143993  2.48236  0.0243823
0.144121  2.48618  0.0241586
0.144249  2.48994  0.0239388
0.144376  2.49364  0.0237228
0.144504  2.49729  0.0235106
0.144631  2.50089  0.023302
0.144759  2.50444  0.023097
0.144887  2.50794  0.0228956
0.145014  2.51138  0.0226977
0.145142  2.51478  0.0225031
0.145269  2.51813  0.0223118
0.145397  2.52143  0.0221238
0.145525  2.52469  0.0219389
0.145652  2.5279  0.0217572
0.14578  2.53107  0.0215785
0.145907  2.53419  0.0214028
0.146035  2.53727  0.02123
0.146163  2.54031  0.02106
0.14629  2.54331  0.0208929
0.146418  2.54626  0.0207285
0.146545  2.54918  0.0205668
0.146673  2.55206  0.0204077
0.146801  2.5549  0.0202512
0.146928  2.5577  0.0200972
0.147056  2.56047  0.0199457
0.147183  2.5632  0.0197967
0.147311  2.56589  0.01965
0.147439  2.56855  0.0195056
0.147566  2.57118  0.0193635
0.147694  2.57377  0.0192236
0.147822  2.57633  0.0190859
0.147949  2.57886  0.0189504
0.148077  2.58135  0.018817
0.148204  2.58381  0.0186856
0.148332  2.58625  0.0185562
0.14846  2.58865  0.0184288
0.148587  2.59102  0.0183034
0.148715  2.59337  0.0181798
0.148842  2.59568  0.0180581
0.14897  2.59797  0.0179383
0.149098  2.60023  0.0178202
0.149225  2.60246  0.0177039
0.149353  2.60467  0.0175893
0.14948  2.60685  0.0174764
0.149608  2.609  0.0173651
0.149736  2.61113  0.0172555
0.149863  2.61323  0.0171475
0.149991  2.61531  0.017041
0.150118  2.61737  0.016936
0.150246  2.6194  0.0168326
0.150374  2.6214  0.0167306
0.150501  2.62339  0.0166301
0.150629  2.62535  0.016531
0.150756  2.62729  0.0164333
0.150884  2.62921  0.016337
0.151012  2.6311  0.016242
0.151139  2.63298  0.0161483
0.151267  2.63483  0.0160559
0.151394  2.63667  0.0159648
0.151522  2.63848  0.0158749
0.15165  2.64027  0.0157862
0.151777  2.64205  0.0156988
0.151905  2.6438  0.0156125
0.152033  2.64554  0.0155274
0.15216  2.64725  0.0154434
0.152288  2.64895  0.0153605
0.152415  2.65063  0.0152787
0.152543  2.6523  0.015198
0.152671  2.65394  0.0151184
0.152798  2.65557  0.0150398
0.152926  2.65718  0.0149622
0.153053  2.65877  0.0148857
0.153181  2.66035  0.0148101
0.153309  2.66191  0.0147354
0.153436  2.66346  0.0146618
0.153564  2.66499  0.014589
0.153691  2.6665  0.0145172
0.153819  2.668  0.0144463
0.153947  2.66948  0.0143763
0.154074  2.67095  0.0143071
0.154202  2.6724  0.0142388
0.154329  2.67384  0.0141713
0.154457  2.67527  0.0141047
0.154585  2.67668  0.0140389
0.154712  2.67807  0.0139739
0.15484  2.67946  0.0139097
0.154967  2.68083  0.0138462
0.155095  2.68218  0.0137835
0.155223  2.68353  0.0137216
0.15535  2.68486  0.0136604
0.155478  2.68617  0.0135999
0.155606  2.68748  0.0135402
0.155733  2.68877  0.0134811
0.155861  2.69005  0.0134228
0.155988  2.69132  0.0133651
0.156116  2.69258  0.0133081
0.156244  2.69382  0.0132517
0.156371  2.69505  0.013196
0.156499  2.69628  0.0131409
0.156626  2.69749  0.0130865
0.156754  2.69868  0.0130327
0.156882  2.69987  0.0129794
0.157009  2.70105  0.0129268
0.157137  2.70222  0.0128748
0.157264  2.70337  0.0128233
0.157392  2.70452  0.0127725
0.15752  2.70565  0.0127221
0.157647  2.70678  0.0126724
0.157775  2.70789  0.0126232
0.157902  2.709  0.0125745
0.15803  2.71009  0.0125263
0.158158  2.71118  0.0124787
0.158285  2.71226  0.0124316
0.158413  2.71332  0.012385
0.15854  2.71438  0.0123389
0.158668  2.71543  0.0122932
0.158796  2.71647  0.0122481
0.158923  2.7175  0.0122034
0.159051  2.71852  0.0121592
0.159178  2.71953  0.0121155
0.159306  2.72054  0.0120722
0.159434  2.72153  0.0120294
0.159561  2.72252  0.011987
0.159689  2.7235  0.0119451
0.159817  2.72447  0.0119036
0.159944  2.72543  0.0118625
0.160072  2.72639  0.0118218
0.160199  2.72733  0.0117815
0.160327  2.72827  0.0117417
0.160455  2.7292  0.0117022
0.160582  2.73013  0.0116631
0.16071  2.73104  0.0116245
0.160837  2.73195  0.0115862
0.160965  2.73285  0.0115483
0.161093  2.73375  0.0115107
0.16122  2.73464  0.0114736
0.161348  2.73552  0.0114368
0.161475  2.73639  0.0114003
0.161603  2.73725  0.0113642
0.161731  2.73811  0.0113285
0.161858  2.73896  0.0112931
0.161986  2.73981  0.011258
0.162113  2.74065  0.0112233
0.162241  2.74148  0.0111889
0.162369  2.74231  0.0111548
0.162496  2.74313  0.0111211
0.162624  2.74394  0.0110876
0.162751  2.74475  0.0110545
0.162879  2.74555  0.0110217
0.163007  2.74634  0.0109892
0.163134  2.74713  0.010957
0.163262  2.74791  0.0109251
0.163389  2.74869  0.0108935
0.163517  2.74946  0.0108621
0.163645  2.75022  0.0108311
0.163772  2.75098  0.0108003
0.1639  2.75174  0.0107698
0.164028  2.75248  0.0107396
0.164155  2.75323  0.0107097
0.164283  2.75396  0.01068
0.16441  2.75469  0.0106506
0.164538  2.75542  0.0106215
0.164666  2.75614  0.0105926
0.164793  2.75686  0.010564
0.164921  2.75757  0.0105356
0.165048  2.75827  0.0105074
0.165176  2.75897  0.0104796
0.165304  2.75967  0.0104519
0.165431  2.76036  0.0104245
0.165559  2.76104  0.0103973
0.165686  2.76172  0.0103704
0.165814  2.7624  0.0103437
0.165942  2.76307  0.0103172
0.166069  2.76373  0.010291
0.166197  2.76439  0.0102649
0.166324  2.76505  0.0102391
0.166452  2.7657  0.0102135
0.16658  2.76635  0.0101882
0.166707  2.76699  0.010163
0.166835  2.76763  0.010138
0.166962  2.76826  0.0101133
0.16709  2.76889  0.0100887
0.167218  2.76952  0.0100644
0.167345  2.77014  0.0100402
0.167473  2.77076  0.0100163
0.167601  2.77137  0.00999255
0.167728  2.77198  0.00996899
0.167856  2.77258  0.00994562
0.167983  2.77318  0.00992244
0.168111  2.77378  0.00989945
0.168239  2.77437  0.00987664
0.168366  2.77496  0.00985401
0.168494  2.77554  0.00983156
0.168621  2.77612  0.00980929
0.168749  2.7767  0.0097872
0.168877  2.77727  0.00976528
0.169004  2.77784  0.00974353
0.169132  2.7784  0.00972195
0.169259  2.77897  0.00970055
0.169387  2.77952  0.0096793
0.169515  2.78008  0.00965822
0.169642  2.78063  0.00963731
0.16977  2.78118  0.00961655
0.169897  2.78172  0.00959596
0.170025  2.78226  0.00957552
0.170153  2.7828  0.00955524
0.17028  2.78333  0.00953511
0.170408  2.78386  0.00951513
0.170535  2.78438  0.0094953
0.170663  2.78491  0.00947563
0.170791  2.78543  0.0094561
0.170918  2.78594  0.00943672
0.171046  2.78646  0.00941748
0.171173  2.78697  0.00939838
0.171301  2.78747  0.00937943
0.171429  2.78798  0.00936061
0.171556  2.78848  0.00934193
0.171684  2.78898  0.00932339
0.171812  2.78947  0.00930499
0.171939  2.78996  0.00928672
0.172067  2.79045  0.00926858
0.172194  2.79093  0.00925057
0.172322  2.79142  0.0092327
0.17245  2.7919  0.00921495
0.172577  2.79237  0.00919733
0.172705  2.79285  0.00917983
0.172832  2.79332  0.00916246
0.17296  2.79378  0.00914522
0.173088  2.79425  0.00912809
0.173215  2.79471  0.00911109
0.173343  2.79517  0.0090942
0.17347  2.79563  0.00907744
0.173598  2.79608  0.00906079
0.173726  2.79653  0.00904426
0.173853  2.79698  0.00902784
0.173981  2.79743  0.00901154
0.174108  2.79787  0.00899535
0.174236  2.79831  0.00897927
0.174364  2.79875  0.0089633
0.174491  2.79919  0.00894744
0.174619  2.79962  0.00893169
0.174746  2.80005  0.00891604
0.174874  2.80048  0.00890051
0.175002  2.8009  0.00888507
0.175129  2.80133  0.00886974
0.175257  2.80175  0.00885452
0.175384  2.80217  0.0088394
0.175512  2.80258  0.00882437
0.17564  2.803  0.00880945
0.175767  2.80341  0.00879463
0.175895  2.80382  0.0087799
0.176023  2.80422  0.00876528
0.17615  2.80463  0.00875075
0.176278  2.80503  0.00873631
0.176405  2.80543  0.00872197
0.176533  2.80583  0.00870772
0.176661  2.80622  0.00869357
0.176788  2.80662  0.00867951
0.176916  2.80701  0.00866554
0.177043  2.8074  0.00865166
0.177171  2.80778  0.00863787
0.177299  2.80817  0.00862416
0.177426  2.80855  0.00861055
0.177554  2.80893  0.00859702
0.177681  2.80931  0.00858358
0.177809  2.80968  0.00857022
0.177937  2.81006  0.00855695
0.178064  2.81043  0.00854376
0.178192  2.8108  0.00853066
0.178319  2.81117  0.00851764
0.178447  2.81153  0.0085047
0.178575  2.8119  0.00849184
0.178702  2.81226  0.00847906
0.17883  2.81262  0.00846636
0.178957  2.81298  0.00845373
0.179085  2.81334  0.00844119
0.179213  2.81369  0.00842872
0.17934  2.81404  0.00841633
0.179468  2.81439  0.00840402
0.179595  2.81474  0.00839178
0.179723  2.81509  0.00837962
0.179851  2.81543  0.00836753
0.179978  2.81578  0.00835551
0.180106  2.81612  0.00834357
0.180234  2.81646  0.0083317
0.180361  2.8168  0.0083199
0.180489  2.81713  0.00830817
0.180616  2.81747  0.00829651
0.180744  2.8178  0.00828492
0.180872  2.81813  0.0082734
0.180999  2.81846  0.00826194
0.181127  2.81879  0.00825056
0.181254  2.81912  0.00823924
0.181382  2.81944  0.00822799
0.18151  2.81976  0.00821681
0.181637  2.82008  0.00820569
0.181765  2.8204  0.00819463
0.181892  2.82072  0.00818364
0.18202  2.82104  0.00817272
0.182148  2.82135  0.00816185
0.182275  2.82167  0.00815106
0.182403  2.82198  0.00814032
0.18253  2.82229  0.00812964
0.182658  2.8226  0.00811903
0.182786  2.8229  0.00810848
0.182913  2.82321  0.00809798
0.183041  2.82351  0.00808755
0.183168  2.82381  0.00807717
0.183296  2.82411  0.00806686
0.183424  2.82441  0.0080566
0.183551  2.82471  0.0080464
0.183679  2.82501  0.00803626
0.183807  2.8253  0.00802618
0.183934  2.8256  0.00801615
0.184062  2.82589  0.00800618
0.184189  2.82618  0.00799626
0.184317  2.82647  0.0079864
0.184445  2.82676  0.00797659
0.184572  2.82704  0.00796684
0.1847  2.82733  0.00795714
0.184827  2.82761  0.00794749
0.184955  2.82789  0.0079379
0.185083  2.82818  0.00792836
0.18521  2.82846  0.00791887
0.185338  2.82873  0.00790944
0.185465  2.82901  0.00790005
0.185593  2.82929  0.00789072
0.185721  2.82956  0.00788143
0.185848  2.82983  0.0078722
0.185976  2.83011  0.00786302
0.186103  2.83038  0.00785388
0.186231  2.83065  0.0078448
0.186359  2.83091  0.00783576
0.186486  2.83118  0.00782677
0.186614  2.83145  0.00781783
0.186741  2.83171  0.00780893
0.186869  2.83197  0.00780009
0.186997  2.83224  0.00779129
0.187124  2.8325  0.00778253
0.187252  2.83276  0.00777383
0.187379  2.83301  0.00776517
0.187507  2.83327  0.00775655
0.187635  2.83353  0.00774798
0.187762  2.83378  0.00773945
0.18789  2.83403  0.00773097
0.188018  2.83429  0.00772253
0.188145  2.83454  0.00771414
0.188273  2.83479  0.00770578
0.1884  2.83504  0.00769748
0.188528  2.83529  0.00768921
0.188656  2.83553  0.00768099
0.188783  2.83578  0.0076728
0.188911  2.83602  0.00766467
0.189038  2.83627  0.00765657
0.189166  2.83651  0.00764851
0.189294  2.83675  0.00764049
0.189421  2.83699  0.00763252
0.189549  2.83723  0.00762458
0.189676  2.83747  0.00761669
0.189804  2.8377  0.00760883
0.189932  2.83794  0.00760101
0.190059  2.83817  0.00759324
0.190187  2.83841  0.0075855
0.190314  2.83864  0.0075778
0.190442  2.83887  0.00757014
0.19057  2.8391  0.00756251
0.190697  2.83933  0.00755493
0.190825  2.83956  0.00754738
0.190952  2.83979  0.00753987
0.19108  2.84002  0.00753239
0.191208  2.84024  0.00752495
0.191335  2.84047  0.00751755
0.191463  2.84069  0.00751019
0.19159  2.84091  0.00750286
0.191718  2.84113  0.00749556
0.191846  2.84136  0.0074883
0.191973  2.84158  0.00748108
0.192101  2.84179  0.00747389
0.192229  2.84201  0.00746674
0.192356  2.84223  0.00745962
0.192484  2.84245  0.00745253
0.192611  2.84266  0.00744548
0.192739  2.84288  0.00743846
0.192867  2.84309  0.00743148
0.192994  2.8433  0.00742452
0.193122  2.84351  0.00741761
0.193249  2.84372  0.00741072
0.193377  2.84393  0.00740387
0.193505  2.84414  0.00739705
0.193632  2.84435  0.00739026
0.19376  2.84456  0.0073835
0.193887  2.84477  0.00737678
0.194015  2.84497  0.00737008
0.194143  2.84518  0.00736342
0.19427  2.84538  0.00735679
0.194398  2.84558  0.00735019
0.194525  2.84579  0.00734362
0.194653  2.84599  0.00733708
0.194781  2.84619  0.00733057
0.194908  2.84639  0.00732409
0.195036  2.84659  0.00731764
0.195163  2.84678  0.00731122
0.195291  2.84698  0.00730483
0.195419  2.84718  0.00729847
0.195546  2.84737  0.00729213
0.195674  2.84757  0.00728583
0.195802  2.84776  0.00727956
0.195929  2.84796  0.00727331
0.196057  2.84815  0.00726709
0.196184  2.84834  0.0072609
0.196312  2.84853  0.00725474
0.19644  2.84872  0.0072486
0.196567  2.84891  0.0072425
0.196695  2.8491  0.00723642
0.196822  2.84929  0.00723037
0.19695  2.84947  0.00722434
0.197078  2.84966  0.00721834
0.197205  2.84985  0.00721237
0.197333  2.85003  0.00720642
0.19746  2.85022  0.0072005
0.197588  2.8504  0.00719461
0.197716  2.85058  0.00718874
0.197843  2.85076  0.0071829
0.197971  2.85095  0.00717709
0.198098  2.85113  0.0071713
0.198226  2.85131  0.00716553
0.198354  2.85148  0.00715979
0.198481  2.85166  0.00715408
0.198609  2.85184  0.00714839
0.198736  2.85202  0.00714272
0.198864  2.85219  0.00713708
0.198992  2.85237  0.00713147
0.199119  2.85255  0.00712588
0.199247  2.85272  0.00712031
0.199374  2.85289  0.00711476
0.199502  2.85307  0.00710924
0.19963  2.85324  0.00710375
0.199757  2.85341  0.00709827
0.199885  2.85358  0.00709282
0.200013  2.85375  0.0070874
0.20014  2.85392  0.00708199
0.200268  2.85409  0.00707661
0.200395  2.85426  0.00707126
0.200523  2.85443  0.00706592
0.200651  2.85459  0.00706061
0.200778  2.85476  0.00705532
0.200906  2.85493  0.00705005
0.201033  2.85509  0.00704481
0.201161  2.85526  0.00703958
0.201289  2.85542  0.00703438
0.201416  2.85558  0.0070292
0.201544  2.85575  0.00702404
0.201671  2.85591  0.0070189
0.201799  2.85607  0.00701379
0.201927  2.85623  0.00700869
0.202054  2.85639  0.00700362
0.202182  2.85655  0.00699857
0.202309  2.85671  0.00699353
0.202437  2.85687  0.00698852
0.202565  2.85703  0.00698353
0.202692  2.85719  0.00697856
0.20282  2.85734  0.00697361
0.202947  2.8575  0.00696868
0.203075  2.85765  0.00696377
0.203203  2.85781  0.00695888
0.20333  2.85796  0.00695401
0.203458  2.85812  0.00694916
0.203585  2.85827  0.00694433
0.203713  2.85842  0.00693952
0.203841  2.85858  0.00693473
0.203968  2.85873  0.00692995
0.204096  2.85888  0.0069252
0.204224  2.85903  0.00692047
0.204351  2.85918  0.00691575
0.204479  2.85933  0.00691105
0.204606  2.85948  0.00690638
0.204734  2.85963  0.00690172
0.204862  2.85978  0.00689708
0.204989  2.85992  0.00689245
0.205117  2.86007  0.00688785
0.205244  2.86022  0.00688326
0.205372  2.86036  0.0068787
0.2055  2.86051  0.00687415
0.205627  2.86065  0.00686961
0.205755  2.8608  0.0068651
0.205882  2.86094  0.0068606
0.20601  2.86108  0.00685613
0.206138  2.86123  0.00685166
0.206265  2.86137  0.00684722
0.206393  2.86151  0.00684279
0.20652  2.86165  0.00683838
0.206648  2.86179  0.00683399
0.206776  2.86193  0.00682962
0.206903  2.86207  0.00682526
0.207031  2.86221  0.00682091
0.207158  2.86235  0.00681659
0.207286  2.86249  0.00681228
0.207414  2.86263  0.00680799
0.207541  2.86276  0.00680371
0.207669  2.8629  0.00679945
0.207796  2.86304  0.00679521
0.207924  2.86317  0.00679098
0.208052  2.86331  0.00678677
0.208179  2.86344  0.00678258
0.208307  2.86358  0.0067784
0.208435  2.86371  0.00677424
0.208562  2.86385  0.00677009
0.20869  2.86398  0.00676596
0.208817  2.86411  0.00676184
0.208945  2.86424  0.00675774
0.209073  2.86438  0.00675366
0.2092  2.86451  0.00674959
0.209328  2.86464  0.00674553
0.209455  2.86477  0.00674149
0.209583  2.8649  0.00673747
0.209711  2.86503  0.00673346
0.209838  2.86516  0.00672946
0.209966  2.86529  0.00672548
0.210093  2.86541  0.00672152
0.210221  2.86554  0.00671757
0.210349  2.86567  0.00671363
0.210476  2.8658  0.00670971
0.210604  2.86592  0.0067058
0.210731  2.86605  0.00670191
0.210859  2.86617  0.00669803
0.210987  2.8663  0.00669417
0.211114  2.86642  0.00669032
0.211242  2.86655  0.00668648
0.211369  2.86667  0.00668266
0.211497  2.8668  0.00667885
0.211625  2.86692  0.00667506
0.211752  2.86704  0.00667128
0.21188  2.86716  0.00666751
0.212008  2.86729  0.00666376
0.212135  2.86741  0.00666002
0.212263  2.86753  0.00665629
0.21239  2.86765  0.00665258
0.212518  2.86777  0.00664888
0.212646  2.86789  0.00664519
0.212773  2.86801  0.00664152
0.212901  2.86813  0.00663786
0.213028  2.86825  0.00663421
0.213156  2.86837  0.00663058
0.213284  2.86848  0.00662696
0.213411  2.8686  0.00662335
0.213539  2.86872  0.00661975
0.213666  2.86884  0.00661617
0.213794  2.86895  0.0066126
0.213922  2.86907  0.00660904
0.214049  2.86918  0.0066055
0.214177  2.8693  0.00660197
0.214304  2.86941  0.00659845
0.214432  2.86953  0.00659494
0.21456  2.86964  0.00659144
0.214687  2.86976  0.00658796
0.214815  2.86987  0.00658449
0.214942  2.86998  0.00658103
0.21507  2.8701  0.00657759
0.215198  2.87021  0.00657415
0.215325  2.87032  0.00657073
0.215453  2.87043  0.00656732
0.21558  2.87054  0.00656392
0.215708  2.87066  0.00656053
0.215836  2.87077  0.00655715
0.215963  2.87088  0.00655379
0.216091  2.87099  0.00655044
0.216219  2.8711  0.0065471
0.216346  2.87121  0.00654377
0.216474  2.87131  0.00654045
0.216601  2.87142  0.00653714
0.216729  2.87153  0.00653384
0.216857  2.87164  0.00653056
0.216984  2.87175  0.00652729
0.217112  2.87185  0.00652402
0.217239  2.87196  0.00652077
0.217367  2.87207  0.00651753
0.217495  2.87217  0.0065143
0.217622  2.87228  0.00651109
0.21775  2.87238  0.00650788
0.217877  2.87249  0.00650468
0.218005  2.87259  0.0065015
0.218133  2.8727  0.00649832
0.21826  2.8728  0.00649516
0.218388  2.87291  0.006492
0.218515  2.87301  0.00648886
0.218643  2.87311  0.00648573
0.218771  2.87322  0.0064826
0.218898  2.87332  0.00647949
0.219026  2.87342  0.00647639
0.219153  2.87352  0.0064733
0.219281  2.87363  0.00647022
0.219409  2.87373  0.00646714
0.219536  2.87383  0.00646408
0.219664  2.87393  0.00646103
0.219791  2.87403  0.00645799
0.219919  2.87413  0.00645496
0.220047  2.87423  0.00645194
0.220174  2.87433  0.00644893
0.220302  2.87443  0.00644593
0.22043  2.87453  0.00644294
0.220557  2.87463  0.00643996
0.220685  2.87473  0.00643698
0.220812  2.87482  0.00643402
0.22094  2.87492  0.00643107
0.221068  2.87502  0.00642813
0.221195  2.87512  0.00642519
0.221323  2.87521  0.00642227
0.22145  2.87531  0.00641935
0.221578  2.87541  0.00641645
0.221706  2.8755  0.00641355
0.221833  2.8756  0.00641067
0.221961  2.87569  0.00640779
0.222088  2.87579  0.00640492
0.222216  2.87588  0.00640206
0.222344  2.87598  0.00639921
0.222471  2.87607  0.00639637
0.222599  2.87617  0.00639354
0.222726  2.87626  0.00639072
0.222854  2.87635  0.0063879
0.222982  2.87645  0.0063851
0.223109  2.87654  0.0063823
0.223237  2.87663  0.00637952
0.223364  2.87673  0.00637674
0.223492  2.87682  0.00637397
0.22362  2.87691  0.00637121
0.223747  2.877  0.00636846
0.223875  2.87709  0.00636571
0.224003  2.87718  0.00636298
0.22413  2.87727  0.00636025
0.224258  2.87737  0.00635754
0.224385  2.87746  0.00635483
0.224513  2.87755  0.00635213
0.224641  2.87764  0.00634944
0.224768  2.87772  0.00634675
0.224896  2.87781  0.00634408
0.225023  2.8779  0.00634141
0.225151  2.87799  0.00633875
0.225279  2.87808  0.0063361
0.225406  2.87817  0.00633346
0.225534  2.87826  0.00633082
0.225661  2.87834  0.0063282
0.225789  2.87843  0.00632558
0.225917  2.87852  0.00632297
0.226044  2.87861  0.00632037
0.226172  2.87869  0.00631777
0.226299  2.87878  0.00631519
0.226427  2.87887  0.00631261
0.226555  2.87895  0.00631004
0.226682  2.87904  0.00630748
0.22681  2.87912  0.00630492
0.226937  2.87921  0.00630238
0.227065  2.87929  0.00629984
0.227193  2.87938  0.00629731
0.22732  2.87946  0.00629478
0.227448  2.87955  0.00629227
0.227575  2.87963  0.00628976
0.227703  2.87971  0.00628726
0.227831  2.8798  0.00628477
0.227958  2.87988  0.00628228
0.228086  2.87997  0.0062798
0.228214  2.88005  0.00627733
0.228341  2.88013  0.00627487
0.228469  2.88021  0.00627241
0.228596  2.8803  0.00626996
0.228724  2.88038  0.00626752
0.228852  2.88046  0.00626509
0.228979  2.88054  0.00626266
0.229107  2.88062  0.00626024
0.229234  2.8807  0.00625783
0.229362  2.88078  0.00625542
0.22949  2.88086  0.00625303
0.229617  2.88094  0.00625063
0.229745  2.88103  0.00624825
0.229872  2.88111  0.00624587
0.23  2.88118  0.0062435
