0.077  -0.000905626  1.77234e-05
0.0771276  -0.000797912  1.56202e-05
0.0772552  -0.000694661  1.36032e-05
0.0773828  -0.00059612  1.16772e-05
0.0775104  -0.000502572  9.84775e-06
0.077638  -0.000414347  8.12156e-06
0.0777656  -0.000331843  6.50647e-06
0.0778932  -0.000255548  5.01214e-06
0.0780209  -0.000186083  3.65087e-06
0.0781485  -0.000124277  2.43904e-06
0.0782761  -7.13228e-05  1.40022e-06
0.0784037  -2.91805e-05  5.73061e-07
0.0785313  -2.30159e-06  4.52144e-08
0.0786589  1.47224e-05  2.89314e-07
0.0787865  5.11104e-05  1.00472e-06
0.0789141  0.000100061  1.96762e-06
0.0790417  0.000159  3.12765e-06
0.0791693  0.000226535  4.4576e-06
0.0792969  0.000301759  5.93978e-06
0.0794245  0.00038402  7.56155e-06
0.0795521  0.000472827  9.31334e-06
0.0796797  0.000567789  1.11876e-05
0.0798073  0.000668588  1.31783e-05
0.0799349  0.000774962  1.52802e-05
0.0800626  0.000886686  1.74891e-05
0.0801902  0.00100357  1.98014e-05
0.0803178  0.00112544  2.22138e-05
0.0804454  0.00125216  2.47236e-05
0.080573  0.0013836  2.73285e-05
0.0807006  0.00151964  3.00261e-05
0.0808282  0.00166018  3.28147e-05
0.0809558  0.00180513  3.56924e-05
0.0810834  0.0019544  3.86578e-05
0.081211  0.00210792  4.17095e-05
0.0813386  0.00226562  4.48463e-05
0.0814662  0.00242744  4.80669e-05
0.0815938  0.00259332  5.13704e-05
0.0817214  0.00276321  5.47559e-05
0.081849  0.00293706  5.82226e-05
0.0819766  0.00311482  6.17696e-05
0.0821043  0.00329647  6.53963e-05
0.0822319  0.00348195  6.9102e-05
0.0823595  0.00367123  7.28862e-05
0.0824871  0.0038643  7.67485e-05
0.0826147  0.0040611  8.06882e-05
0.0827423  0.00426163  8.47051e-05
0.0828699  0.00446585  8.87988e-05
0.0829975  0.00467374  9.29689e-05
0.0831251  0.00488529  9.72151e-05
0.0832527  0.00510047  0.000101537
0.0833803  0.00531926  0.000105935
0.0835079  0.00554166  0.000110408
0.0836355  0.00576765  0.000114957
0.0837631  0.00599721  0.000119581
0.0838907  0.00623034  0.00012428
0.0840183  0.00646702  0.000129054
0.084146  0.00670725  0.000133904
0.0842736  0.00695102  0.000138828
0.0844012  0.00719831  0.000143827
0.0845288  0.00744914  0.000148901
0.0846564  0.00770349  0.00015405
0.084784  0.00796136  0.000159275
0.0849116  0.00822274  0.000164575
0.0850392  0.00848764  0.00016995
0.0851668  0.00875605  0.0001754
0.0852944  0.00902798  0.000180926
0.085422  0.00930342  0.000186528
0.0855496  0.00958238  0.000192206
0.0856772  0.00986485  0.00019796
0.0858048  0.0101509  0.000203791
0.0859324  0.0104404  0.000209698
0.0860601  0.0107334  0.000215682
0.0861877  0.01103  0.000221743
0.0863153  0.0113301  0.000227881
0.0864429  0.0116338  0.000234097
0.0865705  0.0119411  0.000240391
0.0866981  0.0122519  0.000246764
0.0868257  0.0125662  0.000253215
0.0869533  0.0128842  0.000259745
0.0870809  0.0132057  0.000266354
0.0872085  0.0135308  0.000273043
0.0873361  0.0138596  0.000279813
0.0874637  0.0141919  0.000286663
0.0875913  0.0145279  0.000293593
0.0877189  0.0148675  0.000300606
0.0878465  0.0152108  0.0003077
0.0879741  0.0155578  0.000314877
0.0881018  0.0159084  0.000322136
0.0882294  0.0162627  0.000329479
0.088357  0.0166208  0.000336905
0.0884846  0.0169826  0.000344416
0.0886122  0.0173481  0.000352012
0.0887398  0.0177174  0.000359694
0.0888674  0.0180904  0.000367461
0.088995  0.0184673  0.000375315
0.0891226  0.0188479  0.000383256
0.0892502  0.0192324  0.000391285
0.0893778  0.0196208  0.000399403
0.0895054  0.020013  0.000407609
0.089633  0.0204091  0.000415905
0.0897606  0.0208091  0.000424292
0.0898882  0.021213  0.00043277
0.0900158  0.0216209  0.000441339
0.0901435  0.0220327  0.000450001
0.0902711  0.0224486  0.000458757
0.0903987  0.0228684  0.000467606
0.0905263  0.0232923  0.00047655
0.0906539  0.0237203  0.00048559
0.0907815  0.0241523  0.000494725
0.0909091  0.0245885  0.000503958
0.0910367  0.0250288  0.000513289
0.0911643  0.0254732  0.000522719
0.0912919  0.0259219  0.000532248
0.0914195  0.0263748  0.000541878
0.0915471  0.0268319  0.00055161
0.0916747  0.0272933  0.000561444
0.0918023  0.027759  0.000571381
0.0919299  0.028229  0.000581422
0.0920575  0.0287033  0.000591568
0.0921852  0.0291821  0.000601821
0.0923128  0.0296653  0.000612181
0.0924404  0.0301529  0.000622649
0.092568  0.030645  0.000633226
0.0926956  0.0311417  0.000643914
0.0928232  0.0316428  0.000654713
0.0929508  0.0321486  0.000665624
0.0930784  0.032659  0.000676649
0.093206  0.033174  0.000687789
0.0933336  0.0336937  0.000699045
0.0934612  0.0342181  0.000710418
0.0935888  0.0347473  0.00072191
0.0937164  0.0352812  0.00073352
0.093844  0.03582  0.000745252
0.0939716  0.0363637  0.000757106
0.0940992  0.0369123  0.000769083
0.0942269  0.0374658  0.000781186
0.0943545  0.0380243  0.000793414
0.0944821  0.0385879  0.000805769
0.0946097  0.0391565  0.000818254
0.0947373  0.0397302  0.000830869
0.0948649  0.0403091  0.000843615
0.0949925  0.0408931  0.000856495
0.0951201  0.0414824  0.00086951
0.0952477  0.042077  0.000882661
0.0953753  0.042677  0.00089595
0.0955029  0.0432823  0.000909378
0.0956305  0.043893  0.000922947
0.0957581  0.0445092  0.000936659
0.0958857  0.045131  0.000950516
0.0960133  0.0457583  0.000964518
0.096141  0.0463912  0.000978669
0.0962686  0.0470298  0.000992969
0.0963962  0.0476741  0.00100742
0.0965238  0.0483242  0.00102203
0.0966514  0.0489801  0.00103679
0.096779  0.0496419  0.0010517
0.0969066  0.0503097  0.00106678
0.0970342  0.0509834  0.00108202
0.0971618  0.0516632  0.00109742
0.0972894  0.0523492  0.00111298
0.097417  0.0530412  0.00112872
0.0975446  0.0537395  0.00114462
0.0976722  0.0544441  0.0011607
0.0977998  0.0551551  0.00117694
0.0979274  0.0558725  0.00119337
0.098055  0.0565963  0.00120997
0.0981827  0.0573267  0.00122675
0.0983103  0.0580637  0.00124372
0.0984379  0.0588073  0.00126087
0.0985655  0.0595577  0.00127821
0.0986931  0.0603149  0.00129575
0.0988207  0.061079  0.00131347
0.0989483  0.0618501  0.00133139
0.0990759  0.0626281  0.00134951
0.0992035  0.0634133  0.00136783
0.0993311  0.0642056  0.00138636
0.0994587  0.0650052  0.00140509
0.0995863  0.0658121  0.00142403
0.0997139  0.0666264  0.00144319
0.0998415  0.0674482  0.00146256
0.0999691  0.0682775  0.00148215
0.100097  0.0691145  0.00150196
0.100224  0.0699592  0.001522
0.100352  0.0708117  0.00154227
0.10048  0.0716721  0.00156276
0.100607  0.0725405  0.0015835
0.100735  0.073417  0.00160447
0.100862  0.0743016  0.00162569
0.10099  0.0751945  0.00164715
0.101118  0.0760957  0.00166886
0.101245  0.0770054  0.00169083
0.101373  0.0779236  0.00171305
0.1015  0.0788505  0.00173554
0.101628  0.079786  0.00175829
0.101756  0.0807305  0.00178131
0.101883  0.0816838  0.0018046
0.102011  0.0826462  0.00182817
0.102138  0.0836178  0.00185203
0.102266  0.0845986  0.00187617
0.102394  0.0855888  0.0019006
0.102521  0.0865885  0.00192533
0.102649  0.0875977  0.00195036
0.102776  0.0886167  0.0019757
0.102904  0.0896455  0.00200134
0.103032  0.0906842  0.0020273
0.103159  0.091733  0.00205359
0.103287  0.0927921  0.0020802
0.103415  0.0938614  0.00210714
0.103542  0.0949412  0.00213441
0.10367  0.0960315  0.00216203
0.103797  0.0971326  0.00219
0.103925  0.0982445  0.00221833
0.104053  0.0993674  0.00224701
0.10418  0.100501  0.00227606
0.104308  0.101647  0.00230548
0.104435  0.102803  0.00233528
0.104563  0.103972  0.00236547
0.104691  0.105152  0.00239605
0.104818  0.106343  0.00242703
0.104946  0.107547  0.00245842
0.105073  0.108763  0.00249021
0.105201  0.109992  0.00252243
0.105329  0.111232  0.00255508
0.105456  0.112486  0.00258817
0.105584  0.113752  0.0026217
0.105711  0.115032  0.00265568
0.105839  0.116324  0.00269012
0.105967  0.11763  0.00272503
0.106094  0.118949  0.00276041
0.106222  0.120283  0.00279628
0.106349  0.12163  0.00283265
0.106477  0.122991  0.00286952
0.106605  0.124366  0.00290691
0.106732  0.125756  0.00294482
0.10686  0.127161  0.00298326
0.106987  0.128581  0.00302225
0.107115  0.130016  0.00306178
0.107243  0.131466  0.00310189
0.10737  0.132932  0.00314257
0.107498  0.134413  0.00318383
0.107626  0.135911  0.0032257
0.107753  0.137424  0.00326817
0.107881  0.138955  0.00331127
0.108008  0.140502  0.003355
0.108136  0.142066  0.00339937
0.108264  0.143647  0.00344441
0.108391  0.145246  0.00349012
0.108519  0.146862  0.00353651
0.108646  0.148497  0.00358361
0.108774  0.15015  0.00363142
0.108902  0.151821  0.00367995
0.109029  0.153511  0.00372924
0.109157  0.155221  0.00377928
0.109284  0.15695  0.0038301
0.109412  0.158698  0.00388171
0.10954  0.160467  0.00393412
0.109667  0.162256  0.00398737
0.109795  0.164065  0.00404145
0.109922  0.165896  0.00409639
0.11005  0.167748  0.00415222
0.110178  0.169622  0.00420894
0.110305  0.171518  0.00426658
0.110433  0.173436  0.00432515
0.11056  0.175376  0.00438468
0.110688  0.17734  0.00444519
0.110816  0.179328  0.0045067
0.110943  0.181339  0.00456923
0.111071  0.183375  0.00463281
0.111198  0.185435  0.00469745
0.111326  0.18752  0.00476319
0.111454  0.189631  0.00483003
0.111581  0.191768  0.00489802
0.111709  0.193931  0.00496718
0.111837  0.196121  0.00503753
0.111964  0.198338  0.0051091
0.112092  0.200583  0.00518192
0.112219  0.202856  0.00525602
0.112347  0.205158  0.00533142
0.112475  0.207488  0.00540816
0.112602  0.209849  0.00548627
0.11273  0.21224  0.00556578
0.112857  0.214662  0.00564672
0.112985  0.217114  0.00572913
0.113113  0.219599  0.00581304
0.11324  0.222116  0.00589849
0.113368  0.224666  0.00598551
0.113495  0.22725  0.00607415
0.113623  0.229868  0.00616443
0.113751  0.232521  0.00625641
0.113878  0.235209  0.00635012
0.114006  0.237933  0.00644561
0.114133  0.240694  0.00654291
0.114261  0.243492  0.00664207
0.114389  0.246329  0.00674315
0.114516  0.249204  0.00684618
0.114644  0.252119  0.00695121
0.114771  0.255074  0.0070583
0.114899  0.258071  0.00716749
0.115027  0.261109  0.00727885
0.115154  0.26419  0.00739241
0.115282  0.267314  0.00750825
0.11541  0.270483  0.0076264
0.115537  0.273697  0.00774695
0.115665  0.276957  0.00786994
0.115792  0.280263  0.00799544
0.11592  0.283618  0.00812351
0.116048  0.287022  0.00825422
0.116175  0.290475  0.00838764
0.116303  0.293979  0.00852384
0.11643  0.297535  0.00866288
0.116558  0.301143  0.00880484
0.116686  0.304805  0.00894981
0.116813  0.308523  0.00909785
0.116941  0.312296  0.00924904
0.117068  0.316127  0.00940348
0.117196  0.320015  0.00956124
0.117324  0.323964  0.00972241
0.117451  0.327973  0.00988708
0.117579  0.332044  0.0100553
0.117706  0.336178  0.0102273
0.117834  0.340377  0.010403
0.117962  0.344642  0.0105826
0.118089  0.348974  0.0107662
0.118217  0.353375  0.0109539
0.118344  0.357846  0.0111458
0.118472  0.362389  0.011342
0.1186  0.367005  0.0115426
0.118727  0.371695  0.0117478
0.118855  0.376462  0.0119576
0.118982  0.381307  0.0121722
0.11911  0.386231  0.0123917
0.119238  0.391236  0.0126162
0.119365  0.396324  0.0128458
0.119493  0.401497  0.0130808
0.119621  0.406757  0.0133212
0.119748  0.412104  0.0135672
0.119876  0.417543  0.0138188
0.120003  0.423073  0.0140764
0.120131  0.428697  0.0143399
0.120259  0.434418  0.0146096
0.120386  0.440237  0.0148856
0.120514  0.446157  0.015168
0.120641  0.452178  0.0154571
0.120769  0.458305  0.0157529
0.120897  0.464539  0.0160557
0.121024  0.470882  0.0163656
0.121152  0.477336  0.0166827
0.121279  0.483905  0.0170073
0.121407  0.49059  0.0173395
0.121535  0.497393  0.0176795
0.121662  0.504318  0.0180274
0.12179  0.511367  0.0183834
0.121917  0.518543  0.0187476
0.122045  0.525848  0.0191204
0.122173  0.533284  0.0195017
0.1223  0.540855  0.0198918
0.122428  0.548563  0.0202909
0.122555  0.556412  0.0206991
0.122683  0.564403  0.0211165
0.122811  0.57254  0.0215432
0.122938  0.580825  0.0219796
0.123066  0.589262  0.0224256
0.123193  0.597853  0.0228814
0.123321  0.606601  0.0233472
0.123449  0.61551  0.0238229
0.123576  0.624581  0.0243088
0.123704  0.633819  0.0248049
0.123832  0.643226  0.0253113
0.123959  0.652804  0.025828
0.124087  0.662558  0.026355
0.124214  0.672489  0.0268925
0.124342  0.6826  0.0274402
0.12447  0.692895  0.0279984
0.124597  0.703375  0.0285667
0.124725  0.714044  0.0291453
0.124852  0.724905  0.0297339
0.12498  0.735959  0.0303325
0.125108  0.747209  0.0309407
0.125235  0.758658  0.0315584
0.125363  0.770307  0.0321854
0.12549  0.782159  0.0328213
0.125618  0.794215  0.0334658
0.125746  0.806477  0.0341184
0.125873  0.818946  0.0347787
0.126001  0.831625  0.0354462
0.126128  0.844513  0.0361204
0.126256  0.857612  0.0368006
0.126384  0.870922  0.0374861
0.126511  0.884443  0.0381763
0.126639  0.898176  0.0388702
0.126766  0.912119  0.0395671
0.126894  0.926273  0.040266
0.127022  0.940636  0.040966
0.127149  0.955207  0.0416659
0.127277  0.969984  0.0423647
0.127405  0.984964  0.0430612
0.127532  1.00015  0.0437542
0.12766  1.01552  0.0444423
0.127787  1.0311  0.0451243
0.127915  1.04686  0.0457987
0.128043  1.06281  0.0464642
0.12817  1.07894  0.0471192
0.128298  1.09524  0.0477623
0.128425  1.11171  0.0483919
0.128553  1.12835  0.0490065
0.128681  1.14514  0.0496047
0.128808  1.16208  0.0501847
0.128936  1.17916  0.0507451
0.129063  1.19637  0.0512845
0.129191  1.2137  0.0518013
0.129319  1.23115  0.0522941
0.129446  1.2487  0.0527615
0.129574  1.26634  0.0532023
0.129701  1.28407  0.0536152
0.129829  1.30187  0.053999
0.129957  1.31973  0.0543527
0.130084  1.33764  0.0546753
0.130212  1.35559  0.054966
0.130339  1.37357  0.0552241
0.130467  1.39156  0.055449
0.130595  1.40956  0.0556401
0.130722  1.42755  0.0557972
0.13085  1.44552  0.05592
0.130977  1.46346  0.0560085
0.131105  1.48136  0.0560627
0.131233  1.4992  0.0560828
0.13136  1.51698  0.0560691
0.131488  1.53468  0.056022
0.131616  1.55229  0.0559422
0.131743  1.56981  0.0558302
0.131871  1.58723  0.0556869
0.131998  1.60452  0.0555131
0.132126  1.62169  0.0553099
0.132254  1.63873  0.0550782
0.132381  1.65562  0.0548191
0.132509  1.67237  0.0545339
0.132636  1.68895  0.0542239
0.132764  1.70538  0.0538901
0.132892  1.72163  0.0535341
0.133019  1.7377  0.053157
0.133147  1.75359  0.0527603
0.133274  1.7693  0.0523453
0.133402  1.78481  0.0519133
0.13353  1.80013  0.0514657
0.133657  1.81526  0.0510039
0.133785  1.83017  0.0505291
0.133912  1.84489  0.0500426
0.13404  1.8594  0.0495457
0.134168  1.8737  0.0490395
0.134295  1.88779  0.0485252
0.134423  1.90167  0.0480041
0.13455  1.91534  0.047477
0.134678  1.9288  0.0469452
0.134806  1.94205  0.0464095
0.134933  1.95509  0.0458709
0.135061  1.96791  0.0453303
0.135188  1.98053  0.0447886
0.135316  1.99294  0.0442464
0.135444  2.00514  0.0437046
0.135571  2.01714  0.0431639
0.135699  2.02893  0.0426248
0.135827  2.04052  0.0420879
0.135954  2.05192  0.0415539
0.136082  2.06311  0.0410233
0.136209  2.07411  0.0404964
0.136337  2.08492  0.0399737
0.136465  2.09554  0.0394556
0.136592  2.10596  0.0389424
0.13672  2.11621  0.0384345
0.136847  2.12627  0.0379321
0.136975  2.13615  0.0374355
0.137103  2.14586  0.0369449
0.13723  2.15539  0.0364604
0.137358  2.16476  0.0359823
0.137485  2.17395  0.0355107
0.137613  2.18298  0.0350458
0.137741  2.19185  0.0345875
0.137868  2.20056  0.034136
0.137996  2.20911  0.0336914
0.138123  2.21751  0.0332536
0.138251  2.22576  0.0328228
0.138379  2.23386  0.0323989
0.138506  2.24181  0.031982
0.138634  2.24963  0.0315719
0.138761  2.25731  0.0311688
0.138889  2.26485  0.0307725
0.139017  2.27225  0.0303831
0.139144  2.27953  0.0300005
0.139272  2.28668  0.0296245
0.139399  2.2937  0.0292553
0.139527  2.3006  0.0288926
0.139655  2.30738  0.0285365
0.139782  2.31404  0.0281868
0.13991  2.32059  0.0278435
0.140038  2.32702  0.0275065
0.140165  2.33334  0.0271756
0.140293  2.33956  0.0268509
0.14042  2.34566  0.0265322
0.140548  2.35167  0.0262193
0.140676  2.35757  0.0259124
0.140803  2.36337  0.0256111
0.140931  2.36908  0.0253155
0.141058  2.37469  0.0250254
0.141186  2.38021  0.0247407
0.141314  2.38563  0.0244614
0.141441  2.39097  0.0241873
0.141569  2.39622  0.0239184
0.141696  2.40138  0.0236545
0.141824  2.40646  0.0233955
0.141952  2.41146  0.0231415
0.142079  2.41638  0.0228921
0.142207  2.42121  0.0226474
0.142334  2.42597  0.0224073
0.142462  2.43066  0.0221717
0.14259  2.43527  0.0219404
0.142717  2.43981  0.0217135
0.142845  2.44428  0.0214908
0.142972  2.44868  0.0212721
0.1431  2.45301  0.0210576
0.143228  2.45727  0.0208469
0.143355  2.46147  0.0206402
0.143483  2.46561  0.0204372
0.143611  2.46968  0.020238
0.143738  2.47369  0.0200423
0.143866  2.47764  0.0198503
0.143993  2.48153  0.0196617
0.144121  2.48536  0.0194765
0.144249  2.48914  0.0192946
0.144376  2.49286  0.019116
0.144504  2.49653  0.0189406
0.144631  2.50015  0.0187683
0.144759  2.50371  0.0185991
0.144887  2.50722  0.0184329
0.145014  2.51068  0.0182696
0.145142  2.51409  0.0181091
0.145269  2.51746  0.0179515
0.145397  2.52077  0.0177966
0.145525  2.52404  0.0176444
0.145652  2.52727  0.0174948
0.14578  2.53045  0.0173478
0.145907  2.53358  0.0172033
0.146035  2.53667  0.0170613
0.146163  2.53972  0.0169217
0.14629  2.54273  0.0167845
0.146418  2.5457  0.0166495
0.146545  2.54863  0.0165169
0.146673  2.55152  0.0163864
0.146801  2.55437  0.0162581
0.146928  2.55719  0.0161319
0.147056  2.55996  0.0160079
0.147183  2.5627  0.0158858
0.147311  2.56541  0.0157658
0.147439  2.56808  0.0156476
0.147566  2.57071  0.0155315
0.147694  2.57331  0.0154171
0.147822  2.57588  0.0153046
0.147949  2.57842  0.015194
0.148077  2.58092  0.015085
0.148204  2.5834  0.0149778
0.148332  2.58584  0.0148723
0.14846  2.58825  0.0147684
0.148587  2.59063  0.0146662
0.148715  2.59298  0.0145655
0.148842  2.59531  0.0144664
0.14897  2.5976  0.0143688
0.149098  2.59987  0.0142727
0.149225  2.60211  0.0141781
0.149353  2.60432  0.0140849
0.14948  2.60651  0.0139931
0.149608  2.60867  0.0139027
0.149736  2.61081  0.0138137
0.149863  2.61292  0.013726
0.149991  2.615  0.0136395
0.150118  2.61706  0.0135544
0.150246  2.6191  0.0134705
0.150374  2.62112  0.0133878
0.150501  2.62311  0.0133063
0.150629  2.62507  0.013226
0.150756  2.62702  0.0131469
0.150884  2.62894  0.0130689
0.151012  2.63085  0.012992
0.151139  2.63273  0.0129162
0.151267  2.63459  0.0128414
0.151394  2.63643  0.0127678
0.151522  2.63825  0.0126951
0.15165  2.64005  0.0126235
0.151777  2.64183  0.0125528
0.151905  2.64359  0.0124832
0.152033  2.64533  0.0124144
0.15216  2.64705  0.0123467
0.152288  2.64875  0.0122798
0.152415  2.65044  0.0122139
0.152543  2.65211  0.0121488
0.152671  2.65376  0.0120846
0.152798  2.65539  0.0120213
0.152926  2.657  0.0119588
0.153053  2.6586  0.0118971
0.153181  2.66019  0.0118363
0.153309  2.66175  0.0117762
0.153436  2.6633  0.011717
0.153564  2.66483  0.0116585
0.153691  2.66635  0.0116007
0.153819  2.66786  0.0115437
0.153947  2.66934  0.0114874
0.154074  2.67082  0.0114319
0.154202  2.67227  0.011377
0.154329  2.67372  0.0113229
0.154457  2.67514  0.0112694
0.154585  2.67656  0.0112166
0.154712  2.67796  0.0111645
0.15484  2.67935  0.011113
0.154967  2.68072  0.0110621
0.155095  2.68208  0.0110118
0.155223  2.68343  0.0109622
0.15535  2.68476  0.0109132
0.155478  2.68608  0.0108648
0.155606  2.68739  0.0108169
0.155733  2.68869  0.0107697
0.155861  2.68997  0.0107229
0.155988  2.69124  0.0106768
0.156116  2.6925  0.0106312
0.156244  2.69375  0.0105861
0.156371  2.69499  0.0105416
0.156499  2.69621  0.0104976
0.156626  2.69742  0.0104541
0.156754  2.69863  0.0104111
0.156882  2.69982  0.0103686
0.157009  2.701  0.0103266
0.157137  2.70217  0.010285
0.157264  2.70333  0.010244
0.157392  2.70447  0.0102034
0.15752  2.70561  0.0101633
0.157647  2.70674  0.0101236
0.157775  2.70786  0.0100843
0.157902  2.70897  0.0100455
0.15803  2.71006  0.0100072
0.158158  2.71115  0.00996922
0.158285  2.71223  0.00993169
0.158413  2.7133  0.00989457
0.15854  2.71436  0.00985786
0.158668  2.71541  0.00982154
0.158796  2.71645  0.00978562
0.158923  2.71749  0.00975008
0.159051  2.71851  0.00971493
0.159178  2.71953  0.00968015
0.159306  2.72053  0.00964574
0.159434  2.72153  0.0096117
0.159561  2.72252  0.00957801
0.159689  2.7235  0.00954468
0.159817  2.72448  0.00951169
0.159944  2.72544  0.00947905
0.160072  2.7264  0.00944675
0.160199  2.72735  0.00941478
0.160327  2.72829  0.00938315
0.160455  2.72922  0.00935183
0.160582  2.73015  0.00932084
0.16071  2.73107  0.00929016
0.160837  2.73198  0.00925978
0.160965  2.73288  0.00922972
0.161093  2.73378  0.00919996
0.16122  2.73466  0.00917049
0.161348  2.73555  0.00914132
0.161475  2.73642  0.00911244
0.161603  2.73729  0.00908384
0.161731  2.73815  0.00905553
0.161858  2.739  0.00902749
0.161986  2.73985  0.00899973
0.162113  2.74069  0.00897223
0.162241  2.74153  0.008945
0.162369  2.74235  0.00891804
0.162496  2.74317  0.00889133
0.162624  2.74399  0.00886488
0.162751  2.7448  0.00883868
0.162879  2.7456  0.00881273
0.163007  2.7464  0.00878702
0.163134  2.74719  0.00876156
0.163262  2.74797  0.00873634
0.163389  2.74875  0.00871135
0.163517  2.74952  0.00868659
0.163645  2.75029  0.00866207
0.163772  2.75105  0.00863777
0.1639  2.7518  0.00861369
0.164028  2.75255  0.00858984
0.164155  2.7533  0.0085662
0.164283  2.75403  0.00854278
0.16441  2.75477  0.00851957
0.164538  2.75549  0.00849657
0.164666  2.75622  0.00847378
0.164793  2.75693  0.00845119
0.164921  2.75764  0.0084288
0.165048  2.75835  0.00840661
0.165176  2.75905  0.00838462
0.165304  2.75975  0.00836282
0.165431  2.76044  0.00834122
0.165559  2.76113  0.0083198
0.165686  2.76181  0.00829857
0.165814  2.76248  0.00827753
0.165942  2.76316  0.00825667
0.166069  2.76382  0.00823599
0.166197  2.76449  0.00821549
0.166324  2.76514  0.00819516
0.166452  2.7658  0.008175
0.16658  2.76644  0.00815502
0.166707  2.76709  0.00813521
0.166835  2.76773  0.00811557
0.166962  2.76836  0.00809609
0.16709  2.76899  0.00807677
0.167218  2.76962  0.00805762
0.167345  2.77024  0.00803862
0.167473  2.77086  0.00801978
0.167601  2.77147  0.0080011
0.167728  2.77208  0.00798258
0.167856  2.77269  0.0079642
0.167983  2.77329  0.00794598
0.168111  2.77389  0.0079279
0.168239  2.77448  0.00790997
0.168366  2.77507  0.00789219
0.168494  2.77565  0.00787455
0.168621  2.77624  0.00785705
0.168749  2.77681  0.00783969
0.168877  2.77739  0.00782248
0.169004  2.77796  0.00780539
0.169132  2.77852  0.00778845
0.169259  2.77909  0.00777164
0.169387  2.77964  0.00775496
0.169515  2.7802  0.00773841
0.169642  2.78075  0.00772199
0.16977  2.7813  0.0077057
0.169897  2.78184  0.00768954
0.170025  2.78238  0.0076735
0.170153  2.78292  0.00765758
0.17028  2.78346  0.00764179
0.170408  2.78399  0.00762612
0.170535  2.78451  0.00761057
0.170663  2.78504  0.00759514
0.170791  2.78556  0.00757982
0.170918  2.78608  0.00756462
0.171046  2.78659  0.00754954
0.171173  2.7871  0.00753457
0.171301  2.78761  0.00751971
0.171429  2.78811  0.00750496
0.171556  2.78861  0.00749033
0.171684  2.78911  0.0074758
0.171812  2.78961  0.00746138
0.171939  2.7901  0.00744706
0.172067  2.79059  0.00743285
0.172194  2.79108  0.00741875
0.172322  2.79156  0.00740475
0.17245  2.79204  0.00739085
0.172577  2.79252  0.00737705
0.172705  2.79299  0.00736335
0.172832  2.79346  0.00734975
0.17296  2.79393  0.00733625
0.173088  2.7944  0.00732284
0.173215  2.79486  0.00730953
0.173343  2.79532  0.00729632
0.17347  2.79578  0.0072832
0.173598  2.79623  0.00727017
0.173726  2.79668  0.00725723
0.173853  2.79713  0.00724439
0.173981  2.79758  0.00723163
0.174108  2.79802  0.00721897
0.174236  2.79847  0.00720639
0.174364  2.79891  0.0071939
0.174491  2.79934  0.0071815
0.174619  2.79978  0.00716918
0.174746  2.80021  0.00715695
0.174874  2.80064  0.0071448
0.175002  2.80106  0.00713273
0.175129  2.80149  0.00712075
0.175257  2.80191  0.00710885
0.175384  2.80233  0.00709703
0.175512  2.80274  0.00708529
0.17564  2.80316  0.00707363
0.175767  2.80357  0.00706205
0.175895  2.80398  0.00705054
0.176023  2.80439  0.00703911
0.17615  2.80479  0.00702776
0.176278  2.80519  0.00701649
0.176405  2.80559  0.00700528
0.176533  2.80599  0.00699416
0.176661  2.80639  0.0069831
0.176788  2.80678  0.00697212
0.176916  2.80717  0.00696121
0.177043  2.80756  0.00695037
0.177171  2.80795  0.00693961
0.177299  2.80834  0.00692891
0.177426  2.80872  0.00691828
0.177554  2.8091  0.00690772
0.177681  2.80948  0.00689723
0.177809  2.80986  0.0068868
0.177937  2.81023  0.00687645
0.178064  2.8106  0.00686616
0.178192  2.81097  0.00685593
0.178319  2.81134  0.00684577
0.178447  2.81171  0.00683567
0.178575  2.81207  0.00682564
0.178702  2.81244  0.00681567
0.17883  2.8128  0.00680576
0.178957  2.81316  0.00679592
0.179085  2.81351  0.00678613
0.179213  2.81387  0.00677641
0.17934  2.81422  0.00676675
0.179468  2.81457  0.00675715
0.179595  2.81492  0.0067476
0.179723  2.81527  0.00673812
0.179851  2.81561  0.00672869
0.179978  2.81596  0.00671932
0.180106  2.8163  0.00671001
0.180234  2.81664  0.00670076
0.180361  2.81698  0.00669156
0.180489  2.81732  0.00668242
0.180616  2.81765  0.00667333
0.180744  2.81799  0.0066643
0.180872  2.81832  0.00665532
0.180999  2.81865  0.0066464
0.181127  2.81897  0.00663752
0.181254  2.8193  0.00662871
0.181382  2.81963  0.00661994
0.18151  2.81995  0.00661123
0.181637  2.82027  0.00660256
0.181765  2.82059  0.00659395
0.181892  2.82091  0.00658539
0.18202  2.82123  0.00657688
0.182148  2.82154  0.00656842
0.182275  2.82185  0.00656001
0.182403  2.82217  0.00655165
0.18253  2.82248  0.00654334
0.182658  2.82279  0.00653507
0.182786  2.82309  0.00652685
0.182913  2.8234  0.00651868
0.183041  2.8237  0.00651056
0.183168  2.82401  0.00650248
0.183296  2.82431  0.00649445
0.183424  2.82461  0.00648647
0.183551  2.82491  0.00647853
0.183679  2.8252  0.00647063
0.183807  2.8255  0.00646278
0.183934  2.82579  0.00645498
0.184062  2.82608  0.00644722
0.184189  2.82638  0.0064395
0.184317  2.82667  0.00643183
0.184445  2.82695  0.00642419
0.184572  2.82724  0.00641661
0.1847  2.82753  0.00640906
0.184827  2.82781  0.00640155
0.184955  2.82809  0.00639409
0.185083  2.82837  0.00638667
0.18521  2.82865  0.00637929
0.185338  2.82893  0.00637195
0.185465  2.82921  0.00636465
0.185593  2.82949  0.00635739
0.185721  2.82976  0.00635016
0.185848  2.83003  0.00634298
0.185976  2.83031  0.00633584
0.186103  2.83058  0.00632874
0.186231  2.83085  0.00632167
0.186359  2.83112  0.00631464
0.186486  2.83138  0.00630765
0.186614  2.83165  0.0063007
0.186741  2.83191  0.00629378
0.186869  2.83218  0.00628691
0.186997  2.83244  0.00628006
0.187124  2.8327  0.00627326
0.187252  2.83296  0.00626649
0.187379  2.83322  0.00625976
0.187507  2.83348  0.00625306
0.187635  2.83373  0.00624639
0.187762  2.83399  0.00623977
0.18789  2.83424  0.00623317
0.188018  2.83449  0.00622661
0.188145  2.83475  0.00622009
0.188273  2.835  0.0062136
0.1884  2.83524  0.00620714
0.188528  2.83549  0.00620072
0.188656  2.83574  0.00619433
0.188783  2.83599  0.00618797
0.188911  2.83623  0.00618165
0.189038  2.83647  0.00617535
0.189166  2.83672  0.00616909
0.189294  2.83696  0.00616286
0.189421  2.8372  0.00615667
0.189549  2.83744  0.0061505
0.189676  2.83768  0.00614437
0.189804  2.83791  0.00613826
0.189932  2.83815  0.00613219
0.190059  2.83839  0.00612615
0.190187  2.83862  0.00612014
0.190314  2.83885  0.00611416
0.190442  2.83908  0.00610821
0.19057  2.83932  0.00610229
0.190697  2.83955  0.00609639
0.190825  2.83977  0.00609053
0.190952  2.84  0.0060847
0.19108  2.84023  0.00607889
0.191208  2.84046  0.00607312
0.191335  2.84068  0.00606737
0.191463  2.8409  0.00606165
0.19159  2.84113  0.00605596
0.191718  2.84135  0.00605029
0.191846  2.84157  0.00604466
0.191973  2.84179  0.00603905
0.192101  2.84201  0.00603347
0.192229  2.84223  0.00602791
0.192356  2.84245  0.00602238
0.192484  2.84266  0.00601688
0.192611  2.84288  0.00601141
0.192739  2.84309  0.00600596
0.192867  2.84331  0.00600054
0.192994  2.84352  0.00599514
0.193122  2.84373  0.00598977
0.193249  2.84394  0.00598443
0.193377  2.84415  0.00597911
0.193505  2.84436  0.00597381
0.193632  2.84457  0.00596854
0.19376  2.84478  0.0059633
0.193887  2.84499  0.00595808
0.194015  2.84519  0.00595288
0.194143  2.8454  0.00594771
0.19427  2.8456  0.00594257
0.194398  2.8458  0.00593745
0.194525  2.84601  0.00593235
0.194653  2.84621  0.00592727
0.194781  2.84641  0.00592222
0.194908  2.84661  0.00591719
0.195036  2.84681  0.00591219
0.195163  2.84701  0.00590721
0.195291  2.8472  0.00590225
0.195419  2.8474  0.00589731
0.195546  2.8476  0.0058924
0.195674  2.84779  0.00588751
0.195802  2.84799  0.00588264
0.195929  2.84818  0.00587779
0.196057  2.84837  0.00587297
0.196184  2.84856  0.00586817
0.196312  2.84876  0.00586339
0.19644  2.84895  0.00585863
0.196567  2.84914  0.00585389
0.196695  2.84932  0.00584918
0.196822  2.84951  0.00584448
0.19695  2.8497  0.00583981
0.197078  2.84989  0.00583515
0.197205  2.85007  0.00583052
0.197333  2.85026  0.00582591
0.19746  2.85044  0.00582132
0.197588  2.85063  0.00581675
0.197716  2.85081  0.0058122
0.197843  2.85099  0.00580767
0.197971  2.85117  0.00580316
0.198098  2.85135  0.00579867
0.198226  2.85153  0.0057942
0.198354  2.85171  0.00578975
0.198481  2.85189  0.00578532
0.198609  2.85207  0.0057809
0.198736  2.85225  0.00577651
0.198864  2.85242  0.00577214
0.198992  2.8526  0.00576778
0.199119  2.85277  0.00576345
0.199247  2.85295  0.00575913
0.199374  2.85312  0.00575483
0.199502  2.8533  0.00575055
0.19963  2.85347  0.00574629
0.199757  2.85364  0.00574205
0.199885  2.85381  0.00573782
0.200013  2.85398  0.00573361
0.20014  2.85415  0.00572942
0.200268  2.85432  0.00572525
0.200395  2.85449  0.0057211
0.200523  2.85466  0.00571696
0.200651  2.85483  0.00571285
0.200778  2.85499  0.00570874
0.200906  2.85516  0.00570466
0.201033  2.85532  0.00570059
0.201161  2.85549  0.00569654
0.201289  2.85565  0.00569251
0.201416  2.85582  0.0056885
0.201544  2.85598  0.0056845
0.201671  2.85614  0.00568052
0.201799  2.8563  0.00567655
0.201927  2.85646  0.0056726
0.202054  2.85663  0.00566867
0.202182  2.85679  0.00566475
0.202309  2.85694  0.00566085
0.202437  2.8571  0.00565697
0.202565  2.85726  0.0056531
0.202692  2.85742  0.00564925
0.20282  2.85758  0.00564541
0.202947  2.85773  0.00564159
0.203075  2.85789  0.00563779
0.203203  2.85804  0.005634
0.20333  2.8582  0.00563022
0.203458  2.85835  0.00562646
0.203585  2.85851  0.00562272
0.203713  2.85866  0.00561899
0.203841  2.85881  0.00561528
0.203968  2.85896  0.00561158
0.204096  2.85912  0.0056079
0.204224  2.85927  0.00560423
0.204351  2.85942  0.00560058
0.204479  2.85957  0.00559694
0.204606  2.85972  0.00559331
0.204734  2.85986  0.0055897
0.204862  2.86001  0.00558611
0.204989  2.86016  0.00558252
0.205117  2.86031  0.00557896
0.205244  2.86045  0.0055754
0.205372  2.8606  0.00557186
0.2055  2.86074  0.00556834
0.205627  2.86089  0.00556483
0.205755  2.86103  0.00556133
0.205882  2.86118  0.00555785
0.20601  2.86132  0.00555438
0.206138  2.86146  0.00555092
0.206265  2.86161  0.00554748
0.206393  2.86175  0.00554405
0.20652  2.86189  0.00554063
0.206648  2.86203  0.00553723
0.206776  2.86217  0.00553384
0.206903  2.86231  0.00553046
0.207031  2.86245  0.0055271
0.207158  2.86259  0.00552375
0.207286  2.86273  0.00552041
0.207414  2.86287  0.00551709
0.207541  2.863  0.00551378
0.207669  2.86314  0.00551048
0.207796  2.86328  0.00550719
0.207924  2.86341  0.00550392
0.208052  2.86355  0.00550065
0.208179  2.86368  0.0054974
0.208307  2.86382  0.00549417
0.208435  2.86395  0.00549094
0.208562  2.86409  0.00548773
0.20869  2.86422  0.00548453
0.208817  2.86435  0.00548134
0.208945  2.86449  0.00547817
0.209073  2.86462  0.005475
0.2092  2.86475  0.00547185
0.209328  2.86488  0.00546871
0.209455  2.86501  0.00546558
0.209583  2.86514  0.00546246
0.209711  2.86527  0.00545936
0.209838  2.8654  0.00545627
0.209966  2.86553  0.00545318
0.210093  2.86566  0.00545011
0.210221  2.86578  0.00544705
0.210349  2.86591  0.005444
0.210476  2.86604  0.00544097
0.210604  2.86617  0.00543794
0.210731  2.86629  0.00543493
0.210859  2.86642  0.00543192
0.210987  2.86654  0.00542893
0.211114  2.86667  0.00542595
0.211242  2.86679  0.00542298
0.211369  2.86692  0.00542002
0.211497  2.86704  0.00541707
0.211625  2.86716  0.00541413
0.211752  2.86729  0.00541121
0.21188  2.86741  0.00540829
0.212008  2.86753  0.00540538
0.212135  2.86765  0.00540249
0.212263  2.86777  0.0053996
0.21239  2.86789  0.00539673
0.212518  2.86802  0.00539386
0.212646  2.86814  0.00539101
0.212773  2.86826  0.00538816
0.212901  2.86837  0.00538533
0.213028  2.86849  0.00538251
0.213156  2.86861  0.00537969
0.213284  2.86873  0.00537689
0.213411  2.86885  0.00537409
0.213539  2.86897  0.00537131
0.213666  2.86908  0.00536854
0.213794  2.8692  0.00536577
0.213922  2.86932  0.00536302
0.214049  2.86943  0.00536027
0.214177  2.86955  0.00535754
0.214304  2.86966  0.00535481
0.214432  2.86978  0.0053521
0.21456  2.86989  0.00534939
0.214687  2.87  0.00534669
0.214815  2.87012  0.00534401
0.214942  2.87023  0.00534133
0.21507  2.87034  0.00533866
0.215198  2.87046  0.005336
0.215325  2.87057  0.00533335
0.215453  2.87068  0.00533071
0.21558  2.87079  0.00532808
0.215708  2.8709  0.00532546
0.215836  2.87101  0.00532284
0.215963  2.87112  0.00532024
0.216091  2.87123  0.00531764
0.216219  2.87134  0.00531506
0.216346  2.87145  0.00531248
0.216474  2.87156  0.00530991
0.216601  2.87167  0.00530735
0.216729  2.87178  0.0053048
0.216857  2.87189  0.00530226
0.216984  2.872  0.00529972
0.217112  2.8721  0.0052972
0.217239  2.87221  0.00529468
0.217367  2.87232  0.00529217
0.217495  2.87242  0.00528967
0.217622  2.87253  0.00528718
0.21775  2.87263  0.0052847
0.217877  2.87274  0.00528222
0.218005  2.87285  0.00527976
0.218133  2.87295  0.0052773
0.21826  2.87305  0.00527485
0.218388  2.87316  0.00527241
0.218515  2.87326  0.00526997
0.218643  2.87337  0.00526755
0.218771  2.87347  0.00526513
0.218898  2.87357  0.00526272
0.219026  2.87367  0.00526032
0.219153  2.87378  0.00525793
0.219281  2.87388  0.00525554
0.219409  2.87398  0.00525317
0.219536  2.87408  0.0052508
0.219664  2.87418  0.00524844
0.219791  2.87428  0.00524608
0.219919  2.87438  0.00524374
0.220047  2.87448  0.0052414
0.220174  2.87458  0.00523907
0.220302  2.87468  0.00523674
0.22043  2.87478  0.00523443
0.220557  2.87488  0.00523212
0.220685  2.87498  0.00522982
0.220812  2.87508  0.00522753
0.22094  2.87517  0.00522524
0.221068  2.87527  0.00522296
0.221195  2.87537  0.00522069
0.221323  2.87547  0.00521843
0.22145  2.87556  0.00521617
0.221578  2.87566  0.00521393
0.221706  2.87576  0.00521168
0.221833  2.87585  0.00520945
0.221961  2.87595  0.00520722
0.222088  2.87604  0.005205
0.222216  2.87614  0.00520279
0.222344  2.87623  0.00520059
0.222471  2.87633  0.00519839
0.222599  2.87642  0.0051962
0.222726  2.87651  0.00519401
0.222854  2.87661  0.00519183
0.222982  2.8767  0.00518966
0.223109  2.87679  0.0051875
0.223237  2.87689  0.00518534
0.223364  2.87698  0.00518319
0.223492  2.87707  0.00518105
0.22362  2.87716  0.00517891
0.223747  2.87726  0.00517678
0.223875  2.87735  0.00517466
0.224003  2.87744  0.00517254
0.22413  2.87753  0.00517043
0.224258  2.87762  0.00516833
0.224385  2.87771  0.00516623
0.224513  2.8778  0.00516414
0.224641  2.87789  0.00516206
0.224768  2.87798  0.00515998
0.224896  2.87807  0.00515791
0.225023  2.87816  0.00515585
0.225151  2.87825  0.00515379
0.225279  2.87834  0.00515174
0.225406  2.87842  0.0051497
0.225534  2.87851  0.00514766
0.225661  2.8786  0.00514562
0.225789  2.87869  0.0051436
0.225917  2.87878  0.00514158
0.226044  2.87886  0.00513957
0.226172  2.87895  0.00513756
0.226299  2.87904  0.00513556
0.226427  2.87912  0.00513356
0.226555  2.87921  0.00513157
0.226682  2.87929  0.00512959
0.22681  2.87938  0.00512761
0.226937  2.87946  0.00512564
0.227065  2.87955  0.00512368
0.227193  2.87963  0.00512172
0.22732  2.87972  0.00511977
0.227448  2.8798  0.00511782
0.227575  2.87989  0.00511588
0.227703  2.87997  0.00511394
0.227831  2.88006  0.00511201
0.227958  2.88014  0.00511009
0.228086  2.88022  0.00510817
0.228214  2.88031  0.00510626
0.228341  2.88039  0.00510435
0.228469  2.88047  0.00510245
0.228596  2.88055  0.00510056
0.228724  2.88064  0.00509867
0.228852  2.88072  0.00509679
0.228979  2.8808  0.00509491
0.229107  2.88088  0.00509303
0.229234  2.88096  0.00509117
0.229362  2.88104  0.00508931
0.22949  2.88112  0.00508745
0.229617  2.8812  0.0050856
0.229745  2.88128  0.00508376
0.229872  2.88136  0.00508192
0.23  2.88144  0.00508008
