469 1 0 0 1
 0 0.135696
 0 0.122219
 0 0.12752
 0 0.122559
 0 0.134642
 0 0.136899
 0 0.128791
 0 0.133528
 0 0.111929
 0 0.134608
 0 0.148811
 0 0.123889
 0 0.132477
 0 0.132582
 0 0.126132
 0 0.120613
 0 0.120265
 0 0.128125
 0 0.123422
 0 0.151903
 0 0.126442
 0 0.123058
 0 0.111585
 0 0.133903
 0 0.128595
 0 0.135577
 0 0.132505
 0 0.117659
 0 0.128718
 0 0.16395
 0 0.1313
 0 0.133706
 0 0.147952
 0 0.123159
 0 0.125841
 0 0.127214
 0 0.123816
 0 0.119227
 0 0.146221
 0 0.125162
 0 0.114487
 0 0.132815
 0 0.140905
 0 0.117261
 0 0.134835
 0 0.126781
 0 0.126976
 0 0.133632
 0 0.0704037
 0 0.1256
 0 0.123425
 0 0.128349
 0 0.12172
 0 0.13184
 0 0.117113
 0 0.117772
 0 0.145086
 0 0.105977
 0 0.127032
 0 0.143452
 0 0.138613
 0 0.132176
 0 0.125974
 0 0.128967
 0 0.119256
 0 0.133944
 0 0.132239
 0 0.141597
 0 0.117847
 0 0.130991
 0 0.126514
 0 0.13483
 0 0.124064
 0 0.145334
 0 0.136703
 0 0.108891
 0 0.120109
 0 0.124283
 0 0.135262
 0 0.141233
 0 0.133361
 0 0.119723
 0 0.126597
 0 0.121012
 0 0.130908
 0 0.134901
 0 0.125248
 0 0.130704
 0 0.128065
 0 0.126968
 0 0.135086
 0 0.116552
 0 0.130383
 0 0.135377
 0 0.155662
 0 0.132661
 0 0.113019
 0 0.122992
 0 0.141936
 0 0.111275
 0 0.135484
 0 0.122823
 0 0.129833
 0 0.142926
 0 0.118412
 0 0.138045
 0 0.0976507
 0 0.131569
 0 0.127171
 0 0.133349
 0 0.128481
 0 0.12879
 0 0.137581
 0 0.125998
 0 0.0898086
 0 0.107514
 0 0.12407
 0 0.110286
 0 0.129183
 0 0.137283
 0 0.127101
 0 0.11954
 0 0.144444
 0 0.106922
 0 0.108136
 0 0.128636
 0 0.13433
 0 0.129125
 0 0.125013
 0 0.139542
 0 0.131349
 0 0.123719
 0 0.117253
 0 0.134275
 0 0.139948
 0 0.11165
 0 0.0984636
 0 0.13206
 0 0.130266
 0 0.108029
 0 0.130712
 0 0.120545
 0 0.125504
 0 0.15729
 0 0.125827
 0 0.123594
 0 0.101451
 0 0.12448
 0 0.0981096
 0 0.127832
 0 0.138008
 0 0.125745
 0 0.132635
 0 0.13125
 0 0.130804
 0 0.128807
 0 0.115292
 0 0.10726
 0 0.101497
 0 0.137282
 0 0.130581
 0 0.123018
 0 0.121609
 0 0.145459
 0 0.114516
 0 0.133295
 0 0.121636
 0 0.139637
 0 0.122139
 0 0.163872
 0 0.131324
 0 0.122979
 0 0.127519
 0 0.119263
 0 0.10259
 0 0.131257
 0 0.131266
 0 0.13545
 0 0.141482
 0 0.134422
 0 0.121885
 0 0.137453
 0 0.12201
 0 0.126457
 0 0.126167
 0 0.127298
 0 0.129636
 0 0.122125
 0 0.133971
 0 0.134854
 0 0.106728
 0 0.139931
 0 0.109221
 0 0.125534
 0 0.142473
 0 0.133584
 0 0.130202
 0 0.146033
 0 0.122311
 0 0.130496
 0 0.0932625
 0 0.115229
 0 0.139724
 0 0.138136
 0 0.121599
 0 0.130107
 0 0.144288
 0 0.116705
 0 0.12841
 0 0.0986709
 0 0.132046
 0 0.111897
 0 0.131945
 0 0.122453
 0 0.0976601
 0 0.134034
 0 0.142219
 0 0.0515861
 0 0.115658
 0 0.108072
 0 0.12197
 0 0.123668
 0 0.130746
 0 0.102226
 0 0.118513
 0 0.136476
 0 0.127678
 0 0.13635
 0 0.115149
 0 0.104895
 0 0.125964
 0 0.114295
 0 0.0976775
 0 0.119541
 0 0.119931
 0 0.133321
 0 0.135167
 0 0.138648
 0 0.126956
 0 0.138211
 0 0.106528
 0 0.138515
 0 0.127326
 0 0.129609
 0 0.141859
 0 0.116012
 0 0.134815
 0 0.14136
 0 0.131661
 0 0.131389
 0 0.119031
 0 0.117046
 0 0.0630973
 0 0.125884
 0 0.137655
 0 0.131174
 0 0.116085
 0 0.113608
 0 0.131055
 0 0.115363
 0 0.138945
 0 0.132527
 0 0.131007
 0 0.115034
 0 0.131127
 0 0.0605525
 0 0.138161
 0 0.133473
 0 0.108615
 0 0.134884
 0 0.136148
 0 0.125894
 0 0.128371
 0 0.124383
 0 0.14787
 0 0.122009
 0 0.139422
 0 0.13532
 0 0.124441
 0 0.109343
 0 0.111481
 0 0.127485
 0 0.123925
 0 0.12731
 0 0.128248
 0 0.123779
 0 0.10856
 0 0.14803
 0 0.121233
 0 0.119083
 0 0.135958
 0 0.141714
 0 0.128967
 0 0.134407
 0 0.106671
 0 0.107423
 0 0.112531
 0 0.133037
 0 0.119951
 0 0.109932
 0 0.112442
 0 0.10554
 0 0.120298
 0 0.128468
 0 0.130658
 0 0.130472
 0 0.106957
 0 0.137086
 0 0.12509
 0 0.117879
 0 0.146522
 0 0.127423
 0 0.126081
 0 0.122623
 0 0.127824
 0 0.127358
 0 0.113494
 0 0.1241
 0 0.114022
 0 0.128239
 0 0.127884
 0 0.10579
 0 0.134008
 0 0.140029
 0 0.115823
 0 0.121994
 0 0.120746
 0 0.14219
 0 0.093339
 0 0.122251
 0 0.139819
 0 0.132625
 0 0.131057
 0 0.112669
 0 0.122113
 0 0.124233
 0 0.114392
 0 0.136799
 0 0.12049
 0 0.124115
 0 0.137446
 0 0.0870646
 0 0.137205
 0 0.13158
 0 0.119865
 0 0.120056
 0 0.141339
 0 0.131173
 0 0.136705
 0 0.113543
 0 0.134957
 0 0.0993427
 0 0.117042
 0 0.115556
 0 0.136118
 0 0.125232
 0 0.138556
 0 0.141341
 0 0.126273
 0 0.132114
 0 0.12602
 0 0.146782
 0 0.111483
 0 0.121597
 0 0.153852
 0 0.124097
 0 0.114547
 0 0.133131
 0 0.144786
 0 0.101247
 0 0.143759
 0 0.128563
 0 0.118662
 0 0.150801
 0 0.130373
 0 0.11308
 0 0.131232
 0 0.116977
 0 0.135914
 0 0.12067
 0 0.126036
 0 0.12258
 0 0.133908
 0 0.113807
 0 0.121797
 0 0.140187
 0 0.124193
 0 0.129014
 0 0.131611
 0 0.13163
 0 0.122568
 0 0.1229
 0 0.134006
 0 0.11982
 0 0.122872
 0 0.128513
 0 0.122309
 0 0.133909
 0 0.12201
 0 0.145291
 0 0.12109
 0 0.132036
 0 0.106782
 0 0.123918
 0 0.140117
 0 0.121926
 0 0.117528
 0 0.117018
 0 0.125252
 0 0.128333
 0 0.172017
 0 0.133434
 0 0.123428
 0 0.142609
 0 0.129666
 0 0.116297
 0 0.09716
 0 0.125086
 0 0.126317
 0 0.142578
 0 0.11569
 0 0.110079
 0 0.12983
 0 0.140127
 0 0.131343
 0 0.131737
 0 0.123443
 0 0.121527
 0 0.0756172
 0 0.12687
 0 0.0700863
 0 0.139225
 0 0.142618
 0 0.127815
 0 0.136421
 0 0.123199
 0 0.131396
 0 0.150181
 0 0.135138
 0 0.127566
 0 0.126991
 0 0.11844
 0 0.130798
 0 0.122328
 0 0.141157
 0 0.139519
 0 0.122346
 0 0.139841
 0 0.131664
 0 0.1396
 0 0.130701
 0 0.195688
 0 0.11831
 0 0.0928315
 0 0.124454
 0 0.132127
 0 0.133913
 0 0.131245
 0 0.125055
 0 0.120247
 0 0.127192
 0 0.157532
 0 0.130098
 0 0.137404
 0 0.139966
 0 0.130311
 0 0.122295
 0 0.118744
 0 0.114438
