469 1 0 0 1
 0 0.149688
 0 0.145425
 0 0.158304
 0 0.150149
 0 0.159917
 0 0.170009
 0 0.170694
 0 0.151673
 0 0.155772
 0 0.151351
 0 0.152849
 0 0.156308
 0 0.15079
 0 0.15327
 0 0.159537
 0 0.152231
 0 0.156876
 0 0.169688
 0 0.160983
 0 0.146643
 0 0.165508
 0 0.148235
 0 0.155425
 0 0.157577
 0 0.156417
 0 0.159501
 0 0.155384
 0 0.158941
 0 0.166353
 0 0.173027
 0 0.151367
 0 0.153186
 0 0.161427
 0 0.15585
 0 0.146384
 0 0.14473
 0 0.156895
 0 0.155858
 0 0.163117
 0 0.176925
 0 0.151239
 0 0.179139
 0 0.160262
 0 0.156023
 0 0.173965
 0 0.162826
 0 0.157123
 0 0.167961
 0 0.139224
 0 0.141074
 0 0.155517
 0 0.157955
 0 0.15378
 0 0.162324
 0 0.163117
 0 0.155375
 0 0.143626
 0 0.154391
 0 0.151631
 0 0.161091
 0 0.158806
 0 0.147448
 0 0.158402
 0 0.152188
 0 0.135726
 0 0.156773
 0 0.150135
 0 0.169773
 0 0.148195
 0 0.165704
 0 0.149591
 0 0.162415
 0 0.15497
 0 0.168437
 0 0.150411
 0 0.148456
 0 0.156654
 0 0.155013
 0 0.162318
 0 0.157186
 0 0.158253
 0 0.144636
 0 0.16253
 0 0.16727
 0 0.166899
 0 0.164061
 0 0.145915
 0 0.159233
 0 0.14848
 0 0.150383
 0 0.158914
 0 0.151623
 0 0.155894
 0 0.143153
 0 0.162399
 0 0.158827
 0 0.154303
 0 0.144606
 0 0.162373
 0 0.150524
 0 0.149732
 0 0.15648
 0 0.148937
 0 0.165488
 0 0.144719
 0 0.138728
 0 0.153336
 0 0.158784
 0 0.148735
 0 0.143298
 0 0.150455
 0 0.156803
 0 0.177384
 0 0.155296
 0 0.161584
 0 0.150231
 0 0.167075
 0 0.151779
 0 0.157305
 0 0.15303
 0 0.140478
 0 0.159997
 0 0.136174
 0 0.149514
 0 0.153576
 0 0.155285
 0 0.146444
 0 0.154152
 0 0.13947
 0 0.159928
 0 0.160475
 0 0.171594
 0 0.14946
 0 0.16715
 0 0.159215
 0 0.166012
 0 0.16312
 0 0.143657
 0 0.159434
 0 0.162434
 0 0.14237
 0 0.162377
 0 0.150647
 0 0.132417
 0 0.16821
 0 0.167011
 0 0.151167
 0 0.15517
 0 0.151079
 0 0.150662
 0 0.147518
 0 0.166894
 0 0.1513
 0 0.138381
 0 0.159289
 0 0.152367
 0 0.158533
 0 0.153277
 0 0.157946
 0 0.152061
 0 0.153553
 0 0.160895
 0 0.153534
 0 0.141254
 0 0.161928
 0 0.152884
 0 0.146391
 0 0.155139
 0 0.161747
 0 0.148418
 0 0.157485
 0 0.158918
 0 0.158377
 0 0.165585
 0 0.166097
 0 0.155855
 0 0.153183
 0 0.153325
 0 0.15034
 0 0.160094
 0 0.167419
 0 0.170806
 0 0.167569
 0 0.153796
 0 0.142299
 0 0.162588
 0 0.14655
 0 0.147144
 0 0.153604
 0 0.173902
 0 0.159524
 0 0.152859
 0 0.142601
 0 0.167611
 0 0.162009
 0 0.154649
 0 0.143054
 0 0.164526
 0 0.141774
 0 0.155999
 0 0.155117
 0 0.161965
 0 0.153141
 0 0.145223
 0 0.156099
 0 0.164817
 0 0.148015
 0 0.161141
 0 0.165285
 0 0.137212
 0 0.156937
 0 0.146564
 0 0.165943
 0 0.172269
 0 0.152613
 0 0.16151
 0 0.162324
 0 0.172636
 0 0.155307
 0 0.166114
 0 0.142417
 0 0.169165
 0 0.14639
 0 0.152149
 0 0.160406
 0 0.171222
 0 0.166538
 0 0.154474
 0 0.152477
 0 0.149303
 0 0.152166
 0 0.165713
 0 0.163675
 0 0.142581
 0 0.143968
 0 0.174262
 0 0.146073
 0 0.171742
 0 0.16814
 0 0.162567
 0 0.163545
 0 0.153998
 0 0.157871
 0 0.156351
 0 0.164606
 0 0.15788
 0 0.146614
 0 0.167109
 0 0.155613
 0 0.152327
 0 0.162431
 0 0.171194
 0 0.171988
 0 0.165346
 0 0.165802
 0 0.163505
 0 0.150977
 0 0.150233
 0 0.145927
 0 0.150336
 0 0.151516
 0 0.137921
 0 0.159177
 0 0.145459
 0 0.147148
 0 0.154466
 0 0.147562
 0 0.145317
 0 0.154149
 0 0.153027
 0 0.14864
 0 0.143102
 0 0.141498
 0 0.161653
 0 0.153978
 0 0.162911
 0 0.166668
 0 0.140615
 0 0.15031
 0 0.155859
 0 0.149568
 0 0.139227
 0 0.166446
 0 0.166226
 0 0.146014
 0 0.150113
 0 0.142005
 0 0.150639
 0 0.137057
 0 0.140757
 0 0.165038
 0 0.156085
 0 0.164431
 0 0.142821
 0 0.159366
 0 0.162674
 0 0.167552
 0 0.14355
 0 0.169526
 0 0.149132
 0 0.157119
 0 0.132953
 0 0.151786
 0 0.148624
 0 0.169709
 0 0.171873
 0 0.166479
 0 0.15271
 0 0.129394
 0 0.159396
 0 0.151699
 0 0.159487
 0 0.163285
 0 0.148881
 0 0.157711
 0 0.159898
 0 0.140037
 0 0.150946
 0 0.158054
 0 0.148415
 0 0.164267
 0 0.160043
 0 0.163575
 0 0.158721
 0 0.165784
 0 0.152628
 0 0.147358
 0 0.163813
 0 0.163221
 0 0.150386
 0 0.146938
 0 0.154409
 0 0.147494
 0 0.160981
 0 0.157268
 0 0.168073
 0 0.157815
 0 0.161408
 0 0.149884
 0 0.159142
 0 0.158904
 0 0.149246
 0 0.153431
 0 0.150256
 0 0.145522
 0 0.140935
 0 0.157922
 0 0.159803
 0 0.160776
 0 0.163652
 0 0.141852
 0 0.162085
 0 0.156298
 0 0.163774
 0 0.166827
 0 0.16189
 0 0.159198
 0 0.167619
 0 0.162643
 0 0.148454
 0 0.159096
 0 0.15897
 0 0.150418
 0 0.157518
 0 0.148028
 0 0.161105
 0 0.15419
 0 0.160378
 0 0.159075
 0 0.153376
 0 0.16378
 0 0.1448
 0 0.149139
 0 0.151382
 0 0.158607
 0 0.157002
 0 0.162293
 0 0.160628
 0 0.155773
 0 0.152838
 0 0.164787
 0 0.161195
 0 0.159439
 0 0.152589
 0 0.166205
 0 0.1475
 0 0.157175
 0 0.16819
 0 0.145781
 0 0.16021
 0 0.1584
 0 0.139487
 0 0.144005
 0 0.154907
 0 0.153312
 0 0.15072
 0 0.160626
 0 0.140319
 0 0.156344
 0 0.160061
 0 0.158448
 0 0.160675
 0 0.142706
 0 0.17689
 0 0.155823
 0 0.166166
 0 0.171386
 0 0.151642
 0 0.162369
 0 0.162936
 0 0.169657
 0 0.144984
 0 0.151107
 0 0.148493
 0 0.14648
 0 0.151897
 0 0.144224
 0 0.168008
 0 0.169009
 0 0.140563
 0 0.161849
 0 0.159654
 0 0.163987
 0 0.154958
 0 0.158909
 0 0.171188
 0 0.154806
 0 0.166034
 0 0.171256
 0 0.165608
 0 0.141929
 0 0.163709
 0 0.166328
 0 0.166015
 0 0.150537
 0 0.155517
 0 0.159466
 0 0.168839
 0 0.148439
 0 0.15788
 0 0.157529
 0 0.141239
 0 0.159627
 0 0.137975
 0 0.173722
 0 0.164978
 0 0.167094
 0 0.167868
 0 0.157356
 0 0.155859
 0 0.173227
 0 0.161575
 0 0.139395
 0 0.154326
 0 0.162966
 0 0.166249
 0 0.153746
 0 0.14519
 0 0.167162
 0 0.163717
 0 0.162215
 0 0.171458
 0 0.173158
 0 0.161164
 0 0.163377
 0 0.171746
 0 0.165447
 0 0.166275
 0 0.174729
