469 1 0 0 1
 0 0.134294
 0 0.139227
 0 0.138499
 0 0.137067
 0 0.148091
 0 0.147337
 0 0.137096
 0 0.139225
 0 0.153508
 0 0.150751
 0 0.141867
 0 0.148834
 0 0.137954
 0 0.140861
 0 0.130411
 0 0.123023
 0 0.132454
 0 0.133375
 0 0.135332
 0 0.148643
 0 0.145789
 0 0.128831
 0 0.138224
 0 0.142903
 0 0.142571
 0 0.13832
 0 0.133371
 0 0.122421
 0 0.143027
 0 0.19358
 0 0.151642
 0 0.145044
 0 0.131849
 0 0.126684
 0 0.129259
 0 0.133236
 0 0.164859
 0 0.144701
 0 0.145364
 0 0.145129
 0 0.141064
 0 0.140173
 0 0.141873
 0 0.146349
 0 0.161893
 0 0.151252
 0 0.167958
 0 0.14957
 0 0.125089
 0 0.14737
 0 0.14836
 0 0.147744
 0 0.148566
 0 0.15501
 0 0.137878
 0 0.125401
 0 0.154921
 0 0.136949
 0 0.141373
 0 0.148223
 0 0.141342
 0 0.145391
 0 0.141629
 0 0.141487
 0 0.155412
 0 0.147483
 0 0.152809
 0 0.169048
 0 0.140563
 0 0.143907
 0 0.142169
 0 0.143106
 0 0.146242
 0 0.160519
 0 0.144961
 0 0.128621
 0 0.130312
 0 0.13777
 0 0.13845
 0 0.152547
 0 0.151982
 0 0.122193
 0 0.134275
 0 0.142826
 0 0.153616
 0 0.149102
 0 0.140314
 0 0.136606
 0 0.14507
 0 0.137348
 0 0.141218
 0 0.141664
 0 0.143425
 0 0.139436
 0 0.150648
 0 0.141585
 0 0.143003
 0 0.148693
 0 0.153138
 0 0.132776
 0 0.145081
 0 0.139541
 0 0.15482
 0 0.170935
 0 0.138198
 0 0.165661
 0 0.133653
 0 0.13799
 0 0.137489
 0 0.145926
 0 0.131505
 0 0.139624
 0 0.154493
 0 0.143118
 0 0.132972
 0 0.13143
 0 0.138489
 0 0.128792
 0 0.151053
 0 0.140256
 0 0.147792
 0 0.134086
 0 0.140087
 0 0.143584
 0 0.133157
 0 0.133623
 0 0.13025
 0 0.141744
 0 0.136145
 0 0.157614
 0 0.152929
 0 0.132432
 0 0.117652
 0 0.131908
 0 0.139296
 0 0.154881
 0 0.127359
 0 0.130907
 0 0.154298
 0 0.127988
 0 0.126832
 0 0.147945
 0 0.127234
 0 0.136331
 0 0.147493
 0 0.151866
 0 0.151793
 0 0.138277
 0 0.118501
 0 0.143988
 0 0.136095
 0 0.138484
 0 0.126139
 0 0.129278
 0 0.141676
 0 0.129003
 0 0.138408
 0 0.134387
 0 0.133519
 0 0.150601
 0 0.131581
 0 0.16092
 0 0.133886
 0 0.146348
 0 0.139691
 0 0.148926
 0 0.140514
 0 0.15376
 0 0.124069
 0 0.143345
 0 0.131521
 0 0.136101
 0 0.140229
 0 0.143118
 0 0.133707
 0 0.143204
 0 0.149898
 0 0.137084
 0 0.163049
 0 0.143529
 0 0.151515
 0 0.141756
 0 0.14763
 0 0.137938
 0 0.140494
 0 0.135556
 0 0.134253
 0 0.141175
 0 0.14397
 0 0.139427
 0 0.149137
 0 0.15304
 0 0.144309
 0 0.149475
 0 0.163994
 0 0.147582
 0 0.146373
 0 0.159177
 0 0.139968
 0 0.142035
 0 0.119648
 0 0.134719
 0 0.131576
 0 0.139095
 0 0.134378
 0 0.149608
 0 0.150626
 0 0.147611
 0 0.154205
 0 0.124673
 0 0.136686
 0 0.150296
 0 0.148022
 0 0.170542
 0 0.141314
 0 0.128321
 0 0.155596
 0 0.125085
 0 0.1357
 0 0.124203
 0 0.1479
 0 0.154064
 0 0.137335
 0 0.137619
 0 0.158065
 0 0.137198
 0 0.147619
 0 0.156491
 0 0.135785
 0 0.125614
 0 0.123906
 0 0.139945
 0 0.152304
 0 0.134079
 0 0.13848
 0 0.16439
 0 0.154174
 0 0.158336
 0 0.145776
 0 0.144193
 0 0.137526
 0 0.155308
 0 0.14606
 0 0.142161
 0 0.161593
 0 0.145443
 0 0.141181
 0 0.141263
 0 0.137844
 0 0.143132
 0 0.151417
 0 0.132154
 0 0.142687
 0 0.143326
 0 0.146544
 0 0.13749
 0 0.133621
 0 0.127314
 0 0.153895
 0 0.120358
 0 0.142046
 0 0.156556
 0 0.13975
 0 0.128219
 0 0.149625
 0 0.0864203
 0 0.13365
 0 0.135349
 0 0.127377
 0 0.144465
 0 0.154669
 0 0.139434
 0 0.138453
 0 0.132195
 0 0.158941
 0 0.136862
 0 0.156491
 0 0.129141
 0 0.131175
 0 0.142552
 0 0.159529
 0 0.165183
 0 0.14482
 0 0.165813
 0 0.150839
 0 0.14717
 0 0.142716
 0 0.14221
 0 0.13116
 0 0.132775
 0 0.15361
 0 0.150817
 0 0.137188
 0 0.149029
 0 0.124846
 0 0.135149
 0 0.151874
 0 0.139467
 0 0.133089
 0 0.121268
 0 0.13185
 0 0.148425
 0 0.134908
 0 0.146318
 0 0.15026
 0 0.138515
 0 0.14016
 0 0.162671
 0 0.130181
 0 0.136925
 0 0.148078
 0 0.14504
 0 0.146958
 0 0.142703
 0 0.147766
 0 0.134889
 0 0.14676
 0 0.137751
 0 0.134837
 0 0.150422
 0 0.137508
 0 0.153278
 0 0.162797
 0 0.137865
 0 0.140435
 0 0.137179
 0 0.14635
 0 0.13362
 0 0.135949
 0 0.148638
 0 0.145291
 0 0.134653
 0 0.146966
 0 0.133015
 0 0.135785
 0 0.161621
 0 0.128416
 0 0.133742
 0 0.142693
 0 0.139476
 0 0.142637
 0 0.133221
 0 0.137781
 0 0.157081
 0 0.133112
 0 0.138738
 0 0.145265
 0 0.125678
 0 0.133008
 0 0.145951
 0 0.13641
 0 0.14354
 0 0.126886
 0 0.14803
 0 0.145283
 0 0.152646
 0 0.132618
 0 0.152817
 0 0.148627
 0 0.139221
 0 0.13881
 0 0.154975
 0 0.135767
 0 0.138947
 0 0.14062
 0 0.146202
 0 0.131435
 0 0.138525
 0 0.128608
 0 0.132239
 0 0.149479
 0 0.139689
 0 0.134637
 0 0.145787
 0 0.150565
 0 0.149701
 0 0.163769
 0 0.121046
 0 0.14748
 0 0.149604
 0 0.12974
 0 0.141557
 0 0.151843
 0 0.134631
 0 0.142308
 0 0.148348
 0 0.134497
 0 0.157118
 0 0.125913
 0 0.150735
 0 0.14609
 0 0.119875
 0 0.14691
 0 0.147823
 0 0.137598
 0 0.139404
 0 0.137686
 0 0.130721
 0 0.154229
 0 0.148878
 0 0.138597
 0 0.131446
 0 0.131189
 0 0.149937
 0 0.146128
 0 0.1332
 0 0.15077
 0 0.122046
 0 0.150171
 0 0.142871
 0 0.163544
 0 0.133893
 0 0.121699
 0 0.147068
 0 0.144077
 0 0.125003
 0 0.138003
 0 0.169512
 0 0.139725
 0 0.134281
 0 0.154212
 0 0.139892
 0 0.134138
 0 0.141268
 0 0.160447
 0 0.159426
 0 0.143495
 0 0.1422
 0 0.127489
 0 0.146059
 0 0.134397
 0 0.130274
 0 0.166004
 0 0.150522
 0 0.140308
 0 0.151546
 0 0.127411
 0 0.191698
 0 0.152521
 0 0.150955
 0 0.14965
 0 0.151917
 0 0.130246
 0 0.136234
 0 0.142922
 0 0.149025
 0 0.142532
 0 0.139799
 0 0.137361
 0 0.141001
 0 0.149551
 0 0.173849
 0 0.134763
 0 0.137112
 0 0.135077
 0 0.140243
 0 0.137464
 0 0.147734
 0 0.145453
 0 0.135987
 0 0.137976
 0 0.153912
 0 0.132916
 0 0.148312
 0 0.140786
 0 0.157081
 0 0.145201
 0 0.136947
 0 0.138657
