469 1 0 0 1
 0 0.181152
 0 0.183434
 0 0.174115
 0 0.174606
 0 0.169172
 0 0.190373
 0 0.185073
 0 0.171956
 0 0.171704
 0 0.162175
 0 0.173463
 0 0.181179
 0 0.163279
 0 0.176923
 0 0.182266
 0 0.167836
 0 0.184407
 0 0.182855
 0 0.181361
 0 0.180376
 0 0.178494
 0 0.170879
 0 0.18256
 0 0.182066
 0 0.176855
 0 0.178922
 0 0.180501
 0 0.182403
 0 0.189089
 0 0.188536
 0 0.175918
 0 0.180818
 0 0.183209
 0 0.182628
 0 0.178823
 0 0.154672
 0 0.177682
 0 0.17666
 0 0.1748
 0 0.195019
 0 0.179759
 0 0.173166
 0 0.177746
 0 0.189896
 0 0.192482
 0 0.173984
 0 0.185803
 0 0.181354
 0 0.177538
 0 0.176115
 0 0.181242
 0 0.168646
 0 0.178145
 0 0.182755
 0 0.17021
 0 0.183165
 0 0.15887
 0 0.18634
 0 0.18034
 0 0.199908
 0 0.190954
 0 0.18172
 0 0.18072
 0 0.162485
 0 0.182593
 0 0.175195
 0 0.184891
 0 0.186889
 0 0.174809
 0 0.179817
 0 0.186797
 0 0.19664
 0 0.166959
 0 0.177905
 0 0.172049
 0 0.179676
 0 0.166583
 0 0.177275
 0 0.183377
 0 0.177386
 0 0.177293
 0 0.166973
 0 0.180413
 0 0.181398
 0 0.17623
 0 0.180856
 0 0.172378
 0 0.179709
 0 0.173067
 0 0.184199
 0 0.177905
 0 0.189172
 0 0.160668
 0 0.172139
 0 0.179546
 0 0.182797
 0 0.182732
 0 0.16108
 0 0.162997
 0 0.173638
 0 0.166659
 0 0.177118
 0 0.184984
 0 0.181199
 0 0.177743
 0 0.180935
 0 0.17165
 0 0.17701
 0 0.191348
 0 0.17508
 0 0.175508
 0 0.166605
 0 0.181758
 0 0.183976
 0 0.182495
 0 0.161545
 0 0.172954
 0 0.186076
 0 0.178665
 0 0.175708
 0 0.179249
 0 0.177597
 0 0.170579
 0 0.182688
 0 0.167814
 0 0.18176
 0 0.171037
 0 0.170721
 0 0.178727
 0 0.181022
 0 0.177987
 0 0.173
 0 0.174063
 0 0.181863
 0 0.179457
 0 0.178601
 0 0.191912
 0 0.17674
 0 0.167469
 0 0.181223
 0 0.163503
 0 0.174589
 0 0.175386
 0 0.154261
 0 0.18289
 0 0.193371
 0 0.163177
 0 0.179808
 0 0.169043
 0 0.179898
 0 0.181386
 0 0.177637
 0 0.171058
 0 0.162165
 0 0.183388
 0 0.185961
 0 0.172442
 0 0.17768
 0 0.188976
 0 0.175268
 0 0.174092
 0 0.182755
 0 0.162081
 0 0.174106
 0 0.189154
 0 0.167547
 0 0.165695
 0 0.174174
 0 0.179704
 0 0.173606
 0 0.179596
 0 0.182084
 0 0.163145
 0 0.174671
 0 0.173566
 0 0.189247
 0 0.165838
 0 0.18907
 0 0.171532
 0 0.181547
 0 0.177693
 0 0.18033
 0 0.168452
 0 0.171649
 0 0.166873
 0 0.180376
 0 0.177603
 0 0.170461
 0 0.167698
 0 0.17315
 0 0.178386
 0 0.18029
 0 0.171677
 0 0.168523
 0 0.170637
 0 0.169685
 0 0.188062
 0 0.196978
 0 0.17463
 0 0.174857
 0 0.191653
 0 0.179608
 0 0.162062
 0 0.177313
 0 0.170781
 0 0.178283
 0 0.173966
 0 0.159175
 0 0.181681
 0 0.182563
 0 0.176325
 0 0.183892
 0 0.178004
 0 0.144571
 0 0.178146
 0 0.193945
 0 0.174953
 0 0.181702
 0 0.182668
 0 0.175038
 0 0.181865
 0 0.176445
 0 0.170868
 0 0.159545
 0 0.180636
 0 0.179587
 0 0.176795
 0 0.166679
 0 0.166414
 0 0.189126
 0 0.185786
 0 0.189812
 0 0.173334
 0 0.172516
 0 0.173761
 0 0.186942
 0 0.176509
 0 0.180133
 0 0.183347
 0 0.169291
 0 0.182367
 0 0.181333
 0 0.183926
 0 0.188259
 0 0.169206
 0 0.181294
 0 0.170767
 0 0.180586
 0 0.189332
 0 0.192815
 0 0.180516
 0 0.191426
 0 0.17238
 0 0.178734
 0 0.17751
 0 0.189406
 0 0.183868
 0 0.17695
 0 0.176358
 0 0.18716
 0 0.17348
 0 0.181343
 0 0.187754
 0 0.175561
 0 0.175229
 0 0.179672
 0 0.183334
 0 0.174918
 0 0.167282
 0 0.163518
 0 0.177487
 0 0.168841
 0 0.177383
 0 0.189346
 0 0.177609
 0 0.182483
 0 0.18142
 0 0.166002
 0 0.184736
 0 0.179877
 0 0.183596
 0 0.183242
 0 0.182502
 0 0.174536
 0 0.178231
 0 0.165972
 0 0.179221
 0 0.167121
 0 0.169063
 0 0.180096
 0 0.190655
 0 0.17
 0 0.181377
 0 0.170598
 0 0.164036
 0 0.189402
 0 0.184307
 0 0.16524
 0 0.183608
 0 0.170126
 0 0.17332
 0 0.171334
 0 0.167813
 0 0.175123
 0 0.176821
 0 0.18765
 0 0.189466
 0 0.165254
 0 0.159782
 0 0.186517
 0 0.168568
 0 0.166777
 0 0.179754
 0 0.176004
 0 0.181038
 0 0.185014
 0 0.165641
 0 0.175456
 0 0.172995
 0 0.171044
 0 0.174749
 0 0.185443
 0 0.176741
 0 0.183305
 0 0.181215
 0 0.172503
 0 0.180083
 0 0.170772
 0 0.175645
 0 0.185662
 0 0.171619
 0 0.191463
 0 0.165942
 0 0.170243
 0 0.187159
 0 0.188576
 0 0.176415
 0 0.175014
 0 0.189281
 0 0.173735
 0 0.183755
 0 0.17613
 0 0.179672
 0 0.170512
 0 0.179484
 0 0.17452
 0 0.176092
 0 0.187999
 0 0.167315
 0 0.175537
 0 0.159473
 0 0.18087
 0 0.167836
 0 0.172528
 0 0.182968
 0 0.185655
 0 0.191649
 0 0.166407
 0 0.16417
 0 0.171222
 0 0.181018
 0 0.1758
 0 0.170882
 0 0.173793
 0 0.178115
 0 0.187238
 0 0.169039
 0 0.188634
 0 0.161544
 0 0.181186
 0 0.179163
 0 0.170855
 0 0.179188
 0 0.184962
 0 0.174341
 0 0.178534
 0 0.171935
 0 0.176266
 0 0.168603
 0 0.161794
 0 0.173175
 0 0.183929
 0 0.183407
 0 0.177661
 0 0.188589
 0 0.163353
 0 0.172139
 0 0.185738
 0 0.16477
 0 0.171832
 0 0.186836
 0 0.184735
 0 0.18177
 0 0.180293
 0 0.175911
 0 0.170947
 0 0.15839
 0 0.179286
 0 0.181265
 0 0.17268
 0 0.181299
 0 0.180701
 0 0.164859
 0 0.186077
 0 0.184415
 0 0.179066
 0 0.189927
 0 0.173305
 0 0.180437
 0 0.1712
 0 0.185424
 0 0.174374
 0 0.191782
 0 0.174697
 0 0.181185
 0 0.171453
 0 0.193883
 0 0.180969
 0 0.171666
 0 0.177132
 0 0.174971
 0 0.186946
 0 0.178094
 0 0.168992
 0 0.184962
 0 0.177099
 0 0.171016
 0 0.17411
 0 0.181492
 0 0.187707
 0 0.172392
 0 0.187724
 0 0.179244
 0 0.168996
 0 0.184094
 0 0.174809
 0 0.173486
 0 0.189405
 0 0.182694
 0 0.182597
 0 0.184099
 0 0.176938
 0 0.172307
 0 0.18669
 0 0.181059
 0 0.18745
 0 0.185728
 0 0.179608
 0 0.18012
 0 0.175751
 0 0.194569
 0 0.184122
 0 0.171999
 0 0.180447
 0 0.181072
 0 0.181301
 0 0.170154
 0 0.188534
 0 0.189629
 0 0.17809
 0 0.177408
 0 0.189524
 0 0.181739
 0 0.180111
 0 0.178144
 0 0.181913
 0 0.180381
 0 0.176215
 0 0.183394
