469 1 0 0 1
 0 0.129288
 0 0.142832
 0 0.152342
 0 0.143971
 0 0.14175
 0 0.153713
 0 0.147741
 0 0.133095
 0 0.136029
 0 0.140839
 0 0.129531
 0 0.15043
 0 0.14843
 0 0.157103
 0 0.143331
 0 0.138553
 0 0.144921
 0 0.160915
 0 0.154095
 0 0.15642
 0 0.143667
 0 0.152274
 0 0.136558
 0 0.147914
 0 0.138208
 0 0.135558
 0 0.159033
 0 0.140525
 0 0.149777
 0 0.178058
 0 0.151343
 0 0.144785
 0 0.144247
 0 0.155524
 0 0.142015
 0 0.135114
 0 0.140705
 0 0.138354
 0 0.155649
 0 0.149008
 0 0.144424
 0 0.149126
 0 0.149733
 0 0.140055
 0 0.146912
 0 0.15218
 0 0.143378
 0 0.13509
 0 0.121548
 0 0.138045
 0 0.147067
 0 0.135695
 0 0.142867
 0 0.13213
 0 0.138963
 0 0.143559
 0 0.141015
 0 0.125754
 0 0.13972
 0 0.13627
 0 0.158375
 0 0.148726
 0 0.132936
 0 0.141244
 0 0.145748
 0 0.148986
 0 0.135788
 0 0.134174
 0 0.126272
 0 0.146852
 0 0.141905
 0 0.153157
 0 0.14553
 0 0.150681
 0 0.145247
 0 0.122662
 0 0.131837
 0 0.148835
 0 0.154182
 0 0.157274
 0 0.138949
 0 0.141532
 0 0.148867
 0 0.153995
 0 0.159573
 0 0.145761
 0 0.160231
 0 0.157141
 0 0.138284
 0 0.146748
 0 0.13551
 0 0.147417
 0 0.158365
 0 0.150746
 0 0.128721
 0 0.148534
 0 0.133141
 0 0.14776
 0 0.14734
 0 0.128783
 0 0.143467
 0 0.1217
 0 0.152267
 0 0.157561
 0 0.151424
 0 0.146413
 0 0.138649
 0 0.14487
 0 0.141823
 0 0.13879
 0 0.143452
 0 0.139953
 0 0.170619
 0 0.140855
 0 0.0915127
 0 0.1431
 0 0.134986
 0 0.129677
 0 0.139359
 0 0.134541
 0 0.14797
 0 0.142004
 0 0.148889
 0 0.135262
 0 0.130354
 0 0.151219
 0 0.140332
 0 0.138362
 0 0.148337
 0 0.132143
 0 0.13591
 0 0.152507
 0 0.140517
 0 0.132655
 0 0.153643
 0 0.14244
 0 0.133456
 0 0.141856
 0 0.149799
 0 0.126367
 0 0.14473
 0 0.149137
 0 0.152802
 0 0.130806
 0 0.156462
 0 0.149031
 0 0.129027
 0 0.148341
 0 0.0978079
 0 0.148996
 0 0.142293
 0 0.143079
 0 0.130051
 0 0.126429
 0 0.14522
 0 0.142994
 0 0.150651
 0 0.147198
 0 0.15465
 0 0.14723
 0 0.156912
 0 0.143919
 0 0.145532
 0 0.142397
 0 0.144049
 0 0.137303
 0 0.144787
 0 0.14832
 0 0.154579
 0 0.154589
 0 0.159626
 0 0.141717
 0 0.139975
 0 0.141088
 0 0.134458
 0 0.150548
 0 0.141414
 0 0.154631
 0 0.151935
 0 0.151019
 0 0.134767
 0 0.160852
 0 0.14889
 0 0.136584
 0 0.145685
 0 0.151115
 0 0.147415
 0 0.149183
 0 0.142919
 0 0.151802
 0 0.144318
 0 0.135582
 0 0.137013
 0 0.138957
 0 0.157378
 0 0.142277
 0 0.13044
 0 0.161673
 0 0.133831
 0 0.142988
 0 0.129843
 0 0.162101
 0 0.146858
 0 0.156955
 0 0.130805
 0 0.144117
 0 0.15961
 0 0.138634
 0 0.141609
 0 0.135193
 0 0.152086
 0 0.133417
 0 0.151558
 0 0.157428
 0 0.112846
 0 0.150376
 0 0.139264
 0 0.132982
 0 0.132818
 0 0.149701
 0 0.147631
 0 0.153109
 0 0.143257
 0 0.126027
 0 0.137706
 0 0.151746
 0 0.152347
 0 0.139833
 0 0.143581
 0 0.132734
 0 0.135703
 0 0.134325
 0 0.137543
 0 0.147047
 0 0.138002
 0 0.169986
 0 0.147132
 0 0.150312
 0 0.132955
 0 0.163741
 0 0.139701
 0 0.147853
 0 0.146216
 0 0.152369
 0 0.153467
 0 0.13472
 0 0.132887
 0 0.140822
 0 0.152067
 0 0.147951
 0 0.12744
 0 0.150459
 0 0.122132
 0 0.130067
 0 0.144676
 0 0.147497
 0 0.141754
 0 0.144298
 0 0.132709
 0 0.129085
 0 0.14039
 0 0.129101
 0 0.156479
 0 0.140124
 0 0.158395
 0 0.0875575
 0 0.151887
 0 0.137806
 0 0.144136
 0 0.132803
 0 0.143258
 0 0.137492
 0 0.136064
 0 0.143547
 0 0.146006
 0 0.146551
 0 0.152598
 0 0.131988
 0 0.143499
 0 0.143864
 0 0.120309
 0 0.140979
 0 0.153769
 0 0.142133
 0 0.151728
 0 0.153111
 0 0.126469
 0 0.145156
 0 0.131289
 0 0.128201
 0 0.163014
 0 0.145194
 0 0.149675
 0 0.127741
 0 0.136144
 0 0.140474
 0 0.146866
 0 0.146061
 0 0.154996
 0 0.132779
 0 0.143672
 0 0.119376
 0 0.132317
 0 0.142007
 0 0.154473
 0 0.14785
 0 0.14
 0 0.136119
 0 0.137302
 0 0.159131
 0 0.132803
 0 0.149043
 0 0.149711
 0 0.133398
 0 0.141969
 0 0.146396
 0 0.13121
 0 0.156076
 0 0.141569
 0 0.133421
 0 0.121507
 0 0.143696
 0 0.156425
 0 0.146919
 0 0.13733
 0 0.147382
 0 0.144585
 0 0.149333
 0 0.146015
 0 0.147678
 0 0.117537
 0 0.142807
 0 0.149916
 0 0.153852
 0 0.139058
 0 0.136719
 0 0.139748
 0 0.0996299
 0 0.154112
 0 0.140627
 0 0.148521
 0 0.138833
 0 0.140148
 0 0.122001
 0 0.143855
 0 0.14898
 0 0.153623
 0 0.148571
 0 0.149394
 0 0.148662
 0 0.142239
 0 0.127536
 0 0.135737
 0 0.14309
 0 0.148466
 0 0.153009
 0 0.161618
 0 0.145763
 0 0.146544
 0 0.154032
 0 0.140449
 0 0.145275
 0 0.117153
 0 0.137533
 0 0.129529
 0 0.14632
 0 0.140776
 0 0.149583
 0 0.127858
 0 0.128034
 0 0.162366
 0 0.133249
 0 0.135787
 0 0.152255
 0 0.149954
 0 0.154189
 0 0.153889
 0 0.141851
 0 0.147614
 0 0.143021
 0 0.140565
 0 0.149622
 0 0.1485
 0 0.143072
 0 0.161494
 0 0.141973
 0 0.148131
 0 0.147201
 0 0.141325
 0 0.140372
 0 0.143384
 0 0.134071
 0 0.144734
 0 0.138785
 0 0.13091
 0 0.142175
 0 0.145127
 0 0.142098
 0 0.146359
 0 0.151051
 0 0.13922
 0 0.132796
 0 0.144456
 0 0.155187
 0 0.160754
 0 0.145547
 0 0.144759
 0 0.139788
 0 0.150007
 0 0.153154
 0 0.122678
 0 0.148909
 0 0.133286
 0 0.143148
 0 0.150345
 0 0.147151
 0 0.12765
 0 0.148409
 0 0.156211
 0 0.137853
 0 0.144122
 0 0.141576
 0 0.147117
 0 0.145397
 0 0.154482
 0 0.151401
 0 0.139842
 0 0.137879
 0 0.124808
 0 0.153834
 0 0.111848
 0 0.151832
 0 0.153921
 0 0.147038
 0 0.138805
 0 0.132153
 0 0.140958
 0 0.158136
 0 0.13727
 0 0.141721
 0 0.144123
 0 0.120384
 0 0.149233
 0 0.138689
 0 0.153527
 0 0.157237
 0 0.154019
 0 0.159275
 0 0.153556
 0 0.143174
 0 0.153054
 0 0.159594
 0 0.147459
 0 0.124424
 0 0.147415
 0 0.139353
 0 0.1398
 0 0.151621
 0 0.150683
 0 0.136601
 0 0.150096
 0 0.155895
 0 0.149772
 0 0.150744
 0 0.15268
 0 0.151004
 0 0.151761
 0 0.136382
 0 0.153957
