469 1 0 0 1
 0 0.16125
 0 0.157897
 0 0.171593
 0 0.154934
 0 0.174281
 0 0.173798
 0 0.183093
 0 0.168633
 0 0.165916
 0 0.165557
 0 0.160329
 0 0.172951
 0 0.172994
 0 0.17394
 0 0.162564
 0 0.170902
 0 0.166574
 0 0.184492
 0 0.173403
 0 0.180757
 0 0.164929
 0 0.171132
 0 0.168977
 0 0.167037
 0 0.174962
 0 0.176885
 0 0.165992
 0 0.157051
 0 0.186991
 0 0.18674
 0 0.172177
 0 0.165424
 0 0.169838
 0 0.161649
 0 0.163627
 0 0.177691
 0 0.159665
 0 0.168914
 0 0.173434
 0 0.177289
 0 0.167474
 0 0.180737
 0 0.175401
 0 0.174652
 0 0.183135
 0 0.176881
 0 0.175698
 0 0.165078
 0 0.158415
 0 0.157139
 0 0.16362
 0 0.164918
 0 0.17403
 0 0.166045
 0 0.169391
 0 0.181239
 0 0.161047
 0 0.164772
 0 0.156555
 0 0.160712
 0 0.173367
 0 0.167684
 0 0.165762
 0 0.161622
 0 0.178361
 0 0.179504
 0 0.170685
 0 0.180675
 0 0.166845
 0 0.17291
 0 0.169264
 0 0.171415
 0 0.161967
 0 0.178322
 0 0.163906
 0 0.163338
 0 0.174603
 0 0.163833
 0 0.186916
 0 0.183917
 0 0.17352
 0 0.16225
 0 0.175617
 0 0.177896
 0 0.174862
 0 0.179473
 0 0.17093
 0 0.164982
 0 0.170587
 0 0.167162
 0 0.167603
 0 0.184418
 0 0.164249
 0 0.16268
 0 0.167701
 0 0.174037
 0 0.171567
 0 0.159746
 0 0.163778
 0 0.163331
 0 0.15718
 0 0.147661
 0 0.159605
 0 0.175064
 0 0.166791
 0 0.172028
 0 0.156086
 0 0.177193
 0 0.157538
 0 0.169911
 0 0.169226
 0 0.154317
 0 0.182
 0 0.182815
 0 0.188212
 0 0.154923
 0 0.170341
 0 0.17102
 0 0.163804
 0 0.166693
 0 0.158488
 0 0.167332
 0 0.160456
 0 0.167924
 0 0.169618
 0 0.170749
 0 0.166815
 0 0.168698
 0 0.171008
 0 0.169973
 0 0.162055
 0 0.177926
 0 0.154304
 0 0.175547
 0 0.177382
 0 0.169369
 0 0.178306
 0 0.165498
 0 0.180818
 0 0.180361
 0 0.161722
 0 0.157912
 0 0.165274
 0 0.161784
 0 0.176924
 0 0.167891
 0 0.157302
 0 0.163399
 0 0.167945
 0 0.168368
 0 0.176407
 0 0.160242
 0 0.1636
 0 0.149204
 0 0.166264
 0 0.167507
 0 0.167838
 0 0.169086
 0 0.175848
 0 0.168186
 0 0.166686
 0 0.17681
 0 0.171888
 0 0.181151
 0 0.181676
 0 0.169753
 0 0.160695
 0 0.161338
 0 0.178516
 0 0.168699
 0 0.178936
 0 0.172334
 0 0.169673
 0 0.172851
 0 0.179364
 0 0.177474
 0 0.160278
 0 0.18466
 0 0.161421
 0 0.172967
 0 0.186376
 0 0.175827
 0 0.168425
 0 0.164853
 0 0.157148
 0 0.181689
 0 0.1739
 0 0.17196
 0 0.158566
 0 0.174301
 0 0.168466
 0 0.162381
 0 0.161574
 0 0.171414
 0 0.183639
 0 0.17205
 0 0.16917
 0 0.189539
 0 0.156222
 0 0.159855
 0 0.156653
 0 0.171588
 0 0.151944
 0 0.161456
 0 0.167056
 0 0.170013
 0 0.163412
 0 0.173167
 0 0.170765
 0 0.169175
 0 0.167704
 0 0.161776
 0 0.166062
 0 0.176309
 0 0.159459
 0 0.167253
 0 0.163671
 0 0.188181
 0 0.186356
 0 0.175303
 0 0.161871
 0 0.175064
 0 0.1665
 0 0.16601
 0 0.174897
 0 0.175453
 0 0.171515
 0 0.166526
 0 0.174657
 0 0.161426
 0 0.174179
 0 0.177724
 0 0.183712
 0 0.158905
 0 0.18074
 0 0.184464
 0 0.162034
 0 0.181535
 0 0.156025
 0 0.193578
 0 0.159303
 0 0.159301
 0 0.183679
 0 0.167925
 0 0.181173
 0 0.158681
 0 0.168404
 0 0.171517
 0 0.175429
 0 0.170637
 0 0.185206
 0 0.175587
 0 0.186151
 0 0.169151
 0 0.182833
 0 0.172447
 0 0.156117
 0 0.170659
 0 0.163904
 0 0.16385
 0 0.159247
 0 0.157146
 0 0.171148
 0 0.167203
 0 0.157595
 0 0.154398
 0 0.163823
 0 0.158936
 0 0.162397
 0 0.159967
 0 0.155486
 0 0.169625
 0 0.14969
 0 0.179304
 0 0.154454
 0 0.187823
 0 0.178115
 0 0.152191
 0 0.166849
 0 0.17029
 0 0.168937
 0 0.164913
 0 0.180496
 0 0.171945
 0 0.178846
 0 0.156813
 0 0.157603
 0 0.164506
 0 0.152296
 0 0.155926
 0 0.177336
 0 0.165213
 0 0.164947
 0 0.147108
 0 0.165625
 0 0.195704
 0 0.174607
 0 0.158018
 0 0.190755
 0 0.160153
 0 0.16106
 0 0.153215
 0 0.166259
 0 0.16521
 0 0.177994
 0 0.182237
 0 0.184513
 0 0.165168
 0 0.14892
 0 0.181747
 0 0.164715
 0 0.172107
 0 0.174286
 0 0.174881
 0 0.173535
 0 0.175933
 0 0.168793
 0 0.174972
 0 0.170267
 0 0.155576
 0 0.169506
 0 0.174049
 0 0.177386
 0 0.173936
 0 0.166356
 0 0.159818
 0 0.160122
 0 0.172943
 0 0.162456
 0 0.168911
 0 0.155498
 0 0.17514
 0 0.171213
 0 0.159861
 0 0.168868
 0 0.167537
 0 0.162168
 0 0.167316
 0 0.178363
 0 0.174436
 0 0.169346
 0 0.160466
 0 0.1814
 0 0.163754
 0 0.162066
 0 0.163609
 0 0.174521
 0 0.171226
 0 0.173816
 0 0.178285
 0 0.146826
 0 0.180298
 0 0.16646
 0 0.180662
 0 0.178549
 0 0.172649
 0 0.167399
 0 0.176021
 0 0.181774
 0 0.173357
 0 0.165217
 0 0.15665
 0 0.170618
 0 0.169256
 0 0.15796
 0 0.17625
 0 0.170192
 0 0.167601
 0 0.177832
 0 0.168937
 0 0.180813
 0 0.164644
 0 0.15446
 0 0.174392
 0 0.171563
 0 0.181229
 0 0.166497
 0 0.178796
 0 0.152248
 0 0.174762
 0 0.172962
 0 0.171042
 0 0.174335
 0 0.182045
 0 0.178717
 0 0.150937
 0 0.166845
 0 0.180505
 0 0.169667
 0 0.170059
 0 0.184002
 0 0.170645
 0 0.161185
 0 0.177873
 0 0.1633
 0 0.165499
 0 0.15418
 0 0.162216
 0 0.176247
 0 0.163262
 0 0.170949
 0 0.173814
 0 0.15611
 0 0.186093
 0 0.168959
 0 0.173092
 0 0.178957
 0 0.163634
 0 0.177595
 0 0.189215
 0 0.166843
 0 0.165785
 0 0.176121
 0 0.165179
 0 0.16413
 0 0.169054
 0 0.158262
 0 0.16687
 0 0.167906
 0 0.151358
 0 0.176604
 0 0.168988
 0 0.173402
 0 0.178979
 0 0.170463
 0 0.173602
 0 0.168695
 0 0.168483
 0 0.16663
 0 0.169321
 0 0.166
 0 0.175517
 0 0.179796
 0 0.180169
 0 0.166475
 0 0.170981
 0 0.181797
 0 0.153136
 0 0.161627
 0 0.177971
 0 0.17713
 0 0.156979
 0 0.156199
 0 0.158066
 0 0.179175
 0 0.175059
 0 0.174954
 0 0.175409
 0 0.171869
 0 0.162491
 0 0.18182
 0 0.174934
 0 0.164034
 0 0.175765
 0 0.165
 0 0.174338
 0 0.163667
 0 0.160477
 0 0.177751
 0 0.173536
 0 0.188828
 0 0.176576
 0 0.168249
 0 0.178933
 0 0.180859
 0 0.185085
 0 0.176852
 0 0.167138
 0 0.187875
