469 1 0 0 1
 0 0.193482
 0 0.162733
 0 0.161695
 0 0.164981
 0 0.207605
 0 0.198174
 0 0.159747
 0 0.152231
 0 0.190516
 0 0.180418
 0 0.175386
 0 0.176588
 0 0.210825
 0 0.172274
 0 0.177784
 0 0.177268
 0 0.164867
 0 0.195253
 0 0.159997
 0 0.222097
 0 0.157248
 0 0.167576
 0 0.158753
 0 0.182863
 0 0.181813
 0 0.180509
 0 0.19738
 0 0.175989
 0 0.188632
 0 0.320986
 0 0.198388
 0 0.183068
 0 0.149748
 0 0.173199
 0 0.16456
 0 0.165568
 0 0.19869
 0 0.170625
 0 0.169389
 0 0.173705
 0 0.167116
 0 0.16037
 0 0.200981
 0 0.148279
 0 0.178643
 0 0.174183
 0 0.191037
 0 0.199677
 0 0.111446
 0 0.172577
 0 0.186481
 0 0.184536
 0 0.198956
 0 0.161722
 0 0.158689
 0 0.172766
 0 0.197445
 0 0.238758
 0 0.180395
 0 0.184291
 0 0.212628
 0 0.181554
 0 0.178001
 0 0.216787
 0 0.154679
 0 0.17038
 0 0.173213
 0 0.179463
 0 0.170095
 0 0.181404
 0 0.168351
 0 0.193218
 0 0.161851
 0 0.224396
 0 0.18909
 0 0.185421
 0 0.165367
 0 0.173085
 0 0.165437
 0 0.173727
 0 0.177431
 0 0.170134
 0 0.188405
 0 0.16274
 0 0.171347
 0 0.179505
 0 0.182198
 0 0.193049
 0 0.186638
 0 0.166086
 0 0.172735
 0 0.201613
 0 0.19735
 0 0.164874
 0 0.174759
 0 0.191531
 0 0.147738
 0 0.171076
 0 0.176879
 0 0.154475
 0 0.190585
 0 0.150866
 0 0.179127
 0 0.182326
 0 0.174139
 0 0.166544
 0 0.130068
 0 0.157636
 0 0.172963
 0 0.185406
 0 0.187111
 0 0.176127
 0 0.177974
 0 0.195531
 0 0.112578
 0 0.154251
 0 0.191459
 0 0.162386
 0 0.168599
 0 0.220703
 0 0.178118
 0 0.200377
 0 0.181647
 0 0.159643
 0 0.161097
 0 0.167609
 0 0.19807
 0 0.198498
 0 0.193417
 0 0.175347
 0 0.173405
 0 0.148521
 0 0.15437
 0 0.200345
 0 0.182263
 0 0.189464
 0 0.196886
 0 0.171965
 0 0.165168
 0 0.217861
 0 0.196869
 0 0.171093
 0 0.191109
 0 0.198303
 0 0.200785
 0 0.164895
 0 0.175644
 0 0.154964
 0 0.101754
 0 0.179149
 0 0.177837
 0 0.165064
 0 0.149407
 0 0.155094
 0 0.175939
 0 0.173677
 0 0.181581
 0 0.16892
 0 0.150015
 0 0.185334
 0 0.18896
 0 0.149659
 0 0.179475
 0 0.210306
 0 0.173187
 0 0.184594
 0 0.149586
 0 0.183648
 0 0.17298
 0 0.215231
 0 0.195028
 0 0.190074
 0 0.182982
 0 0.170301
 0 0.15156
 0 0.182007
 0 0.145644
 0 0.165833
 0 0.230948
 0 0.176689
 0 0.204616
 0 0.184681
 0 0.189403
 0 0.174196
 0 0.182546
 0 0.163694
 0 0.176205
 0 0.173566
 0 0.197995
 0 0.202775
 0 0.130788
 0 0.197413
 0 0.162289
 0 0.139402
 0 0.214789
 0 0.182637
 0 0.19825
 0 0.216064
 0 0.134159
 0 0.161429
 0 0.121844
 0 0.172769
 0 0.162286
 0 0.184473
 0 0.148346
 0 0.200764
 0 0.174867
 0 0.171812
 0 0.189492
 0 0.129288
 0 0.190848
 0 0.14565
 0 0.177091
 0 0.174404
 0 0.161736
 0 0.178451
 0 0.188862
 0 0.210946
 0 0.191273
 0 0.14861
 0 0.160441
 0 0.182427
 0 0.189934
 0 0.157441
 0 0.164796
 0 0.172162
 0 0.189936
 0 0.189263
 0 0.120381
 0 0.143169
 0 0.179449
 0 0.143959
 0 0.140069
 0 0.170819
 0 0.167955
 0 0.180684
 0 0.16961
 0 0.169931
 0 0.1726
 0 0.194925
 0 0.164535
 0 0.193182
 0 0.144791
 0 0.179097
 0 0.193469
 0 0.182683
 0 0.181802
 0 0.178172
 0 0.199018
 0 0.185082
 0 0.164615
 0 0.147596
 0 0.0775256
 0 0.174877
 0 0.189786
 0 0.181572
 0 0.16871
 0 0.16276
 0 0.198526
 0 0.1438
 0 0.184158
 0 0.147983
 0 0.185197
 0 0.178711
 0 0.195079
 0 0.172057
 0 0.208052
 0 0.176862
 0 0.162884
 0 0.190607
 0 0.188658
 0 0.167334
 0 0.146068
 0 0.183726
 0 0.176032
 0 0.172669
 0 0.199777
 0 0.18259
 0 0.157799
 0 0.148972
 0 0.240499
 0 0.200135
 0 0.194801
 0 0.187727
 0 0.185462
 0 0.177084
 0 0.16628
 0 0.182541
 0 0.159371
 0 0.163357
 0 0.174699
 0 0.193508
 0 0.164034
 0 0.182304
 0 0.145079
 0 0.165283
 0 0.176462
 0 0.181558
 0 0.157072
 0 0.164659
 0 0.158768
 0 0.170062
 0 0.161543
 0 0.173648
 0 0.169244
 0 0.166481
 0 0.178176
 0 0.186547
 0 0.161458
 0 0.175662
 0 0.201673
 0 0.16947
 0 0.177446
 0 0.151657
 0 0.18848
 0 0.178231
 0 0.172652
 0 0.182173
 0 0.157579
 0 0.202463
 0 0.1601
 0 0.157154
 0 0.178923
 0 0.16958
 0 0.201062
 0 0.172632
 0 0.194765
 0 0.198791
 0 0.117402
 0 0.199238
 0 0.157636
 0 0.173563
 0 0.196431
 0 0.140338
 0 0.166968
 0 0.203114
 0 0.167901
 0 0.21836
 0 0.143075
 0 0.163904
 0 0.176141
 0 0.18137
 0 0.173323
 0 0.174986
 0 0.164777
 0 0.17381
 0 0.217115
 0 0.169086
 0 0.183482
 0 0.172121
 0 0.187305
 0 0.16175
 0 0.18173
 0 0.147604
 0 0.192825
 0 0.170306
 0 0.196548
 0 0.185803
 0 0.191787
 0 0.171735
 0 0.172893
 0 0.210727
 0 0.164568
 0 0.192514
 0 0.176656
 0 0.198491
 0 0.115446
 0 0.157671
 0 0.189492
 0 0.176294
 0 0.174502
 0 0.185195
 0 0.201583
 0 0.174151
 0 0.176628
 0 0.164042
 0 0.226652
 0 0.160863
 0 0.18167
 0 0.153772
 0 0.144456
 0 0.16821
 0 0.177744
 0 0.118479
 0 0.149802
 0 0.181829
 0 0.177964
 0 0.165292
 0 0.205866
 0 0.200908
 0 0.18293
 0 0.212688
 0 0.199464
 0 0.159696
 0 0.171118
 0 0.194004
 0 0.172515
 0 0.190349
 0 0.147448
 0 0.185448
 0 0.139971
 0 0.197223
 0 0.15548
 0 0.169732
 0 0.20079
 0 0.164915
 0 0.177161
 0 0.16199
 0 0.190419
 0 0.146324
 0 0.138172
 0 0.193417
 0 0.155897
 0 0.20649
 0 0.15707
 0 0.173201
 0 0.13181
 0 0.16601
 0 0.195763
 0 0.209101
 0 0.142672
 0 0.177393
 0 0.180017
 0 0.22636
 0 0.160854
 0 0.172475
 0 0.208284
 0 0.15738
 0 0.0606756
 0 0.154213
 0 0.131012
 0 0.198236
 0 0.188819
 0 0.182569
 0 0.187747
 0 0.226143
 0 0.175815
 0 0.236234
 0 0.153029
 0 0.138958
 0 0.193246
 0 0.196616
 0 0.180572
 0 0.176462
 0 0.181171
 0 0.20029
 0 0.18411
 0 0.203656
 0 0.182479
 0 0.153723
 0 0.17401
 0 0.209635
 0 0.182507
 0 0.144729
 0 0.179826
 0 0.159998
 0 0.18938
 0 0.173606
 0 0.188394
 0 0.174682
 0 0.163805
 0 0.215376
 0 0.153742
 0 0.19224
 0 0.190022
 0 0.193495
 0 0.175345
 0 0.176862
 0 0.161586
