469 1 0 0 1
 0 0.154559
 0 0.158088
 0 0.156063
 0 0.155801
 0 0.157207
 0 0.144985
 0 0.141346
 0 0.164159
 0 0.15557
 0 0.154275
 0 0.147225
 0 0.155779
 0 0.157966
 0 0.155132
 0 0.134996
 0 0.160876
 0 0.154137
 0 0.160784
 0 0.16893
 0 0.162207
 0 0.153839
 0 0.152979
 0 0.149625
 0 0.156104
 0 0.157154
 0 0.150457
 0 0.149992
 0 0.168667
 0 0.16185
 0 0.193343
 0 0.165432
 0 0.166237
 0 0.156349
 0 0.151956
 0 0.172364
 0 0.1572
 0 0.165978
 0 0.148709
 0 0.16417
 0 0.160363
 0 0.180781
 0 0.159124
 0 0.152093
 0 0.154231
 0 0.15087
 0 0.142012
 0 0.157917
 0 0.154993
 0 0.186322
 0 0.155051
 0 0.159594
 0 0.166139
 0 0.161119
 0 0.164017
 0 0.158764
 0 0.156748
 0 0.167881
 0 0.139822
 0 0.148092
 0 0.173068
 0 0.18287
 0 0.157141
 0 0.162049
 0 0.168743
 0 0.174616
 0 0.167784
 0 0.164386
 0 0.165781
 0 0.158246
 0 0.161217
 0 0.16835
 0 0.148652
 0 0.157277
 0 0.165315
 0 0.163359
 0 0.150206
 0 0.162517
 0 0.166577
 0 0.164596
 0 0.176179
 0 0.158885
 0 0.164423
 0 0.149198
 0 0.159391
 0 0.151617
 0 0.166767
 0 0.164901
 0 0.160742
 0 0.148402
 0 0.15298
 0 0.14639
 0 0.155393
 0 0.176147
 0 0.144887
 0 0.142926
 0 0.145718
 0 0.155439
 0 0.158052
 0 0.160589
 0 0.158155
 0 0.153344
 0 0.149745
 0 0.181339
 0 0.175899
 0 0.161516
 0 0.149259
 0 0.153432
 0 0.13489
 0 0.157682
 0 0.15265
 0 0.158296
 0 0.162987
 0 0.149282
 0 0.137892
 0 0.0928785
 0 0.127343
 0 0.164554
 0 0.15707
 0 0.17176
 0 0.164431
 0 0.148113
 0 0.146922
 0 0.148991
 0 0.164395
 0 0.146789
 0 0.144095
 0 0.151145
 0 0.145249
 0 0.17328
 0 0.16607
 0 0.142954
 0 0.149348
 0 0.141895
 0 0.146802
 0 0.154516
 0 0.151729
 0 0.145749
 0 0.146928
 0 0.149684
 0 0.146712
 0 0.162885
 0 0.157009
 0 0.153695
 0 0.135581
 0 0.153696
 0 0.167144
 0 0.134696
 0 0.159543
 0 0.102258
 0 0.164942
 0 0.154454
 0 0.164586
 0 0.154079
 0 0.147553
 0 0.16477
 0 0.141226
 0 0.156077
 0 0.162747
 0 0.140208
 0 0.15437
 0 0.171855
 0 0.165226
 0 0.166249
 0 0.125096
 0 0.162087
 0 0.167501
 0 0.164422
 0 0.159725
 0 0.159737
 0 0.165869
 0 0.159085
 0 0.154919
 0 0.145839
 0 0.159794
 0 0.146837
 0 0.150048
 0 0.162615
 0 0.159184
 0 0.181044
 0 0.160643
 0 0.166317
 0 0.148384
 0 0.147089
 0 0.149945
 0 0.158332
 0 0.168485
 0 0.137586
 0 0.150141
 0 0.166845
 0 0.154101
 0 0.167898
 0 0.149519
 0 0.151299
 0 0.151719
 0 0.165481
 0 0.149534
 0 0.15253
 0 0.165857
 0 0.165142
 0 0.165992
 0 0.156392
 0 0.170306
 0 0.152101
 0 0.16005
 0 0.155059
 0 0.156256
 0 0.165531
 0 0.10136
 0 0.156479
 0 0.13791
 0 0.129549
 0 0.165069
 0 0.16518
 0 0.0824083
 0 0.166083
 0 0.156966
 0 0.154446
 0 0.143556
 0 0.152103
 0 0.157071
 0 0.155815
 0 0.16864
 0 0.151806
 0 0.140849
 0 0.147966
 0 0.156466
 0 0.153897
 0 0.166398
 0 0.16573
 0 0.155961
 0 0.144883
 0 0.163448
 0 0.159439
 0 0.120391
 0 0.14916
 0 0.175583
 0 0.154712
 0 0.154696
 0 0.176762
 0 0.168956
 0 0.12917
 0 0.171327
 0 0.144914
 0 0.161479
 0 0.170004
 0 0.162029
 0 0.15903
 0 0.160826
 0 0.144523
 0 0.156574
 0 0.13498
 0 0.172925
 0 0.15345
 0 0.145241
 0 0.149336
 0 0.161725
 0 0.143894
 0 0.158653
 0 0.147066
 0 0.15818
 0 0.152212
 0 0.162539
 0 0.168377
 0 0.147488
 0 0.165404
 0 0.112623
 0 0.156154
 0 0.173123
 0 0.161173
 0 0.168117
 0 0.168341
 0 0.156504
 0 0.154293
 0 0.150497
 0 0.173905
 0 0.158184
 0 0.15893
 0 0.162064
 0 0.154576
 0 0.153798
 0 0.14711
 0 0.179679
 0 0.159048
 0 0.161045
 0 0.164535
 0 0.166409
 0 0.16692
 0 0.16241
 0 0.151129
 0 0.144824
 0 0.164749
 0 0.178938
 0 0.155827
 0 0.1588
 0 0.151254
 0 0.160198
 0 0.16162
 0 0.156291
 0 0.158099
 0 0.144295
 0 0.158086
 0 0.156892
 0 0.158561
 0 0.166273
 0 0.164025
 0 0.142055
 0 0.15399
 0 0.159174
 0 0.157985
 0 0.120756
 0 0.156619
 0 0.164255
 0 0.160196
 0 0.15059
 0 0.152713
 0 0.155974
 0 0.148613
 0 0.177791
 0 0.160625
 0 0.163298
 0 0.146993
 0 0.162975
 0 0.164957
 0 0.166208
 0 0.148901
 0 0.157365
 0 0.151793
 0 0.157168
 0 0.146147
 0 0.170348
 0 0.154223
 0 0.144604
 0 0.152093
 0 0.136363
 0 0.151141
 0 0.164851
 0 0.146127
 0 0.142652
 0 0.15594
 0 0.152094
 0 0.163585
 0 0.159651
 0 0.144804
 0 0.168341
 0 0.152623
 0 0.14505
 0 0.131381
 0 0.157256
 0 0.149719
 0 0.160061
 0 0.167995
 0 0.15842
 0 0.151135
 0 0.156766
 0 0.162419
 0 0.13974
 0 0.175677
 0 0.169495
 0 0.14046
 0 0.150798
 0 0.137405
 0 0.165699
 0 0.158766
 0 0.161652
 0 0.140145
 0 0.156732
 0 0.143623
 0 0.171093
 0 0.133109
 0 0.131321
 0 0.15597
 0 0.167225
 0 0.174754
 0 0.149228
 0 0.147321
 0 0.147986
 0 0.152865
 0 0.144502
 0 0.147339
 0 0.146544
 0 0.159425
 0 0.14856
 0 0.157892
 0 0.140192
 0 0.175552
 0 0.175169
 0 0.150917
 0 0.161194
 0 0.149907
 0 0.159987
 0 0.16949
 0 0.153713
 0 0.155154
 0 0.148655
 0 0.160503
 0 0.156405
 0 0.133703
 0 0.154881
 0 0.161108
 0 0.156955
 0 0.146154
 0 0.156934
 0 0.136613
 0 0.17951
 0 0.178466
 0 0.153079
 0 0.156525
 0 0.149553
 0 0.139573
 0 0.141082
 0 0.136587
 0 0.183389
 0 0.143045
 0 0.163785
 0 0.153313
 0 0.16008
 0 0.147364
 0 0.166045
 0 0.156044
 0 0.167716
 0 0.152479
 0 0.155004
 0 0.146989
 0 0.167969
 0 0.137682
 0 0.166138
 0 0.148355
 0 0.156592
 0 0.12342
 0 0.155044
 0 0.142725
 0 0.159623
 0 0.166796
 0 0.167442
 0 0.148195
 0 0.163165
 0 0.156351
 0 0.197102
 0 0.158058
 0 0.16184
 0 0.152282
 0 0.148991
 0 0.143734
 0 0.165292
 0 0.161218
 0 0.177257
 0 0.154826
 0 0.159017
 0 0.159345
 0 0.173128
 0 0.16397
 0 0.181743
 0 0.167838
 0 0.143195
 0 0.152662
 0 0.148121
 0 0.156252
 0 0.149453
 0 0.167024
 0 0.143086
 0 0.166381
 0 0.152695
 0 0.161847
 0 0.153495
 0 0.15822
 0 0.168151
 0 0.141741
 0 0.168674
 0 0.169759
