469 1 0 0 1
 0 0.153759
 0 0.153667
 0 0.164207
 0 0.162022
 0 0.162094
 0 0.164735
 0 0.158237
 0 0.150073
 0 0.152777
 0 0.154857
 0 0.156327
 0 0.164205
 0 0.15809
 0 0.173595
 0 0.157043
 0 0.145333
 0 0.146229
 0 0.168063
 0 0.164965
 0 0.189962
 0 0.155629
 0 0.158776
 0 0.154424
 0 0.161178
 0 0.159223
 0 0.147352
 0 0.167984
 0 0.148341
 0 0.161137
 0 0.173356
 0 0.168699
 0 0.161414
 0 0.152689
 0 0.164703
 0 0.146901
 0 0.15974
 0 0.170898
 0 0.156052
 0 0.169855
 0 0.148269
 0 0.155305
 0 0.162419
 0 0.161142
 0 0.153885
 0 0.16262
 0 0.163308
 0 0.159222
 0 0.147487
 0 0.125703
 0 0.152553
 0 0.161882
 0 0.152092
 0 0.157569
 0 0.148416
 0 0.154328
 0 0.158883
 0 0.16342
 0 0.153244
 0 0.154758
 0 0.159678
 0 0.172157
 0 0.168584
 0 0.138497
 0 0.152774
 0 0.151054
 0 0.162584
 0 0.153788
 0 0.162423
 0 0.148094
 0 0.158592
 0 0.159121
 0 0.159242
 0 0.157686
 0 0.16805
 0 0.16025
 0 0.130368
 0 0.137541
 0 0.160141
 0 0.163623
 0 0.167007
 0 0.161884
 0 0.155489
 0 0.160087
 0 0.164484
 0 0.169003
 0 0.161325
 0 0.175707
 0 0.16228
 0 0.151115
 0 0.157008
 0 0.16349
 0 0.161819
 0 0.171931
 0 0.163648
 0 0.163316
 0 0.155712
 0 0.157999
 0 0.161482
 0 0.166065
 0 0.138657
 0 0.158804
 0 0.143618
 0 0.163617
 0 0.179791
 0 0.168598
 0 0.168988
 0 0.138546
 0 0.16016
 0 0.157356
 0 0.16189
 0 0.159042
 0 0.156382
 0 0.180177
 0 0.154839
 0 0.130016
 0 0.152665
 0 0.153452
 0 0.151145
 0 0.161246
 0 0.14573
 0 0.163774
 0 0.155624
 0 0.165055
 0 0.15446
 0 0.144413
 0 0.159679
 0 0.150039
 0 0.15407
 0 0.160613
 0 0.143018
 0 0.157449
 0 0.165772
 0 0.151727
 0 0.154453
 0 0.168827
 0 0.157272
 0 0.139263
 0 0.159857
 0 0.170656
 0 0.147582
 0 0.152033
 0 0.165153
 0 0.165728
 0 0.151927
 0 0.167437
 0 0.15566
 0 0.14303
 0 0.163426
 0 0.125328
 0 0.156919
 0 0.155199
 0 0.15652
 0 0.148541
 0 0.14174
 0 0.150509
 0 0.15661
 0 0.167891
 0 0.160052
 0 0.162912
 0 0.153983
 0 0.162094
 0 0.168484
 0 0.164285
 0 0.159001
 0 0.160955
 0 0.160289
 0 0.162701
 0 0.162243
 0 0.15779
 0 0.166411
 0 0.174431
 0 0.148319
 0 0.156434
 0 0.150513
 0 0.141792
 0 0.158856
 0 0.154285
 0 0.164869
 0 0.174263
 0 0.163604
 0 0.155309
 0 0.167506
 0 0.161513
 0 0.150518
 0 0.163376
 0 0.162911
 0 0.154959
 0 0.168178
 0 0.16005
 0 0.165667
 0 0.154968
 0 0.151669
 0 0.158384
 0 0.147574
 0 0.177054
 0 0.154932
 0 0.14664
 0 0.174953
 0 0.153661
 0 0.162004
 0 0.124276
 0 0.158623
 0 0.160248
 0 0.165141
 0 0.142638
 0 0.156855
 0 0.171744
 0 0.162746
 0 0.162738
 0 0.148076
 0 0.164918
 0 0.151178
 0 0.1647
 0 0.162104
 0 0.132974
 0 0.164992
 0 0.153881
 0 0.141376
 0 0.149866
 0 0.15061
 0 0.158388
 0 0.164326
 0 0.16316
 0 0.148011
 0 0.14066
 0 0.15345
 0 0.170684
 0 0.154805
 0 0.148478
 0 0.145521
 0 0.145148
 0 0.15594
 0 0.160308
 0 0.163315
 0 0.155199
 0 0.183461
 0 0.164407
 0 0.160822
 0 0.154256
 0 0.1744
 0 0.14806
 0 0.161934
 0 0.147854
 0 0.163844
 0 0.177024
 0 0.153858
 0 0.138079
 0 0.162226
 0 0.157645
 0 0.159513
 0 0.157384
 0 0.159479
 0 0.127456
 0 0.151159
 0 0.170668
 0 0.163293
 0 0.14541
 0 0.157613
 0 0.153522
 0 0.138857
 0 0.155241
 0 0.157213
 0 0.169437
 0 0.155141
 0 0.16405
 0 0.114912
 0 0.169802
 0 0.153303
 0 0.160552
 0 0.153493
 0 0.16077
 0 0.151564
 0 0.154956
 0 0.149872
 0 0.164765
 0 0.156506
 0 0.163884
 0 0.154248
 0 0.153833
 0 0.155253
 0 0.143588
 0 0.159519
 0 0.166261
 0 0.16827
 0 0.163995
 0 0.165479
 0 0.133723
 0 0.157235
 0 0.148203
 0 0.145925
 0 0.175589
 0 0.158658
 0 0.16616
 0 0.147969
 0 0.141711
 0 0.135388
 0 0.163364
 0 0.15985
 0 0.161264
 0 0.14703
 0 0.158009
 0 0.162459
 0 0.15625
 0 0.160881
 0 0.167439
 0 0.161548
 0 0.145445
 0 0.155556
 0 0.149094
 0 0.159713
 0 0.153045
 0 0.168954
 0 0.160143
 0 0.153969
 0 0.159297
 0 0.162127
 0 0.138535
 0 0.163811
 0 0.156111
 0 0.149068
 0 0.141563
 0 0.168943
 0 0.173009
 0 0.153802
 0 0.161269
 0 0.152149
 0 0.158035
 0 0.159658
 0 0.139621
 0 0.156858
 0 0.138454
 0 0.157754
 0 0.17613
 0 0.155877
 0 0.15353
 0 0.166002
 0 0.15126
 0 0.131939
 0 0.159256
 0 0.156599
 0 0.162259
 0 0.141054
 0 0.153323
 0 0.147652
 0 0.157002
 0 0.158052
 0 0.173203
 0 0.157663
 0 0.170003
 0 0.162873
 0 0.155673
 0 0.148961
 0 0.141528
 0 0.137857
 0 0.167638
 0 0.164184
 0 0.165766
 0 0.164565
 0 0.16564
 0 0.163503
 0 0.147331
 0 0.168515
 0 0.133367
 0 0.151786
 0 0.147538
 0 0.154855
 0 0.147077
 0 0.161738
 0 0.141502
 0 0.145146
 0 0.180177
 0 0.149518
 0 0.148632
 0 0.163904
 0 0.164207
 0 0.158501
 0 0.175185
 0 0.171062
 0 0.1652
 0 0.158686
 0 0.14614
 0 0.157011
 0 0.164115
 0 0.162375
 0 0.172115
 0 0.157302
 0 0.161818
 0 0.176813
 0 0.153244
 0 0.156521
 0 0.163917
 0 0.148779
 0 0.156853
 0 0.151075
 0 0.145847
 0 0.15791
 0 0.156045
 0 0.155279
 0 0.165986
 0 0.163186
 0 0.147135
 0 0.154974
 0 0.142814
 0 0.173352
 0 0.167785
 0 0.153021
 0 0.156641
 0 0.144419
 0 0.163197
 0 0.163147
 0 0.141276
 0 0.163369
 0 0.147441
 0 0.157042
 0 0.164126
 0 0.157706
 0 0.145786
 0 0.171962
 0 0.167531
 0 0.162065
 0 0.16075
 0 0.15823
 0 0.164331
 0 0.164177
 0 0.169159
 0 0.169803
 0 0.153693
 0 0.15919
 0 0.11847
 0 0.162695
 0 0.126077
 0 0.161074
 0 0.161323
 0 0.161596
 0 0.155963
 0 0.158051
 0 0.148289
 0 0.182761
 0 0.151705
 0 0.171166
 0 0.162908
 0 0.143302
 0 0.160302
 0 0.149686
 0 0.167397
 0 0.168964
 0 0.163751
 0 0.169332
 0 0.165471
 0 0.166008
 0 0.173005
 0 0.168643
 0 0.161535
 0 0.149965
 0 0.149576
 0 0.155637
 0 0.150662
 0 0.15995
 0 0.163041
 0 0.149804
 0 0.163177
 0 0.180085
 0 0.159043
 0 0.162518
 0 0.167876
 0 0.170809
 0 0.160255
 0 0.147511
 0 0.160106
