469 1 0 0 1
 0 0.0991107
 0 0.10112
 0 0.110136
 0 0.110952
 0 0.0984166
 0 0.112242
 0 0.113093
 0 0.0927318
 0 0.0980479
 0 0.11019
 0 0.111408
 0 0.110456
 0 0.108788
 0 0.118488
 0 0.106196
 0 0.0940745
 0 0.104946
 0 0.115445
 0 0.1151
 0 0.127322
 0 0.10723
 0 0.116997
 0 0.0996742
 0 0.116016
 0 0.101774
 0 0.0972093
 0 0.126232
 0 0.101937
 0 0.110373
 0 0.11607
 0 0.115243
 0 0.110953
 0 0.113101
 0 0.112186
 0 0.108246
 0 0.0968651
 0 0.104678
 0 0.110921
 0 0.121816
 0 0.113796
 0 0.098386
 0 0.110317
 0 0.11402
 0 0.11203
 0 0.110561
 0 0.109898
 0 0.107419
 0 0.102278
 0 0.0836075
 0 0.102062
 0 0.110334
 0 0.105338
 0 0.103148
 0 0.0990748
 0 0.102689
 0 0.103211
 0 0.113098
 0 0.0858561
 0 0.104847
 0 0.099926
 0 0.121458
 0 0.114466
 0 0.0955662
 0 0.109385
 0 0.101231
 0 0.114228
 0 0.103676
 0 0.104967
 0 0.0959964
 0 0.108915
 0 0.116556
 0 0.108059
 0 0.105821
 0 0.111986
 0 0.11035
 0 0.0935061
 0 0.0884348
 0 0.111482
 0 0.119229
 0 0.120525
 0 0.111172
 0 0.112277
 0 0.105868
 0 0.111253
 0 0.122354
 0 0.115492
 0 0.106107
 0 0.119041
 0 0.0970632
 0 0.113786
 0 0.109083
 0 0.102086
 0 0.115561
 0 0.118509
 0 0.111996
 0 0.114268
 0 0.0963277
 0 0.110053
 0 0.113017
 0 0.0913345
 0 0.112053
 0 0.0902256
 0 0.114422
 0 0.127208
 0 0.113088
 0 0.107325
 0 0.102412
 0 0.113909
 0 0.114271
 0 0.102798
 0 0.106408
 0 0.0934028
 0 0.117349
 0 0.0948149
 0 0.0668296
 0 0.101387
 0 0.104419
 0 0.0938288
 0 0.112545
 0 0.0980077
 0 0.114274
 0 0.106546
 0 0.114641
 0 0.0985028
 0 0.0887445
 0 0.101458
 0 0.110245
 0 0.0866899
 0 0.110866
 0 0.106683
 0 0.103934
 0 0.115634
 0 0.103511
 0 0.10203
 0 0.120398
 0 0.102974
 0 0.105585
 0 0.108945
 0 0.109473
 0 0.0981121
 0 0.1092
 0 0.108688
 0 0.113673
 0 0.114547
 0 0.111711
 0 0.104108
 0 0.0836865
 0 0.112675
 0 0.0720811
 0 0.108508
 0 0.1053
 0 0.099098
 0 0.103023
 0 0.0983564
 0 0.104825
 0 0.108898
 0 0.112162
 0 0.103175
 0 0.113774
 0 0.119175
 0 0.122037
 0 0.117368
 0 0.107904
 0 0.114664
 0 0.100811
 0 0.111007
 0 0.106084
 0 0.113672
 0 0.115535
 0 0.122213
 0 0.113583
 0 0.104687
 0 0.110306
 0 0.107694
 0 0.0945571
 0 0.117145
 0 0.109884
 0 0.11846
 0 0.119812
 0 0.118923
 0 0.0999223
 0 0.11767
 0 0.10744
 0 0.103674
 0 0.104735
 0 0.114611
 0 0.107157
 0 0.112554
 0 0.106842
 0 0.109401
 0 0.101011
 0 0.104323
 0 0.102967
 0 0.0996822
 0 0.123568
 0 0.10747
 0 0.0898288
 0 0.120298
 0 0.0863712
 0 0.114802
 0 0.0803583
 0 0.116601
 0 0.101978
 0 0.117858
 0 0.0966808
 0 0.111816
 0 0.120465
 0 0.113284
 0 0.104871
 0 0.093678
 0 0.116658
 0 0.1039
 0 0.118722
 0 0.0946122
 0 0.078936
 0 0.115928
 0 0.109362
 0 0.0743869
 0 0.096509
 0 0.105197
 0 0.103844
 0 0.108428
 0 0.109937
 0 0.087664
 0 0.0936456
 0 0.111754
 0 0.11803
 0 0.107787
 0 0.103334
 0 0.0926568
 0 0.10086
 0 0.102821
 0 0.104603
 0 0.114297
 0 0.100402
 0 0.131591
 0 0.117747
 0 0.116908
 0 0.108252
 0 0.121568
 0 0.10173
 0 0.119293
 0 0.106301
 0 0.118353
 0 0.128211
 0 0.095813
 0 0.0998873
 0 0.113391
 0 0.114562
 0 0.118026
 0 0.0920948
 0 0.107688
 0 0.0807926
 0 0.0957245
 0 0.117461
 0 0.121029
 0 0.104261
 0 0.111983
 0 0.100303
 0 0.101263
 0 0.106124
 0 0.10577
 0 0.11743
 0 0.0969357
 0 0.119543
 0 0.0389724
 0 0.11913
 0 0.111444
 0 0.105399
 0 0.0990871
 0 0.111212
 0 0.104542
 0 0.108014
 0 0.101367
 0 0.114888
 0 0.105186
 0 0.119105
 0 0.105144
 0 0.110131
 0 0.105787
 0 0.0532409
 0 0.107101
 0 0.111759
 0 0.113887
 0 0.113401
 0 0.114522
 0 0.0963053
 0 0.116154
 0 0.108391
 0 0.0952318
 0 0.12768
 0 0.105579
 0 0.114523
 0 0.0976582
 0 0.0992779
 0 0.0945259
 0 0.106
 0 0.11355
 0 0.116549
 0 0.101209
 0 0.105754
 0 0.0805601
 0 0.102645
 0 0.105795
 0 0.117476
 0 0.11302
 0 0.0988934
 0 0.106433
 0 0.0997483
 0 0.108504
 0 0.10834
 0 0.109891
 0 0.112456
 0 0.102147
 0 0.10656
 0 0.109629
 0 0.0929994
 0 0.114335
 0 0.106842
 0 0.100572
 0 0.104104
 0 0.0948133
 0 0.116122
 0 0.117948
 0 0.100756
 0 0.106372
 0 0.105229
 0 0.109621
 0 0.091979
 0 0.108049
 0 0.0880161
 0 0.108077
 0 0.10967
 0 0.109571
 0 0.109218
 0 0.116331
 0 0.103811
 0 0.0834877
 0 0.115537
 0 0.101801
 0 0.12383
 0 0.0916186
 0 0.104477
 0 0.0990864
 0 0.111591
 0 0.10479
 0 0.121998
 0 0.116902
 0 0.11766
 0 0.109915
 0 0.103522
 0 0.0863612
 0 0.104185
 0 0.091391
 0 0.106118
 0 0.11125
 0 0.118037
 0 0.113886
 0 0.107425
 0 0.113175
 0 0.108915
 0 0.112243
 0 0.0790575
 0 0.102029
 0 0.0996034
 0 0.104725
 0 0.0998758
 0 0.119673
 0 0.103225
 0 0.0909152
 0 0.123874
 0 0.103502
 0 0.101286
 0 0.112197
 0 0.117665
 0 0.110207
 0 0.116499
 0 0.123914
 0 0.11262
 0 0.107521
 0 0.108114
 0 0.112512
 0 0.110492
 0 0.0957288
 0 0.115947
 0 0.109714
 0 0.109897
 0 0.105169
 0 0.104531
 0 0.0996065
 0 0.105347
 0 0.0859537
 0 0.108525
 0 0.101835
 0 0.0998775
 0 0.107979
 0 0.108935
 0 0.109041
 0 0.110329
 0 0.117226
 0 0.104764
 0 0.101723
 0 0.103214
 0 0.126299
 0 0.120304
 0 0.106156
 0 0.0987446
 0 0.10504
 0 0.110202
 0 0.107807
 0 0.105607
 0 0.118938
 0 0.102811
 0 0.108095
 0 0.117939
 0 0.113387
 0 0.0929251
 0 0.109405
 0 0.115878
 0 0.109727
 0 0.0974739
 0 0.100122
 0 0.107923
 0 0.109662
 0 0.111407
 0 0.113474
 0 0.101454
 0 0.0990175
 0 0.0864166
 0 0.114782
 0 0.0698542
 0 0.114218
 0 0.122205
 0 0.10376
 0 0.106937
 0 0.100177
 0 0.103877
 0 0.142036
 0 0.103699
 0 0.107616
 0 0.125244
 0 0.0984033
 0 0.113358
 0 0.104034
 0 0.115344
 0 0.118113
 0 0.118811
 0 0.11416
 0 0.115438
 0 0.122363
 0 0.119526
 0 0.147743
 0 0.107436
 0 0.07872
 0 0.115574
 0 0.099664
 0 0.111546
 0 0.115164
 0 0.115217
 0 0.102813
 0 0.114563
 0 0.125426
 0 0.107512
 0 0.115923
 0 0.12205
 0 0.115027
 0 0.112453
 0 0.103183
 0 0.116675
