469 1 0 0 1
 0 0.146914
 0 0.15996
 0 0.167851
 0 0.15755
 0 0.1668
 0 0.16432
 0 0.158507
 0 0.155705
 0 0.157781
 0 0.161513
 0 0.155497
 0 0.162017
 0 0.161249
 0 0.177077
 0 0.153945
 0 0.145046
 0 0.148428
 0 0.176911
 0 0.164571
 0 0.191916
 0 0.161876
 0 0.164755
 0 0.159164
 0 0.165964
 0 0.161263
 0 0.15908
 0 0.169635
 0 0.154045
 0 0.161002
 0 0.183882
 0 0.168158
 0 0.16673
 0 0.152165
 0 0.170529
 0 0.152799
 0 0.156371
 0 0.171633
 0 0.164386
 0 0.171574
 0 0.159156
 0 0.156344
 0 0.160122
 0 0.166432
 0 0.156418
 0 0.164526
 0 0.16246
 0 0.167949
 0 0.163903
 0 0.146977
 0 0.161495
 0 0.159954
 0 0.162474
 0 0.176864
 0 0.158962
 0 0.154229
 0 0.156728
 0 0.169671
 0 0.149517
 0 0.158148
 0 0.168788
 0 0.177253
 0 0.171706
 0 0.152425
 0 0.154168
 0 0.156818
 0 0.167876
 0 0.165895
 0 0.177336
 0 0.156712
 0 0.162644
 0 0.165645
 0 0.161564
 0 0.161555
 0 0.169125
 0 0.16553
 0 0.139697
 0 0.141779
 0 0.163643
 0 0.167944
 0 0.171049
 0 0.158153
 0 0.15615
 0 0.16166
 0 0.166842
 0 0.17257
 0 0.16846
 0 0.182785
 0 0.16516
 0 0.154886
 0 0.159323
 0 0.172464
 0 0.160417
 0 0.177412
 0 0.16596
 0 0.167516
 0 0.161513
 0 0.161886
 0 0.1642
 0 0.17021
 0 0.151692
 0 0.165135
 0 0.149058
 0 0.167346
 0 0.183494
 0 0.170322
 0 0.175787
 0 0.148826
 0 0.166819
 0 0.154469
 0 0.163998
 0 0.164553
 0 0.161258
 0 0.175776
 0 0.158518
 0 0.13184
 0 0.158138
 0 0.156533
 0 0.150064
 0 0.165553
 0 0.15228
 0 0.168094
 0 0.160165
 0 0.17049
 0 0.15634
 0 0.145194
 0 0.160016
 0 0.159165
 0 0.163448
 0 0.158321
 0 0.154525
 0 0.160848
 0 0.169763
 0 0.154431
 0 0.161354
 0 0.172272
 0 0.168162
 0 0.155168
 0 0.159833
 0 0.17342
 0 0.153566
 0 0.160375
 0 0.170442
 0 0.162618
 0 0.156606
 0 0.168074
 0 0.162794
 0 0.160214
 0 0.166697
 0 0.130198
 0 0.159806
 0 0.156172
 0 0.16001
 0 0.155529
 0 0.147689
 0 0.157654
 0 0.160674
 0 0.16288
 0 0.156363
 0 0.167307
 0 0.161108
 0 0.164674
 0 0.175089
 0 0.162398
 0 0.158235
 0 0.163831
 0 0.169502
 0 0.15982
 0 0.168095
 0 0.158219
 0 0.171796
 0 0.168205
 0 0.143028
 0 0.162707
 0 0.154884
 0 0.149353
 0 0.161602
 0 0.162439
 0 0.16855
 0 0.17317
 0 0.168677
 0 0.167383
 0 0.174093
 0 0.167117
 0 0.152568
 0 0.16642
 0 0.167575
 0 0.153173
 0 0.1653
 0 0.163647
 0 0.165682
 0 0.163372
 0 0.155599
 0 0.160456
 0 0.162102
 0 0.17551
 0 0.159251
 0 0.153263
 0 0.18011
 0 0.153591
 0 0.158949
 0 0.150364
 0 0.154725
 0 0.16056
 0 0.164741
 0 0.15225
 0 0.162525
 0 0.175299
 0 0.167257
 0 0.168349
 0 0.147259
 0 0.164577
 0 0.157231
 0 0.166279
 0 0.145806
 0 0.152081
 0 0.167156
 0 0.160211
 0 0.133313
 0 0.152603
 0 0.159659
 0 0.161652
 0 0.165198
 0 0.163362
 0 0.155423
 0 0.152216
 0 0.157984
 0 0.174528
 0 0.16218
 0 0.149517
 0 0.149668
 0 0.146444
 0 0.162436
 0 0.16366
 0 0.165255
 0 0.158958
 0 0.181416
 0 0.169895
 0 0.169336
 0 0.166426
 0 0.174494
 0 0.157932
 0 0.171537
 0 0.16183
 0 0.167281
 0 0.181991
 0 0.152199
 0 0.144331
 0 0.167527
 0 0.160216
 0 0.165059
 0 0.160158
 0 0.163137
 0 0.149384
 0 0.160427
 0 0.171346
 0 0.163395
 0 0.147135
 0 0.162622
 0 0.163063
 0 0.145989
 0 0.163091
 0 0.159168
 0 0.166515
 0 0.15467
 0 0.167875
 0 0.154562
 0 0.174087
 0 0.157066
 0 0.159593
 0 0.158976
 0 0.164477
 0 0.143791
 0 0.157103
 0 0.153817
 0 0.175739
 0 0.158819
 0 0.16801
 0 0.15828
 0 0.154268
 0 0.160607
 0 0.139532
 0 0.169494
 0 0.163776
 0 0.174936
 0 0.173204
 0 0.171747
 0 0.148771
 0 0.162444
 0 0.157704
 0 0.152675
 0 0.178344
 0 0.164851
 0 0.16898
 0 0.158372
 0 0.148757
 0 0.154405
 0 0.171379
 0 0.161982
 0 0.167291
 0 0.150405
 0 0.160408
 0 0.153439
 0 0.152188
 0 0.165838
 0 0.173686
 0 0.168995
 0 0.159131
 0 0.165267
 0 0.156892
 0 0.157607
 0 0.16511
 0 0.171116
 0 0.159762
 0 0.155363
 0 0.158567
 0 0.164735
 0 0.138945
 0 0.168492
 0 0.163154
 0 0.15561
 0 0.13757
 0 0.17685
 0 0.177203
 0 0.160727
 0 0.157498
 0 0.155806
 0 0.164137
 0 0.156284
 0 0.142779
 0 0.164737
 0 0.149805
 0 0.158193
 0 0.177296
 0 0.16394
 0 0.162047
 0 0.174113
 0 0.158253
 0 0.149349
 0 0.146823
 0 0.155746
 0 0.165555
 0 0.154647
 0 0.157345
 0 0.159078
 0 0.160856
 0 0.162344
 0 0.179798
 0 0.163492
 0 0.171026
 0 0.166533
 0 0.160733
 0 0.150589
 0 0.150501
 0 0.155065
 0 0.168417
 0 0.169436
 0 0.171103
 0 0.170223
 0 0.166395
 0 0.171632
 0 0.153759
 0 0.166522
 0 0.120012
 0 0.159198
 0 0.156497
 0 0.156227
 0 0.153805
 0 0.170671
 0 0.154017
 0 0.157949
 0 0.177186
 0 0.155034
 0 0.157447
 0 0.172231
 0 0.174957
 0 0.165534
 0 0.177141
 0 0.164054
 0 0.169484
 0 0.164235
 0 0.155304
 0 0.16208
 0 0.164664
 0 0.164155
 0 0.170817
 0 0.168659
 0 0.164995
 0 0.179436
 0 0.157067
 0 0.165673
 0 0.163565
 0 0.149665
 0 0.162165
 0 0.160154
 0 0.151748
 0 0.152871
 0 0.158771
 0 0.159961
 0 0.176171
 0 0.165669
 0 0.154488
 0 0.164628
 0 0.14376
 0 0.177701
 0 0.169325
 0 0.159836
 0 0.164049
 0 0.150497
 0 0.167215
 0 0.172884
 0 0.156787
 0 0.162964
 0 0.159215
 0 0.167172
 0 0.169468
 0 0.156692
 0 0.146936
 0 0.178998
 0 0.169688
 0 0.164069
 0 0.169298
 0 0.166265
 0 0.163085
 0 0.163214
 0 0.173981
 0 0.166591
 0 0.159558
 0 0.16076
 0 0.124408
 0 0.166381
 0 0.141603
 0 0.160435
 0 0.169333
 0 0.166168
 0 0.161867
 0 0.160265
 0 0.152326
 0 0.180832
 0 0.15966
 0 0.17498
 0 0.167655
 0 0.152115
 0 0.161639
 0 0.152504
 0 0.167842
 0 0.170492
 0 0.171629
 0 0.169945
 0 0.168382
 0 0.163821
 0 0.179149
 0 0.170588
 0 0.165835
 0 0.161434
 0 0.160856
 0 0.164554
 0 0.156355
 0 0.169571
 0 0.171901
 0 0.151926
 0 0.167437
 0 0.178984
 0 0.167178
 0 0.168818
 0 0.171137
 0 0.174115
 0 0.163997
 0 0.155742
 0 0.159812
