469 1 0 0 1
 0 0.184042
 0 0.156659
 0 0.150514
 0 0.144412
 0 0.158645
 0 0.165088
 0 0.15382
 0 0.152684
 0 0.135893
 0 0.172572
 0 0.137647
 0 0.155309
 0 0.144792
 0 0.162639
 0 0.14418
 0 0.13856
 0 0.154595
 0 0.168596
 0 0.153581
 0 0.170325
 0 0.147693
 0 0.157098
 0 0.15582
 0 0.159875
 0 0.137772
 0 0.166864
 0 0.150431
 0 0.183226
 0 0.148371
 0 0.167422
 0 0.156487
 0 0.147343
 0 0.172058
 0 0.158594
 0 0.161437
 0 0.13497
 0 0.151924
 0 0.125125
 0 0.153906
 0 0.158288
 0 0.150325
 0 0.149382
 0 0.170541
 0 0.160711
 0 0.170839
 0 0.163237
 0 0.161408
 0 0.161773
 0 0.183553
 0 0.160832
 0 0.157448
 0 0.177038
 0 0.171809
 0 0.174758
 0 0.181869
 0 0.170002
 0 0.139337
 0 0.157404
 0 0.161536
 0 0.181042
 0 0.162418
 0 0.162469
 0 0.135065
 0 0.161256
 0 0.147649
 0 0.159757
 0 0.140602
 0 0.161722
 0 0.162616
 0 0.16321
 0 0.149126
 0 0.17292
 0 0.152446
 0 0.139083
 0 0.153538
 0 0.146243
 0 0.154641
 0 0.141296
 0 0.14879
 0 0.152935
 0 0.131748
 0 0.161612
 0 0.167019
 0 0.172501
 0 0.15798
 0 0.146246
 0 0.177645
 0 0.159953
 0 0.166039
 0 0.148089
 0 0.157442
 0 0.158965
 0 0.165769
 0 0.160312
 0 0.162731
 0 0.150034
 0 0.15223
 0 0.153925
 0 0.147081
 0 0.160572
 0 0.148522
 0 0.158753
 0 0.158466
 0 0.158327
 0 0.16526
 0 0.141823
 0 0.154942
 0 0.157888
 0 0.156905
 0 0.167101
 0 0.144971
 0 0.156287
 0 0.174173
 0 0.150466
 0 0.159819
 0 0.175006
 0 0.173996
 0 0.148858
 0 0.162402
 0 0.137237
 0 0.158249
 0 0.155742
 0 0.151261
 0 0.148575
 0 0.156517
 0 0.150943
 0 0.156302
 0 0.132449
 0 0.176938
 0 0.139689
 0 0.159364
 0 0.167245
 0 0.149973
 0 0.157496
 0 0.175898
 0 0.187294
 0 0.153491
 0 0.160799
 0 0.150349
 0 0.168481
 0 0.149951
 0 0.150278
 0 0.149176
 0 0.169031
 0 0.166704
 0 0.148257
 0 0.162438
 0 0.149555
 0 0.124553
 0 0.166817
 0 0.158679
 0 0.18188
 0 0.152204
 0 0.152205
 0 0.156023
 0 0.159183
 0 0.148859
 0 0.167677
 0 0.152241
 0 0.166447
 0 0.152956
 0 0.153424
 0 0.162594
 0 0.155871
 0 0.170743
 0 0.161166
 0 0.156534
 0 0.15058
 0 0.169934
 0 0.153287
 0 0.153185
 0 0.145914
 0 0.156466
 0 0.169106
 0 0.171747
 0 0.16149
 0 0.151937
 0 0.193655
 0 0.167221
 0 0.146903
 0 0.146498
 0 0.167388
 0 0.183632
 0 0.158193
 0 0.163395
 0 0.166486
 0 0.165048
 0 0.148291
 0 0.150299
 0 0.165374
 0 0.160062
 0 0.180112
 0 0.141448
 0 0.157786
 0 0.166383
 0 0.163964
 0 0.155307
 0 0.171664
 0 0.13988
 0 0.154533
 0 0.160766
 0 0.155527
 0 0.151681
 0 0.175837
 0 0.144535
 0 0.163654
 0 0.165679
 0 0.166783
 0 0.151504
 0 0.172203
 0 0.142719
 0 0.172797
 0 0.1562
 0 0.16801
 0 0.171793
 0 0.173932
 0 0.136754
 0 0.150307
 0 0.151716
 0 0.142388
 0 0.186878
 0 0.163137
 0 0.151712
 0 0.158141
 0 0.156139
 0 0.163209
 0 0.173279
 0 0.163918
 0 0.153855
 0 0.152362
 0 0.140439
 0 0.168956
 0 0.164007
 0 0.151197
 0 0.149125
 0 0.180927
 0 0.154075
 0 0.166634
 0 0.14023
 0 0.175903
 0 0.147914
 0 0.166269
 0 0.142092
 0 0.170066
 0 0.15979
 0 0.131493
 0 0.153534
 0 0.160946
 0 0.168801
 0 0.167569
 0 0.141683
 0 0.158082
 0 0.144579
 0 0.159164
 0 0.165234
 0 0.162561
 0 0.172128
 0 0.163827
 0 0.151759
 0 0.153627
 0 0.166067
 0 0.133321
 0 0.18266
 0 0.167665
 0 0.167309
 0 0.137224
 0 0.158039
 0 0.147423
 0 0.147809
 0 0.158882
 0 0.163941
 0 0.157659
 0 0.142597
 0 0.166585
 0 0.159284
 0 0.166903
 0 0.157207
 0 0.134532
 0 0.157036
 0 0.156598
 0 0.160223
 0 0.142925
 0 0.17677
 0 0.15702
 0 0.169516
 0 0.168935
 0 0.143615
 0 0.140477
 0 0.167703
 0 0.146607
 0 0.160702
 0 0.158928
 0 0.177846
 0 0.140702
 0 0.141716
 0 0.164605
 0 0.147828
 0 0.140244
 0 0.148803
 0 0.141363
 0 0.150764
 0 0.156307
 0 0.132754
 0 0.140469
 0 0.164948
 0 0.159293
 0 0.153315
 0 0.150781
 0 0.139684
 0 0.151052
 0 0.151845
 0 0.163279
 0 0.16898
 0 0.140532
 0 0.164422
 0 0.169926
 0 0.147168
 0 0.150212
 0 0.160939
 0 0.145809
 0 0.161884
 0 0.180599
 0 0.163548
 0 0.154953
 0 0.14538
 0 0.156245
 0 0.149181
 0 0.152386
 0 0.160543
 0 0.166365
 0 0.141108
 0 0.153047
 0 0.160643
 0 0.162503
 0 0.159061
 0 0.157937
 0 0.151157
 0 0.166712
 0 0.169108
 0 0.14829
 0 0.181746
 0 0.147352
 0 0.152939
 0 0.164886
 0 0.164802
 0 0.151005
 0 0.170906
 0 0.155034
 0 0.152223
 0 0.166476
 0 0.147313
 0 0.15389
 0 0.14994
 0 0.156777
 0 0.153121
 0 0.166249
 0 0.173553
 0 0.154372
 0 0.155052
 0 0.16451
 0 0.157187
 0 0.149289
 0 0.142077
 0 0.143405
 0 0.140746
 0 0.154364
 0 0.152177
 0 0.168739
 0 0.159415
 0 0.160871
 0 0.177129
 0 0.149515
 0 0.151925
 0 0.162804
 0 0.161786
 0 0.161286
 0 0.174077
 0 0.159758
 0 0.145482
 0 0.155535
 0 0.148904
 0 0.156015
 0 0.150727
 0 0.152345
 0 0.176577
 0 0.151848
 0 0.158443
 0 0.167919
 0 0.159147
 0 0.177946
 0 0.162531
 0 0.159289
 0 0.143621
 0 0.168898
 0 0.151523
 0 0.139261
 0 0.153812
 0 0.146949
 0 0.168284
 0 0.152857
 0 0.145796
 0 0.151635
 0 0.159865
 0 0.169769
 0 0.161474
 0 0.163906
 0 0.167331
 0 0.16001
 0 0.153408
 0 0.169016
 0 0.147875
 0 0.154449
 0 0.155436
 0 0.16767
 0 0.155272
 0 0.15696
 0 0.148071
 0 0.18347
 0 0.169909
 0 0.175217
 0 0.1772
 0 0.153084
 0 0.173866
 0 0.158506
 0 0.17109
 0 0.167408
 0 0.146344
 0 0.160528
 0 0.15208
 0 0.166263
 0 0.170834
 0 0.160101
 0 0.157792
 0 0.153886
 0 0.162605
 0 0.149765
 0 0.144267
 0 0.169839
 0 0.173146
 0 0.143453
 0 0.167111
 0 0.146939
 0 0.167227
 0 0.135087
 0 0.15441
 0 0.179114
 0 0.16582
 0 0.167579
 0 0.16089
 0 0.165865
 0 0.18284
 0 0.158368
 0 0.144345
 0 0.148254
 0 0.170983
 0 0.175354
 0 0.137795
 0 0.152364
 0 0.15206
 0 0.165126
 0 0.145981
 0 0.178609
 0 0.161093
 0 0.153007
 0 0.161093
 0 0.157276
 0 0.173074
 0 0.165877
 0 0.176906
