469 1 0 0 1
 0 0.133109
 0 0.128987
 0 0.13662
 0 0.139898
 0 0.134164
 0 0.145013
 0 0.133912
 0 0.12433
 0 0.139848
 0 0.145744
 0 0.134383
 0 0.128653
 0 0.137382
 0 0.14705
 0 0.128229
 0 0.126066
 0 0.119679
 0 0.141692
 0 0.137266
 0 0.154285
 0 0.133454
 0 0.133743
 0 0.131863
 0 0.141856
 0 0.136167
 0 0.137645
 0 0.145689
 0 0.125767
 0 0.13024
 0 0.148614
 0 0.145316
 0 0.140402
 0 0.13756
 0 0.138877
 0 0.126226
 0 0.128229
 0 0.131604
 0 0.137555
 0 0.146178
 0 0.139593
 0 0.122214
 0 0.144579
 0 0.144212
 0 0.126498
 0 0.133158
 0 0.135566
 0 0.141533
 0 0.139668
 0 0.107259
 0 0.140872
 0 0.135276
 0 0.134325
 0 0.151586
 0 0.136476
 0 0.14326
 0 0.134011
 0 0.154269
 0 0.116817
 0 0.13365
 0 0.136021
 0 0.156524
 0 0.141577
 0 0.116983
 0 0.126088
 0 0.132194
 0 0.140219
 0 0.130435
 0 0.132283
 0 0.138756
 0 0.132193
 0 0.141131
 0 0.126277
 0 0.135614
 0 0.141665
 0 0.140241
 0 0.123466
 0 0.128669
 0 0.131913
 0 0.137239
 0 0.143632
 0 0.142967
 0 0.137773
 0 0.134746
 0 0.136236
 0 0.138633
 0 0.137308
 0 0.144736
 0 0.138706
 0 0.134574
 0 0.135721
 0 0.143832
 0 0.135081
 0 0.146022
 0 0.14747
 0 0.128286
 0 0.129964
 0 0.12801
 0 0.139022
 0 0.146272
 0 0.127565
 0 0.141339
 0 0.127007
 0 0.141911
 0 0.151863
 0 0.147143
 0 0.136482
 0 0.128412
 0 0.132479
 0 0.129905
 0 0.132619
 0 0.136155
 0 0.134698
 0 0.144905
 0 0.132539
 0 0.129909
 0 0.139184
 0 0.127766
 0 0.132815
 0 0.135447
 0 0.123024
 0 0.139511
 0 0.132969
 0 0.136574
 0 0.127432
 0 0.123025
 0 0.135415
 0 0.133269
 0 0.121363
 0 0.131917
 0 0.132041
 0 0.139197
 0 0.147662
 0 0.123049
 0 0.125575
 0 0.146214
 0 0.137649
 0 0.126744
 0 0.138987
 0 0.137948
 0 0.118621
 0 0.132993
 0 0.126954
 0 0.140874
 0 0.129047
 0 0.13488
 0 0.126262
 0 0.121024
 0 0.1346
 0 0.108485
 0 0.140437
 0 0.129365
 0 0.127752
 0 0.132212
 0 0.128127
 0 0.127585
 0 0.131951
 0 0.136736
 0 0.140879
 0 0.137383
 0 0.140554
 0 0.145295
 0 0.151168
 0 0.131927
 0 0.132345
 0 0.134299
 0 0.139022
 0 0.129799
 0 0.130334
 0 0.135302
 0 0.143065
 0 0.141392
 0 0.118135
 0 0.139984
 0 0.136133
 0 0.13021
 0 0.137822
 0 0.140942
 0 0.144579
 0 0.162747
 0 0.144202
 0 0.135792
 0 0.143038
 0 0.136341
 0 0.137868
 0 0.137704
 0 0.13885
 0 0.126214
 0 0.14491
 0 0.138066
 0 0.140829
 0 0.133532
 0 0.135259
 0 0.137615
 0 0.130923
 0 0.144463
 0 0.136153
 0 0.121833
 0 0.151986
 0 0.128125
 0 0.1388
 0 0.123996
 0 0.134362
 0 0.1346
 0 0.139356
 0 0.127595
 0 0.142509
 0 0.142348
 0 0.138748
 0 0.128018
 0 0.124525
 0 0.133085
 0 0.133656
 0 0.14239
 0 0.130792
 0 0.123316
 0 0.144138
 0 0.137207
 0 0.106609
 0 0.129179
 0 0.125911
 0 0.135587
 0 0.140287
 0 0.135194
 0 0.118763
 0 0.121201
 0 0.128615
 0 0.147945
 0 0.134879
 0 0.130613
 0 0.126326
 0 0.122186
 0 0.131952
 0 0.143084
 0 0.135843
 0 0.13291
 0 0.159882
 0 0.144387
 0 0.133437
 0 0.13552
 0 0.146742
 0 0.128669
 0 0.139252
 0 0.143231
 0 0.144613
 0 0.160083
 0 0.128604
 0 0.114621
 0 0.146485
 0 0.131444
 0 0.143747
 0 0.135686
 0 0.134494
 0 0.0856213
 0 0.135426
 0 0.136806
 0 0.138587
 0 0.133146
 0 0.13452
 0 0.135845
 0 0.125525
 0 0.135151
 0 0.129875
 0 0.142672
 0 0.125977
 0 0.139573
 0 0.0915046
 0 0.140692
 0 0.133481
 0 0.138629
 0 0.12818
 0 0.138207
 0 0.13079
 0 0.137153
 0 0.128877
 0 0.141566
 0 0.130169
 0 0.143553
 0 0.129272
 0 0.132555
 0 0.133795
 0 0.120781
 0 0.148021
 0 0.145193
 0 0.141146
 0 0.150864
 0 0.143363
 0 0.127906
 0 0.133855
 0 0.133878
 0 0.132091
 0 0.142694
 0 0.142548
 0 0.137536
 0 0.128762
 0 0.119361
 0 0.128072
 0 0.141542
 0 0.135555
 0 0.140577
 0 0.11706
 0 0.129458
 0 0.125651
 0 0.132949
 0 0.139657
 0 0.139134
 0 0.138559
 0 0.125963
 0 0.140069
 0 0.128058
 0 0.132383
 0 0.144372
 0 0.139923
 0 0.132473
 0 0.131504
 0 0.137028
 0 0.137296
 0 0.132882
 0 0.138806
 0 0.123819
 0 0.127471
 0 0.128507
 0 0.136334
 0 0.148366
 0 0.131622
 0 0.129683
 0 0.129495
 0 0.134738
 0 0.129442
 0 0.136288
 0 0.13001
 0 0.12472
 0 0.134857
 0 0.139093
 0 0.142891
 0 0.131039
 0 0.146922
 0 0.127956
 0 0.122727
 0 0.13376
 0 0.128053
 0 0.143973
 0 0.119563
 0 0.136538
 0 0.13906
 0 0.136676
 0 0.126669
 0 0.139671
 0 0.135183
 0 0.149775
 0 0.142696
 0 0.129093
 0 0.126143
 0 0.125068
 0 0.126939
 0 0.140439
 0 0.140696
 0 0.143697
 0 0.144241
 0 0.142425
 0 0.1392
 0 0.112097
 0 0.1414
 0 0.117914
 0 0.13747
 0 0.136358
 0 0.127971
 0 0.12881
 0 0.140143
 0 0.131144
 0 0.12364
 0 0.146679
 0 0.128686
 0 0.125666
 0 0.135894
 0 0.145867
 0 0.138461
 0 0.144082
 0 0.147517
 0 0.137859
 0 0.134951
 0 0.13505
 0 0.127186
 0 0.13583
 0 0.125544
 0 0.146763
 0 0.138401
 0 0.138434
 0 0.160081
 0 0.124454
 0 0.130047
 0 0.142085
 0 0.118698
 0 0.135112
 0 0.132608
 0 0.136728
 0 0.13173
 0 0.136117
 0 0.135087
 0 0.143067
 0 0.134141
 0 0.127774
 0 0.130699
 0 0.124935
 0 0.148445
 0 0.150218
 0 0.131702
 0 0.141488
 0 0.130176
 0 0.134549
 0 0.138879
 0 0.125251
 0 0.140907
 0 0.129374
 0 0.138672
 0 0.136487
 0 0.134594
 0 0.131007
 0 0.144609
 0 0.142899
 0 0.140302
 0 0.13415
 0 0.137341
 0 0.13803
 0 0.132162
 0 0.144613
 0 0.145447
 0 0.13376
 0 0.136085
 0 0.100829
 0 0.139822
 0 0.117357
 0 0.136041
 0 0.133141
 0 0.121608
 0 0.132443
 0 0.137141
 0 0.131603
 0 0.166047
 0 0.132955
 0 0.14879
 0 0.144784
 0 0.132926
 0 0.13636
 0 0.127337
 0 0.143717
 0 0.14614
 0 0.14474
 0 0.140967
 0 0.143229
 0 0.142233
 0 0.151263
 0 0.149567
 0 0.13163
 0 0.110679
 0 0.131467
 0 0.134114
 0 0.131288
 0 0.137249
 0 0.136074
 0 0.128478
 0 0.14475
 0 0.15714
 0 0.134188
 0 0.144895
 0 0.138149
 0 0.147431
 0 0.135434
 0 0.135565
 0 0.145282
