469 1 0 0 1
 0 0.143568
 0 0.149254
 0 0.164674
 0 0.161164
 0 0.150959
 0 0.130629
 0 0.150677
 0 0.154781
 0 0.139766
 0 0.156231
 0 0.147543
 0 0.16115
 0 0.158306
 0 0.162128
 0 0.145991
 0 0.143786
 0 0.13619
 0 0.155751
 0 0.148843
 0 0.180462
 0 0.147691
 0 0.156885
 0 0.149761
 0 0.147544
 0 0.153293
 0 0.147693
 0 0.157969
 0 0.156865
 0 0.136505
 0 0.149308
 0 0.143314
 0 0.159788
 0 0.147432
 0 0.153577
 0 0.152549
 0 0.14659
 0 0.148623
 0 0.137447
 0 0.159754
 0 0.127384
 0 0.168002
 0 0.135574
 0 0.146557
 0 0.145002
 0 0.169758
 0 0.166462
 0 0.152204
 0 0.146004
 0 0.127599
 0 0.139478
 0 0.144698
 0 0.136632
 0 0.152912
 0 0.161036
 0 0.173452
 0 0.153686
 0 0.145918
 0 0.137548
 0 0.148975
 0 0.127512
 0 0.150499
 0 0.159919
 0 0.139394
 0 0.146702
 0 0.167521
 0 0.148972
 0 0.127348
 0 0.141472
 0 0.142326
 0 0.15216
 0 0.145281
 0 0.15026
 0 0.128025
 0 0.16159
 0 0.151892
 0 0.141067
 0 0.146008
 0 0.145396
 0 0.157873
 0 0.153083
 0 0.154588
 0 0.149346
 0 0.166573
 0 0.147021
 0 0.157332
 0 0.157304
 0 0.164921
 0 0.147973
 0 0.15812
 0 0.14829
 0 0.155807
 0 0.149044
 0 0.161306
 0 0.165751
 0 0.153542
 0 0.145842
 0 0.164877
 0 0.161896
 0 0.142492
 0 0.140048
 0 0.158474
 0 0.143584
 0 0.149611
 0 0.166588
 0 0.162515
 0 0.1277
 0 0.14664
 0 0.153936
 0 0.163456
 0 0.157729
 0 0.154205
 0 0.138546
 0 0.183507
 0 0.153323
 0 0.141613
 0 0.163088
 0 0.138733
 0 0.13571
 0 0.163356
 0 0.124198
 0 0.156309
 0 0.148308
 0 0.144139
 0 0.141499
 0 0.136073
 0 0.143656
 0 0.143815
 0 0.142251
 0 0.148769
 0 0.144496
 0 0.132579
 0 0.156304
 0 0.142795
 0 0.144903
 0 0.161808
 0 0.153882
 0 0.154733
 0 0.140391
 0 0.161704
 0 0.13007
 0 0.152913
 0 0.154843
 0 0.149737
 0 0.144227
 0 0.150587
 0 0.145297
 0 0.159434
 0 0.151262
 0 0.115773
 0 0.149057
 0 0.156992
 0 0.152965
 0 0.133132
 0 0.122579
 0 0.136404
 0 0.157445
 0 0.161403
 0 0.142487
 0 0.141043
 0 0.153189
 0 0.152576
 0 0.167126
 0 0.163916
 0 0.152866
 0 0.168451
 0 0.162559
 0 0.155818
 0 0.153985
 0 0.156459
 0 0.15266
 0 0.142071
 0 0.131473
 0 0.158915
 0 0.158946
 0 0.150707
 0 0.141422
 0 0.149123
 0 0.16395
 0 0.147749
 0 0.1456
 0 0.138715
 0 0.151682
 0 0.141834
 0 0.176022
 0 0.1653
 0 0.16321
 0 0.142081
 0 0.149058
 0 0.160767
 0 0.161392
 0 0.154921
 0 0.146779
 0 0.144098
 0 0.146326
 0 0.156744
 0 0.145644
 0 0.147511
 0 0.152155
 0 0.142049
 0 0.145428
 0 0.133873
 0 0.152401
 0 0.156941
 0 0.152703
 0 0.150831
 0 0.156505
 0 0.155164
 0 0.148859
 0 0.153259
 0 0.166382
 0 0.155918
 0 0.153941
 0 0.148801
 0 0.136931
 0 0.128009
 0 0.157432
 0 0.140252
 0 0.156686
 0 0.147476
 0 0.141645
 0 0.144085
 0 0.160203
 0 0.158606
 0 0.156631
 0 0.136722
 0 0.159468
 0 0.168678
 0 0.150527
 0 0.167951
 0 0.138207
 0 0.141313
 0 0.15546
 0 0.139957
 0 0.145267
 0 0.140121
 0 0.177119
 0 0.154389
 0 0.158369
 0 0.155663
 0 0.151733
 0 0.151575
 0 0.159955
 0 0.148109
 0 0.138952
 0 0.166687
 0 0.161574
 0 0.148028
 0 0.160008
 0 0.14002
 0 0.159896
 0 0.155057
 0 0.174242
 0 0.134569
 0 0.142678
 0 0.161184
 0 0.155272
 0 0.144761
 0 0.148486
 0 0.141137
 0 0.142786
 0 0.153531
 0 0.155766
 0 0.162159
 0 0.155643
 0 0.152341
 0 0.140589
 0 0.167956
 0 0.150173
 0 0.157754
 0 0.125113
 0 0.157849
 0 0.151467
 0 0.16299
 0 0.144325
 0 0.162229
 0 0.162392
 0 0.159831
 0 0.132138
 0 0.140373
 0 0.150428
 0 0.169272
 0 0.150437
 0 0.160082
 0 0.156038
 0 0.166424
 0 0.164005
 0 0.142883
 0 0.161525
 0 0.139991
 0 0.125663
 0 0.166051
 0 0.152413
 0 0.15491
 0 0.153436
 0 0.142953
 0 0.144981
 0 0.159946
 0 0.150479
 0 0.177242
 0 0.156947
 0 0.164438
 0 0.165731
 0 0.149326
 0 0.159906
 0 0.15604
 0 0.148851
 0 0.122688
 0 0.160794
 0 0.129926
 0 0.151882
 0 0.181846
 0 0.174667
 0 0.143102
 0 0.156448
 0 0.143095
 0 0.154001
 0 0.133661
 0 0.147332
 0 0.132063
 0 0.163745
 0 0.147268
 0 0.170893
 0 0.153432
 0 0.149032
 0 0.135311
 0 0.161587
 0 0.150502
 0 0.157281
 0 0.131738
 0 0.158719
 0 0.150131
 0 0.154443
 0 0.157733
 0 0.152146
 0 0.149652
 0 0.15652
 0 0.144019
 0 0.137884
 0 0.149031
 0 0.141455
 0 0.139944
 0 0.163764
 0 0.156782
 0 0.152063
 0 0.145029
 0 0.152192
 0 0.167952
 0 0.1518
 0 0.180379
 0 0.159556
 0 0.158594
 0 0.155546
 0 0.144813
 0 0.159897
 0 0.163386
 0 0.15991
 0 0.171559
 0 0.149171
 0 0.156011
 0 0.167642
 0 0.159265
 0 0.159914
 0 0.141559
 0 0.15645
 0 0.138068
 0 0.16387
 0 0.155716
 0 0.139166
 0 0.148074
 0 0.155745
 0 0.172181
 0 0.135567
 0 0.148637
 0 0.158666
 0 0.140138
 0 0.164344
 0 0.164469
 0 0.155616
 0 0.14526
 0 0.144902
 0 0.150384
 0 0.14369
 0 0.153228
 0 0.15863
 0 0.164123
 0 0.139187
 0 0.162412
 0 0.164789
 0 0.133501
 0 0.157354
 0 0.170776
 0 0.1281
 0 0.153161
 0 0.149452
 0 0.122197
 0 0.15391
 0 0.141113
 0 0.130736
 0 0.144622
 0 0.136731
 0 0.147799
 0 0.151374
 0 0.149632
 0 0.154957
 0 0.143086
 0 0.148934
 0 0.147316
 0 0.144607
 0 0.160016
 0 0.169398
 0 0.133362
 0 0.154719
 0 0.150665
 0 0.146398
 0 0.157435
 0 0.13797
 0 0.14585
 0 0.179273
 0 0.158506
 0 0.152905
 0 0.169759
 0 0.147401
 0 0.147513
 0 0.148568
 0 0.166297
 0 0.147643
 0 0.151092
 0 0.153654
 0 0.150817
 0 0.151016
 0 0.134845
 0 0.148674
 0 0.148446
 0 0.165332
 0 0.140615
 0 0.152497
 0 0.144319
 0 0.167007
 0 0.16405
 0 0.176265
 0 0.129759
 0 0.141467
 0 0.144903
 0 0.13919
 0 0.152089
 0 0.155907
 0 0.155678
 0 0.169068
 0 0.159707
 0 0.147523
 0 0.164191
 0 0.14062
 0 0.158662
 0 0.148137
 0 0.144971
 0 0.144025
 0 0.144922
 0 0.141524
 0 0.160924
 0 0.156786
 0 0.16293
 0 0.167518
 0 0.160933
 0 0.14659
 0 0.150299
 0 0.172471
 0 0.155637
 0 0.146092
 0 0.159294
