469 1 0 0 1
 0 0.168188
 0 0.1701
 0 0.184743
 0 0.168365
 0 0.154972
 0 0.0935483
 0 0.159947
 0 0.231016
 0 0.201165
 0 0.189227
 0 0.177577
 0 0.193458
 0 0.209758
 0 0.20757
 0 0.173097
 0 0.225069
 0 0.149763
 0 0.218681
 0 0.178382
 0 0.227765
 0 0.190862
 0 0.17794
 0 0.176465
 0 0.218893
 0 0.177681
 0 0.182342
 0 0.213253
 0 0.197863
 0 0.156505
 0 0.276464
 0 0.213845
 0 0.240595
 0 0.158846
 0 0.209995
 0 0.17579
 0 0.135965
 0 0.200328
 0 0.179879
 0 0.219828
 0 0.170353
 0 0.190718
 0 0.217967
 0 0.174887
 0 0.168356
 0 0.206367
 0 0.159983
 0 0.164928
 0 0.115811
 0 0.124513
 0 0.17056
 0 0.182607
 0 0.186505
 0 0.211255
 0 0.245194
 0 0.17048
 0 0.15853
 0 0.219847
 0 0.162093
 0 0.168937
 0 0.20371
 0 0.179981
 0 0.167011
 0 0.200537
 0 0.21678
 0 0.211127
 0 0.185636
 0 0.196929
 0 0.169618
 0 0.219786
 0 0.160093
 0 0.200795
 0 0.184004
 0 0.165925
 0 0.201031
 0 0.213141
 0 0.163096
 0 0.177125
 0 0.184908
 0 0.173702
 0 0.205196
 0 0.153713
 0 0.205382
 0 0.210946
 0 0.167608
 0 0.159103
 0 0.180204
 0 0.188161
 0 0.193151
 0 0.211127
 0 0.160403
 0 0.16303
 0 0.145806
 0 0.181841
 0 0.161156
 0 0.245308
 0 0.193612
 0 0.176804
 0 0.169772
 0 0.209627
 0 0.175394
 0 0.16554
 0 0.236301
 0 0.215937
 0 0.200306
 0 0.18426
 0 0.21363
 0 0.201091
 0 0.127704
 0 0.182721
 0 0.0932662
 0 0.166118
 0 0.161987
 0 0.168792
 0 0.199554
 0 0.17535
 0 0.167823
 0 0.157572
 0 0.154377
 0 0.232055
 0 0.223586
 0 0.149511
 0 0.162152
 0 0.173307
 0 0.187079
 0 0.162536
 0 0.205412
 0 0.159631
 0 0.138754
 0 0.213811
 0 0.186663
 0 0.160354
 0 0.215721
 0 0.18899
 0 0.188282
 0 0.175133
 0 0.201367
 0 0.153073
 0 0.155062
 0 0.178842
 0 0.186401
 0 0.172002
 0 0.17579
 0 0.172568
 0 0.198732
 0 0.178697
 0 0.200094
 0 0.106303
 0 0.210152
 0 0.147076
 0 0.181834
 0 0.165119
 0 0.211995
 0 0.155111
 0 0.18125
 0 0.143543
 0 0.163363
 0 0.163674
 0 0.183006
 0 0.173787
 0 0.16308
 0 0.207652
 0 0.18671
 0 0.179817
 0 0.202322
 0 0.207253
 0 0.247085
 0 0.189199
 0 0.200248
 0 0.204068
 0 0.200959
 0 0.208227
 0 0.148652
 0 0.188812
 0 0.195103
 0 0.188181
 0 0.171869
 0 0.215853
 0 0.180687
 0 0.218193
 0 0.197378
 0 0.19614
 0 0.190833
 0 0.181208
 0 0.182779
 0 0.18524
 0 0.194831
 0 0.188294
 0 0.153245
 0 0.190806
 0 0.191003
 0 0.203353
 0 0.170912
 0 0.18011
 0 0.16497
 0 0.194362
 0 0.17909
 0 0.138927
 0 0.184965
 0 0.192168
 0 0.169276
 0 0.172498
 0 0.202099
 0 0.197892
 0 0.180694
 0 0.187772
 0 0.164005
 0 0.148683
 0 0.127739
 0 0.179379
 0 0.202683
 0 0.203998
 0 0.176889
 0 0.145323
 0 0.156386
 0 0.171235
 0 0.1728
 0 0.195202
 0 0.165165
 0 0.147495
 0 0.172106
 0 0.166025
 0 0.198377
 0 0.140088
 0 0.200115
 0 0.148023
 0 0.177015
 0 0.180213
 0 0.147013
 0 0.191819
 0 0.198675
 0 0.240718
 0 0.216392
 0 0.17112
 0 0.188279
 0 0.192429
 0 0.169981
 0 0.195859
 0 0.204046
 0 0.169279
 0 0.205394
 0 0.159037
 0 0.182899
 0 0.204356
 0 0.194545
 0 0.207701
 0 0.179847
 0 0.172257
 0 0.232014
 0 0.189186
 0 0.20609
 0 0.113663
 0 0.16921
 0 0.283569
 0 0.183603
 0 0.200631
 0 0.164393
 0 0.19386
 0 0.174896
 0 0.170288
 0 0.194744
 0 0.16844
 0 0.205024
 0 0.199683
 0 0.193558
 0 0.21098
 0 0.209373
 0 0.165053
 0 0.190988
 0 0.20057
 0 0.179678
 0 0.228552
 0 0.171612
 0 0.170604
 0 0.141556
 0 0.221374
 0 0.152674
 0 0.166849
 0 0.170315
 0 0.204517
 0 0.148368
 0 0.174696
 0 0.177291
 0 0.192406
 0 0.191028
 0 0.164017
 0 0.18679
 0 0.161071
 0 0.19266
 0 0.171986
 0 0.177068
 0 0.165617
 0 0.21261
 0 0.181673
 0 0.156423
 0 0.166929
 0 0.148709
 0 0.20129
 0 0.154869
 0 0.183632
 0 0.153105
 0 0.174438
 0 0.201262
 0 0.12335
 0 0.180391
 0 0.224046
 0 0.14534
 0 0.213721
 0 0.199349
 0 0.166628
 0 0.155527
 0 0.192471
 0 0.185655
 0 0.194508
 0 0.160512
 0 0.149573
 0 0.186744
 0 0.138652
 0 0.15697
 0 0.192137
 0 0.195936
 0 0.168127
 0 0.204133
 0 0.181994
 0 0.164059
 0 0.175836
 0 0.209417
 0 0.200999
 0 0.169179
 0 0.135259
 0 0.208049
 0 0.159047
 0 0.211579
 0 0.22382
 0 0.170847
 0 0.142345
 0 0.221373
 0 0.154043
 0 0.164413
 0 0.238007
 0 0.136377
 0 0.192617
 0 0.166915
 0 0.152535
 0 0.194299
 0 0.20339
 0 0.155195
 0 0.158849
 0 0.15696
 0 0.156049
 0 0.177479
 0 0.190804
 0 0.197444
 0 0.204249
 0 0.176741
 0 0.181753
 0 0.165691
 0 0.254974
 0 0.178185
 0 0.19395
 0 0.166255
 0 0.188531
 0 0.193906
 0 0.148289
 0 0.214753
 0 0.118756
 0 0.167358
 0 0.146465
 0 0.181358
 0 0.198189
 0 0.193764
 0 0.193835
 0 0.22737
 0 0.194358
 0 0.178361
 0 0.191238
 0 0.177959
 0 0.148347
 0 0.151729
 0 0.205317
 0 0.176445
 0 0.197204
 0 0.180984
 0 0.213539
 0 0.205872
 0 0.219382
 0 0.245054
 0 0.178058
 0 0.186876
 0 0.178229
 0 0.194243
 0 0.181027
 0 0.247427
 0 0.184798
 0 0.181817
 0 0.163323
 0 0.163869
 0 0.174968
 0 0.205892
 0 0.181234
 0 0.183919
 0 0.171086
 0 0.182904
 0 0.165632
 0 0.204388
 0 0.220882
 0 0.164137
 0 0.198289
 0 0.208321
 0 0.151856
 0 0.1904
 0 0.217951
 0 0.164215
 0 0.203334
 0 0.220514
 0 0.16542
 0 0.193396
 0 0.181819
 0 0.238023
 0 0.145105
 0 0.198717
 0 0.171841
 0 0.175083
 0 0.162989
 0 0.131418
 0 0.191663
 0 0.176341
 0 0.142856
 0 0.231474
 0 0.151402
 0 0.15978
 0 0.152073
 0 0.166387
 0 0.176119
 0 0.176272
 0 0.162882
 0 0.205717
 0 0.183445
 0 0.259479
 0 0.208814
 0 0.181505
 0 0.207178
 0 0.206031
 0 0.167188
 0 0.146541
 0 0.199584
 0 0.23584
 0 0.176904
 0 0.183199
 0 0.19959
 0 0.190511
 0 0.195456
 0 0.228201
 0 0.190873
 0 0.170177
 0 0.156763
 0 0.14455
 0 0.177335
 0 0.185604
 0 0.150748
 0 0.157133
 0 0.192525
 0 0.186193
 0 0.169264
 0 0.194166
 0 0.17871
 0 0.15403
 0 0.199036
 0 0.209606
 0 0.184892
