469 1 0 0 1
 0 0.186928
 0 0.191268
 0 0.200019
 0 0.177322
 0 0.169015
 0 0.163027
 0 0.158228
 0 0.168273
 0 0.168511
 0 0.168461
 0 0.164069
 0 0.171313
 0 0.156115
 0 0.192692
 0 0.175771
 0 0.150616
 0 0.175522
 0 0.183979
 0 0.165024
 0 0.18644
 0 0.172494
 0 0.171393
 0 0.16571
 0 0.174176
 0 0.176396
 0 0.165933
 0 0.177346
 0 0.175906
 0 0.183383
 0 0.188647
 0 0.170349
 0 0.158016
 0 0.16774
 0 0.187562
 0 0.188472
 0 0.172273
 0 0.177117
 0 0.149241
 0 0.173488
 0 0.174159
 0 0.164408
 0 0.166068
 0 0.18493
 0 0.17009
 0 0.179455
 0 0.181067
 0 0.164519
 0 0.16064
 0 0.170485
 0 0.155121
 0 0.155168
 0 0.180385
 0 0.190095
 0 0.214015
 0 0.18661
 0 0.189669
 0 0.169333
 0 0.175529
 0 0.176486
 0 0.204224
 0 0.185143
 0 0.188891
 0 0.153331
 0 0.171924
 0 0.164385
 0 0.164709
 0 0.16888
 0 0.168067
 0 0.18309
 0 0.166048
 0 0.150972
 0 0.181725
 0 0.168912
 0 0.167084
 0 0.166836
 0 0.173458
 0 0.177811
 0 0.154172
 0 0.186418
 0 0.183145
 0 0.162426
 0 0.156801
 0 0.168696
 0 0.169314
 0 0.168831
 0 0.170147
 0 0.188743
 0 0.177514
 0 0.180591
 0 0.164258
 0 0.157014
 0 0.158443
 0 0.188324
 0 0.173871
 0 0.193949
 0 0.181436
 0 0.192523
 0 0.179441
 0 0.16476
 0 0.177584
 0 0.164219
 0 0.164871
 0 0.179593
 0 0.181269
 0 0.184729
 0 0.156179
 0 0.181509
 0 0.17397
 0 0.173145
 0 0.195734
 0 0.155992
 0 0.154962
 0 0.179056
 0 0.180743
 0 0.135954
 0 0.161949
 0 0.170753
 0 0.151449
 0 0.189883
 0 0.145736
 0 0.17786
 0 0.167489
 0 0.179982
 0 0.164907
 0 0.177639
 0 0.169876
 0 0.179855
 0 0.154357
 0 0.19329
 0 0.147966
 0 0.176012
 0 0.192875
 0 0.172756
 0 0.177487
 0 0.187526
 0 0.160958
 0 0.190437
 0 0.168202
 0 0.179451
 0 0.179739
 0 0.157103
 0 0.158696
 0 0.174942
 0 0.165659
 0 0.185947
 0 0.183653
 0 0.17286
 0 0.170294
 0 0.139671
 0 0.166684
 0 0.17434
 0 0.201703
 0 0.15654
 0 0.155257
 0 0.167857
 0 0.175837
 0 0.148608
 0 0.182308
 0 0.165043
 0 0.157994
 0 0.173561
 0 0.200962
 0 0.192051
 0 0.16885
 0 0.180034
 0 0.176322
 0 0.190576
 0 0.143917
 0 0.181696
 0 0.176326
 0 0.171727
 0 0.14864
 0 0.183874
 0 0.176526
 0 0.171203
 0 0.173485
 0 0.169818
 0 0.191724
 0 0.177336
 0 0.164904
 0 0.140191
 0 0.172148
 0 0.169387
 0 0.186857
 0 0.194265
 0 0.176107
 0 0.163449
 0 0.163377
 0 0.166273
 0 0.174937
 0 0.182189
 0 0.168838
 0 0.181719
 0 0.163393
 0 0.187994
 0 0.191993
 0 0.16419
 0 0.191158
 0 0.171736
 0 0.1644
 0 0.188977
 0 0.169182
 0 0.172221
 0 0.161636
 0 0.171557
 0 0.152241
 0 0.186779
 0 0.172788
 0 0.15022
 0 0.170377
 0 0.183771
 0 0.175145
 0 0.175978
 0 0.190595
 0 0.16991
 0 0.190513
 0 0.161297
 0 0.161592
 0 0.171409
 0 0.168936
 0 0.194187
 0 0.172096
 0 0.169987
 0 0.164888
 0 0.168472
 0 0.159468
 0 0.192759
 0 0.144621
 0 0.175525
 0 0.172931
 0 0.164343
 0 0.177528
 0 0.159794
 0 0.179685
 0 0.142244
 0 0.193876
 0 0.16689
 0 0.182131
 0 0.158438
 0 0.171475
 0 0.176629
 0 0.174468
 0 0.165954
 0 0.178477
 0 0.203814
 0 0.151931
 0 0.17816
 0 0.17773
 0 0.194378
 0 0.162878
 0 0.174118
 0 0.164412
 0 0.138158
 0 0.157785
 0 0.187198
 0 0.163168
 0 0.179768
 0 0.187082
 0 0.178736
 0 0.132134
 0 0.188249
 0 0.176208
 0 0.199508
 0 0.167995
 0 0.167696
 0 0.183736
 0 0.17756
 0 0.16789
 0 0.170861
 0 0.155744
 0 0.185315
 0 0.176255
 0 0.176651
 0 0.155446
 0 0.189095
 0 0.177384
 0 0.174353
 0 0.155034
 0 0.152316
 0 0.1691
 0 0.172056
 0 0.17094
 0 0.183742
 0 0.173158
 0 0.178253
 0 0.169476
 0 0.141991
 0 0.155093
 0 0.170574
 0 0.148011
 0 0.181551
 0 0.158459
 0 0.196633
 0 0.142643
 0 0.162358
 0 0.166267
 0 0.167243
 0 0.164378
 0 0.174741
 0 0.150065
 0 0.185748
 0 0.198209
 0 0.150472
 0 0.171813
 0 0.188847
 0 0.175564
 0 0.154112
 0 0.165869
 0 0.163406
 0 0.175222
 0 0.174408
 0 0.210041
 0 0.162322
 0 0.156588
 0 0.160962
 0 0.18011
 0 0.135097
 0 0.190902
 0 0.182003
 0 0.166264
 0 0.178656
 0 0.191117
 0 0.175761
 0 0.15834
 0 0.165579
 0 0.175441
 0 0.167
 0 0.170338
 0 0.158568
 0 0.16936
 0 0.13667
 0 0.193403
 0 0.180823
 0 0.200087
 0 0.171835
 0 0.180057
 0 0.132293
 0 0.178545
 0 0.18295
 0 0.161101
 0 0.18952
 0 0.183034
 0 0.159279
 0 0.182361
 0 0.175137
 0 0.170744
 0 0.192181
 0 0.169265
 0 0.184871
 0 0.182954
 0 0.162928
 0 0.155603
 0 0.168862
 0 0.206018
 0 0.18691
 0 0.185918
 0 0.172769
 0 0.183321
 0 0.174235
 0 0.163629
 0 0.162659
 0 0.178208
 0 0.130875
 0 0.169857
 0 0.177336
 0 0.171271
 0 0.167016
 0 0.167537
 0 0.168574
 0 0.176534
 0 0.228095
 0 0.161213
 0 0.179803
 0 0.19721
 0 0.159452
 0 0.18872
 0 0.178768
 0 0.181353
 0 0.158861
 0 0.16837
 0 0.153644
 0 0.167382
 0 0.17781
 0 0.169464
 0 0.19099
 0 0.172289
 0 0.180313
 0 0.201233
 0 0.157627
 0 0.168749
 0 0.191076
 0 0.131208
 0 0.164956
 0 0.176044
 0 0.146097
 0 0.164706
 0 0.158102
 0 0.155035
 0 0.184303
 0 0.177029
 0 0.160781
 0 0.170362
 0 0.1767
 0 0.188455
 0 0.159514
 0 0.152141
 0 0.180061
 0 0.16469
 0 0.160653
 0 0.173674
 0 0.130059
 0 0.167021
 0 0.182231
 0 0.175916
 0 0.160131
 0 0.181521
 0 0.176309
 0 0.192905
 0 0.188191
 0 0.181833
 0 0.180449
 0 0.18934
 0 0.16382
 0 0.183261
 0 0.199646
 0 0.180245
 0 0.166694
 0 0.170423
 0 0.147447
 0 0.175814
 0 0.174314
 0 0.151611
 0 0.164168
 0 0.191528
 0 0.177205
 0 0.174614
 0 0.17373
 0 0.174212
 0 0.17593
 0 0.161525
 0 0.193493
 0 0.141528
 0 0.176496
 0 0.138351
 0 0.182598
 0 0.184764
 0 0.178592
 0 0.189562
 0 0.177646
 0 0.161235
 0 0.201298
 0 0.157063
 0 0.159142
 0 0.15347
 0 0.173049
 0 0.166955
 0 0.15716
 0 0.174035
 0 0.166291
 0 0.153782
 0 0.170434
 0 0.193376
 0 0.205101
 0 0.167649
 0 0.187513
 0 0.171009
 0 0.179548
 0 0.157106
 0 0.186949
