469 1 0 0 1
 0 0.161193
 0 0.162979
 0 0.174827
 0 0.145935
 0 0.12706
 0 0.114225
 0 0.166974
 0 0.17522
 0 0.170221
 0 0.194065
 0 0.167709
 0 0.171635
 0 0.194094
 0 0.190182
 0 0.151947
 0 0.17506
 0 0.164348
 0 0.177602
 0 0.138506
 0 0.164068
 0 0.156558
 0 0.166794
 0 0.167923
 0 0.177559
 0 0.177711
 0 0.183361
 0 0.217907
 0 0.144465
 0 0.161859
 0 0.217305
 0 0.204251
 0 0.209798
 0 0.139475
 0 0.238214
 0 0.127285
 0 0.136696
 0 0.189466
 0 0.164756
 0 0.192129
 0 0.180796
 0 0.138635
 0 0.180548
 0 0.17223
 0 0.138154
 0 0.209173
 0 0.137191
 0 0.169785
 0 0.188554
 0 0.0968358
 0 0.1596
 0 0.191404
 0 0.150878
 0 0.199972
 0 0.199293
 0 0.170351
 0 0.147123
 0 0.172847
 0 0.118893
 0 0.13923
 0 0.202166
 0 0.141155
 0 0.17079
 0 0.175469
 0 0.18442
 0 0.195456
 0 0.165175
 0 0.151975
 0 0.169307
 0 0.204821
 0 0.177004
 0 0.190588
 0 0.199218
 0 0.11363
 0 0.174734
 0 0.178069
 0 0.17445
 0 0.163552
 0 0.173808
 0 0.173042
 0 0.164287
 0 0.172067
 0 0.184602
 0 0.17319
 0 0.179668
 0 0.148258
 0 0.171537
 0 0.151191
 0 0.182709
 0 0.178431
 0 0.158236
 0 0.165445
 0 0.135655
 0 0.186557
 0 0.143447
 0 0.185749
 0 0.162293
 0 0.140164
 0 0.180331
 0 0.170251
 0 0.145302
 0 0.168213
 0 0.215008
 0 0.164664
 0 0.206397
 0 0.180042
 0 0.140638
 0 0.165784
 0 0.149018
 0 0.194275
 0 0.107264
 0 0.164194
 0 0.153653
 0 0.158782
 0 0.159897
 0 0.145507
 0 0.184796
 0 0.213627
 0 0.167973
 0 0.151482
 0 0.202749
 0 0.161743
 0 0.138515
 0 0.137028
 0 0.139378
 0 0.149827
 0 0.160579
 0 0.175572
 0 0.134882
 0 0.189214
 0 0.155309
 0 0.170131
 0 0.181061
 0 0.171727
 0 0.204772
 0 0.204367
 0 0.195306
 0 0.161743
 0 0.178445
 0 0.143941
 0 0.178921
 0 0.145043
 0 0.171397
 0 0.186979
 0 0.169539
 0 0.210588
 0 0.169265
 0 0.133426
 0 0.169878
 0 0.0593322
 0 0.167242
 0 0.169727
 0 0.191192
 0 0.12383
 0 0.170598
 0 0.174574
 0 0.135173
 0 0.118044
 0 0.153476
 0 0.131801
 0 0.156673
 0 0.170548
 0 0.163339
 0 0.160975
 0 0.158496
 0 0.18632
 0 0.218692
 0 0.151497
 0 0.175644
 0 0.170641
 0 0.182459
 0 0.191876
 0 0.162781
 0 0.147041
 0 0.159342
 0 0.154029
 0 0.156084
 0 0.180734
 0 0.168927
 0 0.134013
 0 0.195651
 0 0.170259
 0 0.163454
 0 0.135023
 0 0.158849
 0 0.190852
 0 0.173588
 0 0.166438
 0 0.150472
 0 0.157367
 0 0.170994
 0 0.166955
 0 0.139311
 0 0.165731
 0 0.158495
 0 0.147192
 0 0.153052
 0 0.168838
 0 0.205571
 0 0.185045
 0 0.188672
 0 0.188643
 0 0.178027
 0 0.13777
 0 0.17514
 0 0.181525
 0 0.179558
 0 0.158583
 0 0.222472
 0 0.165171
 0 0.192035
 0 0.196351
 0 0.227463
 0 0.136549
 0 0.294935
 0 0.161303
 0 0.173717
 0 0.178488
 0 0.174294
 0 0.209647
 0 0.151434
 0 0.164985
 0 0.16553
 0 0.155221
 0 0.197623
 0 0.160888
 0 0.156063
 0 0.190671
 0 0.164028
 0 0.162686
 0 0.148526
 0 0.224132
 0 0.183105
 0 0.167116
 0 0.190883
 0 0.137495
 0 0.154378
 0 0.169053
 0 0.211787
 0 0.169559
 0 0.201821
 0 0.169259
 0 0.155346
 0 0.164675
 0 0.161643
 0 0.175714
 0 0.123234
 0 0.149765
 0 0.23735
 0 0.180095
 0 0.171106
 0 0.132234
 0 0.179775
 0 0.193388
 0 0.167918
 0 0.193254
 0 0.161499
 0 0.218511
 0 0.178347
 0 0.187487
 0 0.158488
 0 0.199623
 0 0.194569
 0 0.176773
 0 0.161932
 0 0.193018
 0 0.152257
 0 0.151745
 0 0.172655
 0 0.17835
 0 0.161432
 0 0.174989
 0 0.153524
 0 0.196684
 0 0.116484
 0 0.169449
 0 0.127981
 0 0.166559
 0 0.177163
 0 0.200089
 0 0.131999
 0 0.180226
 0 0.185903
 0 0.196434
 0 0.179788
 0 0.110403
 0 0.145727
 0 0.145583
 0 0.194737
 0 0.185855
 0 0.144576
 0 0.159956
 0 0.200387
 0 0.175408
 0 0.142066
 0 0.152571
 0 0.198461
 0 0.156643
 0 0.123429
 0 0.174162
 0 0.139949
 0 0.155524
 0 0.180707
 0 0.127403
 0 0.135716
 0 0.214548
 0 0.139757
 0 0.227811
 0 0.148876
 0 0.132113
 0 0.159128
 0 0.147833
 0 0.144647
 0 0.18899
 0 0.190304
 0 0.1511
 0 0.189814
 0 0.146483
 0 0.149813
 0 0.138276
 0 0.15225
 0 0.142091
 0 0.163518
 0 0.198627
 0 0.147056
 0 0.169972
 0 0.172866
 0 0.178969
 0 0.171055
 0 0.162175
 0 0.174613
 0 0.156322
 0 0.179127
 0 0.175202
 0 0.176334
 0 0.162655
 0 0.180553
 0 0.141419
 0 0.213835
 0 0.226458
 0 0.143621
 0 0.179649
 0 0.127242
 0 0.154145
 0 0.186084
 0 0.175153
 0 0.167318
 0 0.197067
 0 0.139557
 0 0.148909
 0 0.163663
 0 0.161728
 0 0.173901
 0 0.192848
 0 0.149951
 0 0.183717
 0 0.198156
 0 0.197397
 0 0.189514
 0 0.174669
 0 0.161431
 0 0.195577
 0 0.177271
 0 0.152681
 0 0.198728
 0 0.111239
 0 0.14171
 0 0.160154
 0 0.174455
 0 0.17813
 0 0.14439
 0 0.190053
 0 0.165316
 0 0.165265
 0 0.202372
 0 0.192377
 0 0.174345
 0 0.129821
 0 0.202113
 0 0.172214
 0 0.175841
 0 0.201195
 0 0.168248
 0 0.215847
 0 0.200703
 0 0.164167
 0 0.225558
 0 0.173494
 0 0.191451
 0 0.163729
 0 0.185706
 0 0.152348
 0 0.16628
 0 0.145146
 0 0.193645
 0 0.128878
 0 0.175197
 0 0.161653
 0 0.204924
 0 0.164055
 0 0.214049
 0 0.130631
 0 0.180649
 0 0.14505
 0 0.18052
 0 0.195784
 0 0.152783
 0 0.177849
 0 0.177735
 0 0.169576
 0 0.174786
 0 0.196071
 0 0.127472
 0 0.203363
 0 0.188955
 0 0.14516
 0 0.172824
 0 0.186001
 0 0.200327
 0 0.152206
 0 0.159524
 0 0.170126
 0 0.168672
 0 0.160775
 0 0.175617
 0 0.174767
 0 0.155346
 0 0.138099
 0 0.207898
 0 0.146233
 0 0.169379
 0 0.149462
 0 0.177424
 0 0.183656
 0 0.173929
 0 0.164806
 0 0.183106
 0 0.187953
 0 0.125873
 0 0.179276
 0 0.170042
 0 0.157347
 0 0.170229
 0 0.182184
 0 0.140502
 0 0.190397
 0 0.200812
 0 0.163069
 0 0.167744
 0 0.193003
 0 0.149821
 0 0.190198
 0 0.181611
 0 0.148173
 0 0.163425
 0 0.146258
 0 0.152379
 0 0.165971
 0 0.161292
 0 0.135101
 0 0.175687
 0 0.183019
 0 0.187503
 0 0.180469
 0 0.204686
 0 0.157668
 0 0.139564
 0 0.208896
 0 0.194472
 0 0.16412
