469 1 0 0 1
 0 0.134992
 0 0.126111
 0 0.148271
 0 0.138979
 0 0.144987
 0 0.143577
 0 0.138967
 0 0.111393
 0 0.129314
 0 0.135147
 0 0.11426
 0 0.132046
 0 0.136777
 0 0.148647
 0 0.140861
 0 0.115178
 0 0.131388
 0 0.160907
 0 0.15807
 0 0.165977
 0 0.139912
 0 0.134365
 0 0.134884
 0 0.144338
 0 0.137969
 0 0.14444
 0 0.141818
 0 0.133254
 0 0.143634
 0 0.143372
 0 0.141966
 0 0.138239
 0 0.153669
 0 0.131299
 0 0.134789
 0 0.137351
 0 0.140818
 0 0.140107
 0 0.147272
 0 0.139277
 0 0.123503
 0 0.164828
 0 0.160388
 0 0.135584
 0 0.146614
 0 0.143102
 0 0.125506
 0 0.128429
 0 0.137373
 0 0.132231
 0 0.142792
 0 0.140616
 0 0.146442
 0 0.141899
 0 0.143841
 0 0.150158
 0 0.135492
 0 0.135164
 0 0.14354
 0 0.138473
 0 0.144842
 0 0.137899
 0 0.124134
 0 0.14074
 0 0.158848
 0 0.149228
 0 0.13703
 0 0.140524
 0 0.125945
 0 0.149371
 0 0.134348
 0 0.147526
 0 0.124305
 0 0.136906
 0 0.139701
 0 0.123865
 0 0.135123
 0 0.135968
 0 0.147413
 0 0.144708
 0 0.120538
 0 0.149386
 0 0.140356
 0 0.1552
 0 0.15858
 0 0.139481
 0 0.147853
 0 0.143721
 0 0.148309
 0 0.130371
 0 0.13898
 0 0.151883
 0 0.126451
 0 0.146796
 0 0.142202
 0 0.147598
 0 0.143791
 0 0.142027
 0 0.145677
 0 0.135879
 0 0.12984
 0 0.128159
 0 0.130412
 0 0.148907
 0 0.146586
 0 0.118748
 0 0.138377
 0 0.14849
 0 0.13371
 0 0.137061
 0 0.141785
 0 0.123464
 0 0.154396
 0 0.136452
 0 0.119708
 0 0.137942
 0 0.15161
 0 0.121218
 0 0.149055
 0 0.13283
 0 0.145746
 0 0.155176
 0 0.135779
 0 0.133134
 0 0.121795
 0 0.140481
 0 0.142826
 0 0.127107
 0 0.146905
 0 0.123874
 0 0.141647
 0 0.149067
 0 0.143115
 0 0.13048
 0 0.14811
 0 0.144767
 0 0.147904
 0 0.131654
 0 0.150491
 0 0.137793
 0 0.136414
 0 0.156867
 0 0.131238
 0 0.127858
 0 0.151741
 0 0.143689
 0 0.124037
 0 0.13853
 0 0.114812
 0 0.143848
 0 0.14488
 0 0.138737
 0 0.127576
 0 0.115051
 0 0.125829
 0 0.129754
 0 0.131599
 0 0.14725
 0 0.156271
 0 0.142224
 0 0.147402
 0 0.149626
 0 0.137299
 0 0.142947
 0 0.152164
 0 0.132297
 0 0.127181
 0 0.141776
 0 0.154772
 0 0.12033
 0 0.138557
 0 0.12789
 0 0.140213
 0 0.140507
 0 0.145862
 0 0.149074
 0 0.129226
 0 0.151486
 0 0.140908
 0 0.129846
 0 0.13241
 0 0.152112
 0 0.165299
 0 0.137417
 0 0.144867
 0 0.140343
 0 0.140436
 0 0.131275
 0 0.148765
 0 0.150511
 0 0.159574
 0 0.140097
 0 0.128367
 0 0.154504
 0 0.140538
 0 0.142056
 0 0.126964
 0 0.152915
 0 0.130553
 0 0.127618
 0 0.133647
 0 0.15106
 0 0.123503
 0 0.143108
 0 0.135761
 0 0.141176
 0 0.139473
 0 0.144119
 0 0.132387
 0 0.137791
 0 0.137733
 0 0.140464
 0 0.141961
 0 0.142757
 0 0.132327
 0 0.157139
 0 0.130028
 0 0.14045
 0 0.136012
 0 0.146749
 0 0.141791
 0 0.147761
 0 0.139825
 0 0.147752
 0 0.140368
 0 0.147497
 0 0.168362
 0 0.126051
 0 0.13598
 0 0.130643
 0 0.1309
 0 0.127404
 0 0.153551
 0 0.134973
 0 0.130035
 0 0.163358
 0 0.130259
 0 0.14456
 0 0.137294
 0 0.152718
 0 0.13921
 0 0.155617
 0 0.143194
 0 0.151419
 0 0.142057
 0 0.121692
 0 0.128359
 0 0.145066
 0 0.145478
 0 0.155672
 0 0.128887
 0 0.147005
 0 0.147389
 0 0.125087
 0 0.142574
 0 0.144584
 0 0.139995
 0 0.148858
 0 0.149441
 0 0.126813
 0 0.126681
 0 0.132982
 0 0.16384
 0 0.129787
 0 0.138599
 0 0.112566
 0 0.139561
 0 0.126717
 0 0.142771
 0 0.113765
 0 0.1352
 0 0.142807
 0 0.132582
 0 0.13424
 0 0.13994
 0 0.137638
 0 0.140713
 0 0.128645
 0 0.138564
 0 0.142916
 0 0.140661
 0 0.109037
 0 0.153253
 0 0.140663
 0 0.128332
 0 0.142139
 0 0.115576
 0 0.12779
 0 0.133251
 0 0.127454
 0 0.141118
 0 0.147625
 0 0.157564
 0 0.115499
 0 0.138136
 0 0.138941
 0 0.14071
 0 0.127121
 0 0.147486
 0 0.135506
 0 0.126301
 0 0.149393
 0 0.115172
 0 0.14151
 0 0.153223
 0 0.150181
 0 0.131383
 0 0.131045
 0 0.123118
 0 0.132494
 0 0.121466
 0 0.140527
 0 0.150327
 0 0.129754
 0 0.133965
 0 0.141583
 0 0.130914
 0 0.149582
 0 0.128294
 0 0.130848
 0 0.116769
 0 0.156634
 0 0.135902
 0 0.118329
 0 0.149083
 0 0.142835
 0 0.145226
 0 0.147091
 0 0.122975
 0 0.150664
 0 0.104086
 0 0.133331
 0 0.154555
 0 0.13875
 0 0.129534
 0 0.138813
 0 0.128344
 0 0.141363
 0 0.14097
 0 0.129765
 0 0.144155
 0 0.145713
 0 0.136144
 0 0.127017
 0 0.127228
 0 0.132172
 0 0.139326
 0 0.144228
 0 0.14987
 0 0.162572
 0 0.142755
 0 0.140687
 0 0.13669
 0 0.138135
 0 0.145226
 0 0.150055
 0 0.158669
 0 0.141849
 0 0.13403
 0 0.137552
 0 0.14922
 0 0.135976
 0 0.118643
 0 0.15191
 0 0.124017
 0 0.133729
 0 0.132671
 0 0.154707
 0 0.153367
 0 0.142813
 0 0.165041
 0 0.13083
 0 0.135025
 0 0.134794
 0 0.148808
 0 0.136192
 0 0.139569
 0 0.109594
 0 0.134049
 0 0.130713
 0 0.148115
 0 0.144887
 0 0.132851
 0 0.134822
 0 0.156173
 0 0.128877
 0 0.141907
 0 0.152252
 0 0.146158
 0 0.14487
 0 0.14759
 0 0.134078
 0 0.137814
 0 0.143281
 0 0.139208
 0 0.134198
 0 0.141243
 0 0.127209
 0 0.13493
 0 0.130331
 0 0.134238
 0 0.142318
 0 0.138397
 0 0.157852
 0 0.135293
 0 0.131102
 0 0.149967
 0 0.13442
 0 0.138714
 0 0.145127
 0 0.12629
 0 0.136096
 0 0.142267
 0 0.139604
 0 0.138378
 0 0.136938
 0 0.146223
 0 0.155382
 0 0.144202
 0 0.146358
 0 0.139005
 0 0.134423
 0 0.138502
 0 0.135787
 0 0.162271
 0 0.149429
 0 0.141675
 0 0.14562
 0 0.123194
 0 0.151079
 0 0.119968
 0 0.135934
 0 0.14018
 0 0.135142
 0 0.121305
 0 0.153284
 0 0.12302
 0 0.151394
 0 0.139149
 0 0.129349
 0 0.145421
 0 0.109163
 0 0.145885
 0 0.124708
 0 0.130281
 0 0.153913
 0 0.159054
 0 0.147489
 0 0.146963
 0 0.155646
 0 0.159644
 0 0.1281
 0 0.133711
 0 0.123095
 0 0.13332
 0 0.141458
 0 0.127207
 0 0.133044
 0 0.140419
 0 0.134634
 0 0.135812
 0 0.161033
 0 0.147655
 0 0.136089
 0 0.14247
 0 0.14755
 0 0.156933
 0 0.147889
 0 0.144904
