469 1 0 0 1
 0 0.158523
 0 0.156766
 0 0.177855
 0 0.163904
 0 0.167263
 0 0.165846
 0 0.159814
 0 0.150647
 0 0.170416
 0 0.165863
 0 0.146574
 0 0.161325
 0 0.17222
 0 0.170821
 0 0.163978
 0 0.147338
 0 0.146511
 0 0.181938
 0 0.173276
 0 0.186802
 0 0.161153
 0 0.164937
 0 0.159531
 0 0.169348
 0 0.162443
 0 0.165424
 0 0.178389
 0 0.165575
 0 0.162914
 0 0.16888
 0 0.176934
 0 0.170504
 0 0.155233
 0 0.166075
 0 0.156143
 0 0.164392
 0 0.18127
 0 0.170581
 0 0.178354
 0 0.167477
 0 0.156833
 0 0.173952
 0 0.173254
 0 0.155192
 0 0.17001
 0 0.16795
 0 0.160847
 0 0.16046
 0 0.122345
 0 0.1612
 0 0.171336
 0 0.163009
 0 0.174637
 0 0.156489
 0 0.166083
 0 0.169078
 0 0.170397
 0 0.123215
 0 0.163707
 0 0.166602
 0 0.178962
 0 0.168013
 0 0.153937
 0 0.155167
 0 0.158639
 0 0.165405
 0 0.1593
 0 0.176958
 0 0.167954
 0 0.171639
 0 0.159724
 0 0.166284
 0 0.152341
 0 0.168955
 0 0.175861
 0 0.14431
 0 0.152583
 0 0.160929
 0 0.169015
 0 0.173826
 0 0.154726
 0 0.166682
 0 0.170094
 0 0.16994
 0 0.172234
 0 0.15715
 0 0.173771
 0 0.172117
 0 0.171799
 0 0.157259
 0 0.167772
 0 0.16968
 0 0.178372
 0 0.165501
 0 0.159196
 0 0.153809
 0 0.164072
 0 0.169255
 0 0.173204
 0 0.162926
 0 0.159816
 0 0.15895
 0 0.163643
 0 0.176867
 0 0.175146
 0 0.168759
 0 0.158994
 0 0.168813
 0 0.152767
 0 0.162024
 0 0.167185
 0 0.156744
 0 0.181387
 0 0.157595
 0 0.148499
 0 0.16795
 0 0.160897
 0 0.148734
 0 0.161957
 0 0.158002
 0 0.159298
 0 0.168796
 0 0.172419
 0 0.158267
 0 0.156506
 0 0.166297
 0 0.17725
 0 0.155251
 0 0.170696
 0 0.153832
 0 0.1597
 0 0.164141
 0 0.170005
 0 0.16554
 0 0.17019
 0 0.173937
 0 0.162275
 0 0.159526
 0 0.175199
 0 0.162578
 0 0.160671
 0 0.173184
 0 0.164599
 0 0.144758
 0 0.165892
 0 0.159126
 0 0.151284
 0 0.16963
 0 0.125463
 0 0.160411
 0 0.1515
 0 0.158572
 0 0.152686
 0 0.142158
 0 0.153009
 0 0.158779
 0 0.174845
 0 0.170571
 0 0.166357
 0 0.155136
 0 0.166236
 0 0.173909
 0 0.164584
 0 0.171352
 0 0.178866
 0 0.164916
 0 0.161136
 0 0.168113
 0 0.170607
 0 0.163401
 0 0.176555
 0 0.135278
 0 0.171626
 0 0.149517
 0 0.168148
 0 0.165873
 0 0.161761
 0 0.174865
 0 0.163775
 0 0.171275
 0 0.172873
 0 0.169628
 0 0.180006
 0 0.162365
 0 0.174266
 0 0.17126
 0 0.16797
 0 0.166339
 0 0.17667
 0 0.17562
 0 0.173805
 0 0.154758
 0 0.160969
 0 0.174728
 0 0.170265
 0 0.166529
 0 0.144508
 0 0.183774
 0 0.160908
 0 0.169899
 0 0.154037
 0 0.176437
 0 0.162162
 0 0.156941
 0 0.154921
 0 0.172165
 0 0.170318
 0 0.174631
 0 0.161503
 0 0.174387
 0 0.168896
 0 0.15905
 0 0.166943
 0 0.175682
 0 0.153786
 0 0.17291
 0 0.164327
 0 0.148024
 0 0.157739
 0 0.159917
 0 0.172081
 0 0.178888
 0 0.170307
 0 0.164646
 0 0.152683
 0 0.157364
 0 0.193111
 0 0.156359
 0 0.161737
 0 0.16705
 0 0.157823
 0 0.169895
 0 0.178564
 0 0.169256
 0 0.162795
 0 0.192658
 0 0.160313
 0 0.180677
 0 0.161687
 0 0.181159
 0 0.163061
 0 0.172399
 0 0.163625
 0 0.161868
 0 0.17803
 0 0.146426
 0 0.155061
 0 0.182841
 0 0.157279
 0 0.163662
 0 0.15304
 0 0.167962
 0 0.162638
 0 0.162175
 0 0.166226
 0 0.171175
 0 0.158801
 0 0.176189
 0 0.165078
 0 0.147032
 0 0.158362
 0 0.16341
 0 0.174927
 0 0.162613
 0 0.17234
 0 0.141264
 0 0.175297
 0 0.172961
 0 0.166889
 0 0.144555
 0 0.165437
 0 0.15826
 0 0.159106
 0 0.162371
 0 0.174073
 0 0.16181
 0 0.173542
 0 0.156776
 0 0.155648
 0 0.159162
 0 0.158796
 0 0.155788
 0 0.175007
 0 0.182076
 0 0.173219
 0 0.171477
 0 0.14195
 0 0.158176
 0 0.163172
 0 0.16441
 0 0.175342
 0 0.160256
 0 0.168826
 0 0.151407
 0 0.15004
 0 0.161866
 0 0.167604
 0 0.164448
 0 0.178448
 0 0.154596
 0 0.162949
 0 0.182252
 0 0.157578
 0 0.174026
 0 0.175766
 0 0.17246
 0 0.160052
 0 0.168601
 0 0.153835
 0 0.170339
 0 0.151546
 0 0.182421
 0 0.158627
 0 0.159711
 0 0.162209
 0 0.174664
 0 0.144943
 0 0.173871
 0 0.161168
 0 0.15727
 0 0.149061
 0 0.171245
 0 0.178626
 0 0.145599
 0 0.167491
 0 0.157287
 0 0.171783
 0 0.165532
 0 0.15411
 0 0.167885
 0 0.142928
 0 0.163648
 0 0.184022
 0 0.166899
 0 0.147353
 0 0.174038
 0 0.160798
 0 0.153562
 0 0.159042
 0 0.16523
 0 0.170489
 0 0.159766
 0 0.156026
 0 0.156112
 0 0.153305
 0 0.155981
 0 0.171355
 0 0.160967
 0 0.171842
 0 0.181481
 0 0.168028
 0 0.157756
 0 0.162179
 0 0.170459
 0 0.168778
 0 0.172049
 0 0.183106
 0 0.168121
 0 0.176004
 0 0.164279
 0 0.167952
 0 0.16787
 0 0.149543
 0 0.170728
 0 0.157069
 0 0.161842
 0 0.158545
 0 0.175155
 0 0.16122
 0 0.168257
 0 0.190266
 0 0.160417
 0 0.170001
 0 0.158642
 0 0.173419
 0 0.167156
 0 0.175973
 0 0.151311
 0 0.170514
 0 0.16117
 0 0.153933
 0 0.174815
 0 0.172502
 0 0.161207
 0 0.177687
 0 0.168505
 0 0.176829
 0 0.18351
 0 0.158168
 0 0.175901
 0 0.164288
 0 0.157531
 0 0.165179
 0 0.171602
 0 0.137092
 0 0.162591
 0 0.162116
 0 0.168567
 0 0.173304
 0 0.165605
 0 0.158938
 0 0.17516
 0 0.144135
 0 0.183467
 0 0.179023
 0 0.161508
 0 0.170431
 0 0.155701
 0 0.170638
 0 0.168838
 0 0.1524
 0 0.16638
 0 0.158351
 0 0.165379
 0 0.169715
 0 0.161271
 0 0.173447
 0 0.182157
 0 0.165712
 0 0.170693
 0 0.170813
 0 0.173959
 0 0.175959
 0 0.163235
 0 0.186203
 0 0.174191
 0 0.161689
 0 0.176137
 0 0.133975
 0 0.164314
 0 0.155406
 0 0.165153
 0 0.158225
 0 0.156435
 0 0.154259
 0 0.164007
 0 0.148724
 0 0.185194
 0 0.162362
 0 0.171357
 0 0.165842
 0 0.154386
 0 0.16329
 0 0.148593
 0 0.170991
 0 0.179582
 0 0.177684
 0 0.177193
 0 0.177424
 0 0.167925
 0 0.180719
 0 0.173881
 0 0.164414
 0 0.164687
 0 0.155439
 0 0.164804
 0 0.155774
 0 0.167884
 0 0.166432
 0 0.152215
 0 0.164349
 0 0.18279
 0 0.172678
 0 0.173738
 0 0.172162
 0 0.175699
 0 0.171574
 0 0.166061
 0 0.162424
