469 1 0 0 1
 0 0.147761
 0 0.165132
 0 0.167182
 0 0.159664
 0 0.147432
 0 0.153858
 0 0.144695
 0 0.151486
 0 0.157083
 0 0.151474
 0 0.146581
 0 0.161678
 0 0.149663
 0 0.177135
 0 0.151351
 0 0.132466
 0 0.139973
 0 0.161284
 0 0.159235
 0 0.182427
 0 0.1481
 0 0.14224
 0 0.154515
 0 0.157351
 0 0.153157
 0 0.155061
 0 0.165218
 0 0.145555
 0 0.153412
 0 0.170543
 0 0.165088
 0 0.159542
 0 0.143297
 0 0.166422
 0 0.144929
 0 0.150109
 0 0.160952
 0 0.139361
 0 0.157619
 0 0.151667
 0 0.155387
 0 0.155558
 0 0.162119
 0 0.148598
 0 0.158292
 0 0.159171
 0 0.151507
 0 0.14858
 0 0.125795
 0 0.15222
 0 0.153489
 0 0.163319
 0 0.166858
 0 0.15991
 0 0.15697
 0 0.161621
 0 0.145828
 0 0.156467
 0 0.156957
 0 0.171032
 0 0.16664
 0 0.163537
 0 0.136868
 0 0.145081
 0 0.150082
 0 0.157383
 0 0.153495
 0 0.156928
 0 0.145662
 0 0.145363
 0 0.151889
 0 0.151991
 0 0.151679
 0 0.159894
 0 0.15961
 0 0.138772
 0 0.140967
 0 0.1541
 0 0.162206
 0 0.160391
 0 0.154436
 0 0.149597
 0 0.158888
 0 0.158356
 0 0.158927
 0 0.144955
 0 0.168711
 0 0.161375
 0 0.152075
 0 0.144673
 0 0.143882
 0 0.164457
 0 0.184701
 0 0.15276
 0 0.156315
 0 0.155303
 0 0.164581
 0 0.158719
 0 0.162996
 0 0.136983
 0 0.14841
 0 0.136867
 0 0.154496
 0 0.179922
 0 0.157105
 0 0.16671
 0 0.153864
 0 0.15465
 0 0.153253
 0 0.161633
 0 0.146042
 0 0.144139
 0 0.16716
 0 0.158203
 0 0.134477
 0 0.157942
 0 0.146197
 0 0.147638
 0 0.151064
 0 0.141577
 0 0.160573
 0 0.154249
 0 0.15671
 0 0.151767
 0 0.14414
 0 0.151404
 0 0.147615
 0 0.146816
 0 0.151803
 0 0.144212
 0 0.156218
 0 0.16579
 0 0.144039
 0 0.152755
 0 0.162983
 0 0.164529
 0 0.133982
 0 0.151298
 0 0.167119
 0 0.146391
 0 0.147013
 0 0.15894
 0 0.160226
 0 0.135206
 0 0.169862
 0 0.152513
 0 0.131271
 0 0.1587
 0 0.118601
 0 0.156872
 0 0.148882
 0 0.150111
 0 0.144127
 0 0.141271
 0 0.147743
 0 0.149151
 0 0.160717
 0 0.155982
 0 0.154703
 0 0.149294
 0 0.152052
 0 0.159745
 0 0.149262
 0 0.147333
 0 0.159464
 0 0.157835
 0 0.166176
 0 0.152561
 0 0.163924
 0 0.151774
 0 0.16962
 0 0.133607
 0 0.158351
 0 0.160748
 0 0.142649
 0 0.146769
 0 0.155244
 0 0.162816
 0 0.161536
 0 0.160047
 0 0.142632
 0 0.158769
 0 0.153269
 0 0.154353
 0 0.158377
 0 0.151458
 0 0.148456
 0 0.153309
 0 0.146599
 0 0.161079
 0 0.151227
 0 0.142098
 0 0.155995
 0 0.151051
 0 0.164024
 0 0.157228
 0 0.142886
 0 0.167995
 0 0.153674
 0 0.154814
 0 0.163574
 0 0.167522
 0 0.15534
 0 0.164308
 0 0.140657
 0 0.16188
 0 0.159651
 0 0.168783
 0 0.154466
 0 0.135871
 0 0.157389
 0 0.151182
 0 0.160146
 0 0.133832
 0 0.140763
 0 0.161297
 0 0.152195
 0 0.126037
 0 0.136944
 0 0.153394
 0 0.166491
 0 0.164812
 0 0.161779
 0 0.148612
 0 0.150974
 0 0.137001
 0 0.166543
 0 0.147417
 0 0.148141
 0 0.144061
 0 0.137842
 0 0.147569
 0 0.14966
 0 0.164761
 0 0.136144
 0 0.18675
 0 0.161277
 0 0.153579
 0 0.14723
 0 0.163258
 0 0.155677
 0 0.158794
 0 0.14953
 0 0.158968
 0 0.166736
 0 0.136455
 0 0.139561
 0 0.15473
 0 0.154996
 0 0.160987
 0 0.151747
 0 0.152782
 0 0.132115
 0 0.150549
 0 0.160238
 0 0.153816
 0 0.151007
 0 0.145093
 0 0.141208
 0 0.137518
 0 0.146709
 0 0.144333
 0 0.171713
 0 0.142722
 0 0.155968
 0 0.10999
 0 0.169756
 0 0.157833
 0 0.153861
 0 0.138702
 0 0.156807
 0 0.146809
 0 0.156868
 0 0.151621
 0 0.164138
 0 0.143425
 0 0.170304
 0 0.143941
 0 0.146425
 0 0.151923
 0 0.155014
 0 0.145157
 0 0.17294
 0 0.168008
 0 0.161461
 0 0.168317
 0 0.143659
 0 0.149788
 0 0.147252
 0 0.145177
 0 0.16361
 0 0.150778
 0 0.169281
 0 0.153031
 0 0.142075
 0 0.140043
 0 0.157979
 0 0.15331
 0 0.159035
 0 0.141541
 0 0.161565
 0 0.173903
 0 0.142195
 0 0.158753
 0 0.164503
 0 0.147342
 0 0.137176
 0 0.147489
 0 0.151155
 0 0.152583
 0 0.15794
 0 0.165908
 0 0.15422
 0 0.137712
 0 0.151654
 0 0.169948
 0 0.136769
 0 0.165299
 0 0.1564
 0 0.15101
 0 0.127729
 0 0.170886
 0 0.172298
 0 0.143171
 0 0.140296
 0 0.15403
 0 0.156275
 0 0.156497
 0 0.129992
 0 0.148628
 0 0.137603
 0 0.1499
 0 0.165308
 0 0.160368
 0 0.152553
 0 0.154551
 0 0.136152
 0 0.131154
 0 0.15491
 0 0.151589
 0 0.162416
 0 0.154453
 0 0.146175
 0 0.15726
 0 0.164202
 0 0.152022
 0 0.17393
 0 0.146738
 0 0.154402
 0 0.164527
 0 0.13913
 0 0.142435
 0 0.140099
 0 0.148848
 0 0.166368
 0 0.165598
 0 0.171179
 0 0.155023
 0 0.154029
 0 0.167764
 0 0.141189
 0 0.158441
 0 0.119962
 0 0.152407
 0 0.151906
 0 0.153115
 0 0.143094
 0 0.158366
 0 0.127045
 0 0.129388
 0 0.17549
 0 0.138738
 0 0.141325
 0 0.150754
 0 0.154151
 0 0.159461
 0 0.16634
 0 0.154966
 0 0.153708
 0 0.15242
 0 0.153239
 0 0.152153
 0 0.163955
 0 0.154737
 0 0.169969
 0 0.15941
 0 0.160673
 0 0.173023
 0 0.141538
 0 0.142475
 0 0.159826
 0 0.125603
 0 0.152731
 0 0.148505
 0 0.133873
 0 0.149001
 0 0.145886
 0 0.153604
 0 0.158289
 0 0.141824
 0 0.140983
 0 0.141211
 0 0.142122
 0 0.167244
 0 0.161061
 0 0.146072
 0 0.153189
 0 0.150829
 0 0.151378
 0 0.154509
 0 0.119092
 0 0.156048
 0 0.146658
 0 0.143635
 0 0.158795
 0 0.153437
 0 0.15504
 0 0.180044
 0 0.15665
 0 0.159672
 0 0.154875
 0 0.153987
 0 0.155402
 0 0.157532
 0 0.168221
 0 0.158167
 0 0.148277
 0 0.152347
 0 0.131785
 0 0.161352
 0 0.143423
 0 0.145535
 0 0.15887
 0 0.161693
 0 0.151065
 0 0.146278
 0 0.144397
 0 0.175304
 0 0.158259
 0 0.168096
 0 0.167457
 0 0.130536
 0 0.153941
 0 0.14096
 0 0.168816
 0 0.162375
 0 0.16214
 0 0.163764
 0 0.166058
 0 0.159221
 0 0.16927
 0 0.149291
 0 0.161982
 0 0.156395
 0 0.14877
 0 0.151472
 0 0.14314
 0 0.160349
 0 0.152684
 0 0.134943
 0 0.164734
 0 0.164496
 0 0.166288
 0 0.166909
 0 0.162899
 0 0.167169
 0 0.159039
 0 0.149697
 0 0.160183
