469 1 0 0 1
 0 0.118787
 0 0.117481
 0 0.131847
 0 0.122306
 0 0.12277
 0 0.12423
 0 0.113172
 0 0.100653
 0 0.118551
 0 0.124919
 0 0.111506
 0 0.122684
 0 0.112801
 0 0.137086
 0 0.119131
 0 0.119869
 0 0.117459
 0 0.130451
 0 0.13462
 0 0.132862
 0 0.115866
 0 0.132018
 0 0.117292
 0 0.129611
 0 0.123582
 0 0.137265
 0 0.123917
 0 0.123111
 0 0.128037
 0 0.142108
 0 0.130454
 0 0.128093
 0 0.125877
 0 0.115824
 0 0.120563
 0 0.111178
 0 0.131048
 0 0.113843
 0 0.134634
 0 0.116904
 0 0.121898
 0 0.127447
 0 0.126942
 0 0.11818
 0 0.131499
 0 0.125522
 0 0.130016
 0 0.141643
 0 0.129657
 0 0.121602
 0 0.138394
 0 0.131185
 0 0.125342
 0 0.127253
 0 0.130956
 0 0.128455
 0 0.118542
 0 0.109521
 0 0.131923
 0 0.123156
 0 0.136744
 0 0.131628
 0 0.112844
 0 0.120095
 0 0.140579
 0 0.124695
 0 0.116535
 0 0.121192
 0 0.116493
 0 0.134445
 0 0.122695
 0 0.129586
 0 0.113891
 0 0.129392
 0 0.125449
 0 0.115208
 0 0.108673
 0 0.121087
 0 0.123083
 0 0.130781
 0 0.12085
 0 0.114412
 0 0.116163
 0 0.133039
 0 0.132886
 0 0.133124
 0 0.13811
 0 0.121281
 0 0.117346
 0 0.125834
 0 0.123746
 0 0.126984
 0 0.127957
 0 0.123276
 0 0.133663
 0 0.128719
 0 0.119014
 0 0.113347
 0 0.127925
 0 0.113908
 0 0.12442
 0 0.110551
 0 0.129286
 0 0.132604
 0 0.126282
 0 0.122509
 0 0.120963
 0 0.132478
 0 0.130758
 0 0.116248
 0 0.129655
 0 0.114078
 0 0.137249
 0 0.109569
 0 0.119285
 0 0.118316
 0 0.130916
 0 0.117443
 0 0.129031
 0 0.11229
 0 0.128378
 0 0.115075
 0 0.125619
 0 0.112979
 0 0.131406
 0 0.12234
 0 0.116629
 0 0.123809
 0 0.127293
 0 0.116712
 0 0.123465
 0 0.126782
 0 0.115571
 0 0.120008
 0 0.132642
 0 0.125623
 0 0.135203
 0 0.111576
 0 0.136699
 0 0.118141
 0 0.114886
 0 0.137247
 0 0.120791
 0 0.118439
 0 0.131184
 0 0.1282
 0 0.123849
 0 0.126633
 0 0.0995168
 0 0.123179
 0 0.117983
 0 0.126489
 0 0.118852
 0 0.102921
 0 0.130806
 0 0.110184
 0 0.133061
 0 0.127404
 0 0.133782
 0 0.123481
 0 0.136815
 0 0.136202
 0 0.122557
 0 0.126484
 0 0.128232
 0 0.130153
 0 0.118275
 0 0.12229
 0 0.134195
 0 0.120689
 0 0.126966
 0 0.110698
 0 0.128141
 0 0.137193
 0 0.118235
 0 0.124886
 0 0.121645
 0 0.136917
 0 0.137204
 0 0.137307
 0 0.123184
 0 0.136238
 0 0.140662
 0 0.13463
 0 0.112317
 0 0.121525
 0 0.119901
 0 0.121681
 0 0.128966
 0 0.133679
 0 0.123296
 0 0.132809
 0 0.120767
 0 0.121122
 0 0.129387
 0 0.128078
 0 0.115343
 0 0.131979
 0 0.125452
 0 0.120512
 0 0.0934548
 0 0.13033
 0 0.109312
 0 0.129404
 0 0.107866
 0 0.130578
 0 0.133898
 0 0.135523
 0 0.11505
 0 0.124429
 0 0.119776
 0 0.126832
 0 0.128371
 0 0.111476
 0 0.124482
 0 0.131536
 0 0.122461
 0 0.109905
 0 0.120562
 0 0.135337
 0 0.121188
 0 0.136347
 0 0.128056
 0 0.128485
 0 0.137237
 0 0.125093
 0 0.134699
 0 0.130946
 0 0.116178
 0 0.115694
 0 0.121614
 0 0.120798
 0 0.140633
 0 0.118189
 0 0.11991
 0 0.137298
 0 0.118496
 0 0.128051
 0 0.121374
 0 0.129717
 0 0.122196
 0 0.123615
 0 0.129811
 0 0.137615
 0 0.143121
 0 0.111948
 0 0.114842
 0 0.133313
 0 0.126453
 0 0.139686
 0 0.107654
 0 0.121563
 0 0.129416
 0 0.123691
 0 0.131564
 0 0.130052
 0 0.117225
 0 0.125531
 0 0.123245
 0 0.105698
 0 0.121406
 0 0.124424
 0 0.136572
 0 0.115251
 0 0.134422
 0 0.095368
 0 0.135314
 0 0.119312
 0 0.119232
 0 0.105061
 0 0.125235
 0 0.114615
 0 0.1166
 0 0.126158
 0 0.134664
 0 0.119036
 0 0.137004
 0 0.113572
 0 0.110798
 0 0.129462
 0 0.120714
 0 0.122748
 0 0.130537
 0 0.118374
 0 0.130676
 0 0.131412
 0 0.104386
 0 0.1156
 0 0.12638
 0 0.114331
 0 0.135181
 0 0.122731
 0 0.142691
 0 0.112945
 0 0.121235
 0 0.124898
 0 0.127712
 0 0.118366
 0 0.135303
 0 0.117561
 0 0.125211
 0 0.13289
 0 0.104467
 0 0.12012
 0 0.141027
 0 0.129975
 0 0.133586
 0 0.119907
 0 0.12118
 0 0.124531
 0 0.127098
 0 0.132438
 0 0.132671
 0 0.122134
 0 0.119779
 0 0.1261
 0 0.119776
 0 0.129658
 0 0.106866
 0 0.121493
 0 0.11219
 0 0.13286
 0 0.132045
 0 0.124902
 0 0.118038
 0 0.123468
 0 0.127819
 0 0.130282
 0 0.111569
 0 0.134417
 0 0.107604
 0 0.120925
 0 0.131365
 0 0.132176
 0 0.115339
 0 0.13109
 0 0.117195
 0 0.116639
 0 0.132054
 0 0.128823
 0 0.121228
 0 0.112994
 0 0.126328
 0 0.115121
 0 0.119225
 0 0.121932
 0 0.130099
 0 0.1313
 0 0.127073
 0 0.130514
 0 0.12857
 0 0.123536
 0 0.119616
 0 0.111982
 0 0.125087
 0 0.135147
 0 0.133758
 0 0.140277
 0 0.124457
 0 0.128104
 0 0.132065
 0 0.124469
 0 0.10752
 0 0.1214
 0 0.115308
 0 0.123261
 0 0.107385
 0 0.128748
 0 0.131811
 0 0.141298
 0 0.144324
 0 0.119049
 0 0.129064
 0 0.12101
 0 0.132158
 0 0.12707
 0 0.132695
 0 0.117603
 0 0.12492
 0 0.126226
 0 0.127573
 0 0.14085
 0 0.122373
 0 0.114872
 0 0.140637
 0 0.131108
 0 0.125015
 0 0.138116
 0 0.11514
 0 0.126664
 0 0.125225
 0 0.105542
 0 0.117908
 0 0.126051
 0 0.121558
 0 0.117865
 0 0.137252
 0 0.115564
 0 0.130846
 0 0.127469
 0 0.128619
 0 0.131705
 0 0.113901
 0 0.14106
 0 0.123353
 0 0.132635
 0 0.12879
 0 0.120397
 0 0.129345
 0 0.134873
 0 0.113273
 0 0.120645
 0 0.123314
 0 0.128877
 0 0.124198
 0 0.120419
 0 0.125849
 0 0.142449
 0 0.129419
 0 0.127866
 0 0.121474
 0 0.119593
 0 0.130476
 0 0.12842
 0 0.132542
 0 0.138848
 0 0.125576
 0 0.130494
 0 0.127835
 0 0.128389
 0 0.117592
 0 0.131114
 0 0.130992
 0 0.127771
 0 0.119937
 0 0.113704
 0 0.110012
 0 0.150362
 0 0.124963
 0 0.12476
 0 0.125021
 0 0.113104
 0 0.127093
 0 0.114449
 0 0.126398
 0 0.133833
 0 0.136399
 0 0.132021
 0 0.130761
 0 0.121236
 0 0.138981
 0 0.141433
 0 0.118789
 0 0.117752
 0 0.129781
 0 0.131072
 0 0.11789
 0 0.121826
 0 0.135248
 0 0.12334
 0 0.11998
 0 0.141074
 0 0.135766
 0 0.128459
 0 0.128497
 0 0.136446
 0 0.126819
 0 0.133144
 0 0.139859
