469 1 0 0 1
 0 0.150525
 0 0.144101
 0 0.148267
 0 0.154968
 0 0.154663
 0 0.147425
 0 0.13893
 0 0.135722
 0 0.135734
 0 0.138942
 0 0.131357
 0 0.149072
 0 0.13337
 0 0.163201
 0 0.136987
 0 0.125821
 0 0.135638
 0 0.162361
 0 0.148193
 0 0.187109
 0 0.142258
 0 0.161227
 0 0.151597
 0 0.146226
 0 0.14026
 0 0.125817
 0 0.153549
 0 0.143922
 0 0.156667
 0 0.154929
 0 0.16272
 0 0.154163
 0 0.132024
 0 0.133279
 0 0.137277
 0 0.144288
 0 0.162809
 0 0.146721
 0 0.142404
 0 0.163104
 0 0.134209
 0 0.152712
 0 0.135312
 0 0.140128
 0 0.152212
 0 0.15559
 0 0.150058
 0 0.149247
 0 0.115883
 0 0.152024
 0 0.147679
 0 0.146245
 0 0.158126
 0 0.146713
 0 0.152279
 0 0.147485
 0 0.149973
 0 0.121382
 0 0.136993
 0 0.147078
 0 0.161016
 0 0.152529
 0 0.131751
 0 0.13874
 0 0.149771
 0 0.160261
 0 0.14877
 0 0.150441
 0 0.146165
 0 0.146252
 0 0.14439
 0 0.147565
 0 0.137758
 0 0.158941
 0 0.146841
 0 0.135493
 0 0.129635
 0 0.151686
 0 0.145132
 0 0.144457
 0 0.147727
 0 0.12602
 0 0.142913
 0 0.154099
 0 0.163118
 0 0.139595
 0 0.168958
 0 0.148063
 0 0.135388
 0 0.147007
 0 0.151607
 0 0.141246
 0 0.163962
 0 0.157355
 0 0.128818
 0 0.142207
 0 0.145842
 0 0.14635
 0 0.147222
 0 0.141244
 0 0.149348
 0 0.136981
 0 0.152258
 0 0.16612
 0 0.1412
 0 0.141542
 0 0.130244
 0 0.153273
 0 0.142138
 0 0.1474
 0 0.150959
 0 0.137843
 0 0.177635
 0 0.134758
 0 0.0978176
 0 0.137262
 0 0.137978
 0 0.133553
 0 0.153517
 0 0.13426
 0 0.14725
 0 0.14631
 0 0.153667
 0 0.143377
 0 0.138862
 0 0.142895
 0 0.138194
 0 0.146087
 0 0.133957
 0 0.137397
 0 0.145296
 0 0.166168
 0 0.154631
 0 0.151712
 0 0.152082
 0 0.154733
 0 0.130566
 0 0.137639
 0 0.160092
 0 0.127507
 0 0.142583
 0 0.163718
 0 0.147148
 0 0.125998
 0 0.154815
 0 0.149131
 0 0.134796
 0 0.158361
 0 0.112188
 0 0.143517
 0 0.13615
 0 0.144387
 0 0.139511
 0 0.128636
 0 0.14341
 0 0.134297
 0 0.160535
 0 0.154906
 0 0.156969
 0 0.146046
 0 0.147997
 0 0.161982
 0 0.129881
 0 0.144335
 0 0.153614
 0 0.148869
 0 0.139239
 0 0.161278
 0 0.14776
 0 0.145632
 0 0.148269
 0 0.129571
 0 0.156983
 0 0.145343
 0 0.149718
 0 0.155059
 0 0.135913
 0 0.15905
 0 0.154328
 0 0.150841
 0 0.14197
 0 0.152701
 0 0.151978
 0 0.139085
 0 0.148608
 0 0.153073
 0 0.128465
 0 0.136848
 0 0.150353
 0 0.158366
 0 0.14789
 0 0.129809
 0 0.146959
 0 0.150583
 0 0.156194
 0 0.152356
 0 0.131529
 0 0.163218
 0 0.141834
 0 0.132598
 0 0.140707
 0 0.145697
 0 0.142911
 0 0.145703
 0 0.119276
 0 0.153962
 0 0.163834
 0 0.142151
 0 0.147856
 0 0.14208
 0 0.141869
 0 0.143559
 0 0.152304
 0 0.149597
 0 0.133292
 0 0.153441
 0 0.151445
 0 0.119163
 0 0.128306
 0 0.145088
 0 0.143963
 0 0.14255
 0 0.155131
 0 0.130631
 0 0.149192
 0 0.139061
 0 0.167347
 0 0.142152
 0 0.139507
 0 0.134243
 0 0.127293
 0 0.152785
 0 0.154008
 0 0.146145
 0 0.153142
 0 0.173931
 0 0.149763
 0 0.168349
 0 0.139023
 0 0.153974
 0 0.151111
 0 0.154427
 0 0.1342
 0 0.145457
 0 0.162653
 0 0.140635
 0 0.123418
 0 0.147845
 0 0.147172
 0 0.15365
 0 0.142833
 0 0.142131
 0 0.117452
 0 0.142234
 0 0.149984
 0 0.150222
 0 0.138516
 0 0.143354
 0 0.146264
 0 0.124975
 0 0.134526
 0 0.153121
 0 0.152018
 0 0.149203
 0 0.145645
 0 0.12225
 0 0.145418
 0 0.129024
 0 0.13488
 0 0.124809
 0 0.157946
 0 0.141349
 0 0.146167
 0 0.155165
 0 0.15962
 0 0.145399
 0 0.15564
 0 0.141363
 0 0.137452
 0 0.146843
 0 0.13258
 0 0.144115
 0 0.155237
 0 0.162412
 0 0.163436
 0 0.153312
 0 0.136438
 0 0.150642
 0 0.138587
 0 0.129563
 0 0.161051
 0 0.13853
 0 0.155156
 0 0.132827
 0 0.135825
 0 0.133583
 0 0.152685
 0 0.145494
 0 0.158647
 0 0.132129
 0 0.14948
 0 0.140424
 0 0.133537
 0 0.157131
 0 0.159311
 0 0.1601
 0 0.139852
 0 0.162137
 0 0.135082
 0 0.146709
 0 0.138318
 0 0.153083
 0 0.137744
 0 0.145922
 0 0.139185
 0 0.151441
 0 0.135302
 0 0.15016
 0 0.14116
 0 0.136603
 0 0.128933
 0 0.158736
 0 0.1588
 0 0.139822
 0 0.141237
 0 0.132483
 0 0.146673
 0 0.140679
 0 0.129474
 0 0.139873
 0 0.125969
 0 0.139598
 0 0.162939
 0 0.136052
 0 0.134903
 0 0.161907
 0 0.131454
 0 0.120206
 0 0.132719
 0 0.149071
 0 0.141929
 0 0.142012
 0 0.137595
 0 0.15099
 0 0.154932
 0 0.145791
 0 0.158125
 0 0.143584
 0 0.160819
 0 0.151058
 0 0.140861
 0 0.139381
 0 0.13787
 0 0.140824
 0 0.147673
 0 0.155379
 0 0.141709
 0 0.145249
 0 0.157903
 0 0.156855
 0 0.145225
 0 0.148965
 0 0.140475
 0 0.146549
 0 0.133389
 0 0.134171
 0 0.141974
 0 0.153122
 0 0.134479
 0 0.146476
 0 0.159474
 0 0.138657
 0 0.147256
 0 0.150117
 0 0.146787
 0 0.143098
 0 0.153863
 0 0.139287
 0 0.149793
 0 0.157411
 0 0.138549
 0 0.142295
 0 0.14366
 0 0.146552
 0 0.170838
 0 0.149143
 0 0.146478
 0 0.160237
 0 0.136604
 0 0.144428
 0 0.158929
 0 0.107843
 0 0.145277
 0 0.136799
 0 0.134267
 0 0.134994
 0 0.1421
 0 0.133238
 0 0.154225
 0 0.139193
 0 0.14991
 0 0.161859
 0 0.138242
 0 0.173093
 0 0.13191
 0 0.137977
 0 0.14794
 0 0.139263
 0 0.145545
 0 0.144559
 0 0.108181
 0 0.143468
 0 0.137122
 0 0.141813
 0 0.155569
 0 0.138247
 0 0.153839
 0 0.170895
 0 0.140567
 0 0.158664
 0 0.153932
 0 0.156167
 0 0.151418
 0 0.153735
 0 0.151406
 0 0.150057
 0 0.14539
 0 0.150606
 0 0.111888
 0 0.149757
 0 0.129118
 0 0.140336
 0 0.137514
 0 0.144494
 0 0.129722
 0 0.142113
 0 0.139951
 0 0.166894
 0 0.123168
 0 0.159221
 0 0.147935
 0 0.129153
 0 0.142209
 0 0.140611
 0 0.142624
 0 0.157468
 0 0.161798
 0 0.150842
 0 0.151461
 0 0.154561
 0 0.168319
 0 0.148886
 0 0.146102
 0 0.139642
 0 0.138955
 0 0.145751
 0 0.133616
 0 0.145746
 0 0.147239
 0 0.131875
 0 0.142517
 0 0.175969
 0 0.154778
 0 0.141918
 0 0.151256
 0 0.151844
 0 0.157815
 0 0.143372
 0 0.131273
