279  -1.04695e-06  2.50302e-08
279.893  1.30691e-05  3.12493e-07
280.786  4.22464e-05  1.01029e-06
281.68  8.09559e-05  1.93625e-06
282.573  0.00012726  3.04413e-06
283.466  0.000180083  4.30826e-06
284.359  0.000238712  5.71168e-06
285.253  0.000302635  7.24213e-06
286.146  0.000371454  8.89019e-06
287.039  0.000444855  1.06484e-05
287.932  0.00052258  1.25106e-05
288.826  0.000604412  1.44716e-05
289.719  0.000690164  1.6527e-05
290.612  0.000779678  1.86731e-05
291.505  0.000872813  2.09064e-05
292.399  0.000969444  2.32242e-05
293.292  0.00106946  2.56237e-05
294.185  0.00117276  2.81026e-05
295.078  0.00127926  3.06588e-05
295.972  0.00138888  3.32903e-05
296.865  0.00150154  3.59955e-05
297.758  0.00161717  3.87727e-05
298.651  0.0017357  4.16204e-05
299.545  0.0018571  4.45373e-05
300.438  0.00198129  4.75222e-05
301.331  0.00210823  5.05739e-05
302.224  0.00223788  5.36913e-05
303.118  0.00237018  5.68734e-05
304.011  0.00250511  6.01192e-05
304.904  0.00264262  6.3428e-05
305.797  0.00278268  6.6799e-05
306.691  0.00292526  7.02312e-05
307.584  0.00307032  7.37241e-05
308.477  0.00321784  7.7277e-05
309.37  0.00336779  8.08893e-05
310.264  0.00352014  8.45603e-05
311.157  0.00367487  8.82895e-05
312.05  0.00383196  9.20764e-05
312.943  0.00399139  9.59206e-05
313.837  0.00415313  9.98215e-05
314.73  0.00431717  0.000103779
315.623  0.00448349  0.000107792
316.516  0.00465207  0.000111861
317.41  0.0048229  0.000115985
318.303  0.00499596  0.000120164
319.196  0.00517124  0.000124397
320.089  0.00534872  0.000128685
320.982  0.0055284  0.000133026
321.876  0.00571025  0.000137422
322.769  0.00589427  0.000141871
323.662  0.00608045  0.000146373
324.555  0.00626878  0.000150928
325.449  0.00645925  0.000155536
326.342  0.00665185  0.000160197
327.235  0.00684658  0.00016491
328.128  0.00704342  0.000169676
329.022  0.00724237  0.000174494
329.915  0.00744342  0.000179364
330.808  0.00764656  0.000184286
331.701  0.0078518  0.000189261
332.595  0.00805912  0.000194286
333.488  0.00826853  0.000199364
334.381  0.00848001  0.000204493
335.274  0.00869356  0.000209674
336.168  0.00890918  0.000214907
337.061  0.00912687  0.00022019
337.954  0.00934662  0.000225526
338.847  0.00956844  0.000230913
339.741  0.00979231  0.000236351
340.634  0.0100182  0.000241841
341.527  0.0102462  0.000247382
342.42  0.0104763  0.000252974
343.314  0.0107084  0.000258618
344.207  0.0109425  0.000264314
345.1  0.0111787  0.000270061
345.993  0.011417  0.000275859
346.887  0.0116573  0.000281709
347.78  0.0118997  0.000287611
348.673  0.0121441  0.000293564
349.566  0.0123906  0.00029957
350.46  0.0126391  0.000305627
351.353  0.0128897  0.000311736
352.246  0.0131424  0.000317897
353.139  0.0133971  0.00032411
354.033  0.0136539  0.000330375
354.926  0.0139128  0.000336692
355.819  0.0141737  0.000343062
356.712  0.0144368  0.000349485
357.606  0.0147019  0.00035596
358.499  0.014969  0.000362488
359.392  0.0152383  0.000369069
360.285  0.0155097  0.000375703
361.178  0.0157831  0.00038239
362.072  0.0160587  0.000389131
362.965  0.0163364  0.000395925
363.858  0.0166161  0.000402772
364.751  0.016898  0.000409674
365.645  0.017182  0.00041663
366.538  0.0174682  0.000423639
367.431  0.0177565  0.000430704
368.324  0.0180469  0.000437822
369.218  0.0183394  0.000444996
370.111  0.0186341  0.000452224
371.004  0.018931  0.000459508
371.897  0.01923  0.000466847
372.791  0.0195312  0.000474242
373.684  0.0198346  0.000481693
374.577  0.0201401  0.000489199
375.47  0.0204479  0.000496762
376.364  0.0207579  0.000504382
377.257  0.02107  0.000512058
378.15  0.0213844  0.000519791
379.043  0.021701  0.000527582
379.937  0.0220198  0.00053543
380.83  0.0223409  0.000543336
381.723  0.0226642  0.0005513
382.616  0.0229898  0.000559323
383.51  0.0233177  0.000567404
384.403  0.0236478  0.000575544
385.296  0.0239802  0.000583743
386.189  0.024315  0.000592002
387.083  0.024652  0.000600321
387.976  0.0249913  0.000608699
388.869  0.025333  0.000617138
389.762  0.025677  0.000625638
390.656  0.0260234  0.000634199
391.549  0.0263721  0.000642822
392.442  0.0267232  0.000651506
393.335  0.0270766  0.000660252
394.229  0.0274325  0.000669061
395.122  0.0277908  0.000677933
396.015  0.0281515  0.000686867
396.908  0.0285146  0.000695866
397.802  0.0288801  0.000704928
398.695  0.0292481  0.000714054
399.588  0.0296186  0.000723245
400.481  0.0299915  0.000732501
401.374  0.030367  0.000741823
402.268  0.0307449  0.00075121
403.161  0.0311254  0.000760663
404.054  0.0315084  0.000770184
404.947  0.0318939  0.000779771
405.841  0.032282  0.000789426
406.734  0.0326727  0.000799148
407.627  0.0330659  0.000808939
408.52  0.0334618  0.000818799
409.414  0.0338602  0.000828728
410.307  0.0342613  0.000838726
411.2  0.0346651  0.000848795
412.093  0.0350715  0.000858935
412.987  0.0354806  0.000869145
413.88  0.0358923  0.000879427
414.773  0.0363068  0.000889781
415.666  0.036724  0.000900208
416.56  0.037144  0.000910708
417.453  0.0375667  0.000921281
418.346  0.0379922  0.000931928
419.239  0.0384204  0.00094265
420.133  0.0388515  0.000953447
421.026  0.0392854  0.00096432
421.919  0.0397222  0.000975269
422.812  0.0401618  0.000986295
423.706  0.0406043  0.000997398
424.599  0.0410497  0.00100858
425.492  0.041498  0.00101984
426.385  0.0419492  0.00103118
427.279  0.0424034  0.00104259
428.172  0.0428605  0.00105409
429.065  0.0433207  0.00106567
429.958  0.0437839  0.00107733
430.852  0.0442501  0.00108908
431.745  0.0447193  0.0011009
432.638  0.0451917  0.00111281
433.531  0.0456671  0.0011248
434.425  0.0461456  0.00113688
435.318  0.0466273  0.00114904
436.211  0.0471121  0.00116129
437.104  0.0476001  0.00117363
437.997  0.0480914  0.00118605
438.891  0.0485858  0.00119856
439.784  0.0490835  0.00121116
440.677  0.0495844  0.00122385
441.57  0.0500887  0.00123663
442.464  0.0505963  0.0012495
443.357  0.0511072  0.00126246
444.25  0.0516214  0.00127551
445.143  0.0521391  0.00128866
446.037  0.0526602  0.0013019
446.93  0.0531847  0.00131524
447.823  0.0537127  0.00132867
448.716  0.0542441  0.0013422
449.61  0.0547791  0.00135582
450.503  0.0553176  0.00136955
451.396  0.0558597  0.00138337
452.289  0.0564054  0.00139729
453.183  0.0569547  0.00141131
454.076  0.0575077  0.00142544
454.969  0.0580643  0.00143966
455.862  0.0586247  0.00145399
456.756  0.0591887  0.00146843
457.649  0.0597566  0.00148297
458.542  0.0603282  0.00149761
459.435  0.0609036  0.00151237
460.329  0.0614829  0.00152723
461.222  0.0620661  0.0015422
462.115  0.0626532  0.00155728
463.008  0.0632443  0.00157247
463.902  0.0638393  0.00158777
464.795  0.0644383  0.00160318
465.688  0.0650413  0.00161871
466.581  0.0656485  0.00163436
467.475  0.0662597  0.00165012
468.368  0.0668751  0.001666
469.261  0.0674946  0.00168199
470.154  0.0681183  0.00169811
471.048  0.0687463  0.00171435
471.941  0.0693786  0.0017307
472.834  0.0700152  0.00174719
473.727  0.0706561  0.00176379
474.621  0.0713014  0.00178052
475.514  0.0719511  0.00179738
476.407  0.0726052  0.00181437
477.3  0.0732639  0.00183148
478.193  0.0739271  0.00184873
479.087  0.0745949  0.0018661
479.98  0.0752673  0.00188361
480.873  0.0759443  0.00190126
481.766  0.076626  0.00191903
482.66  0.0773125  0.00193695
483.553  0.0780037  0.00195501
484.446  0.0786997  0.0019732
485.339  0.0794006  0.00199154
486.233  0.0801064  0.00201001
487.126  0.0808171  0.00202864
488.019  0.0815328  0.0020474
488.912  0.0822536  0.00206632
489.806  0.0829794  0.00208538
490.699  0.0837103  0.0021046
491.592  0.0844464  0.00212396
492.485  0.0851877  0.00214348
493.379  0.0859343  0.00216315
494.272  0.0866862  0.00218298
495.165  0.0874434  0.00220297
496.058  0.088206  0.00222312
496.952  0.0889741  0.00224343
497.845  0.0897477  0.0022639
498.738  0.0905269  0.00228454
499.631  0.0913116  0.00230535
500.525  0.0921021  0.00232632
501.418  0.0928982  0.00234747
502.311  0.0937001  0.00236878
503.204  0.0945078  0.00239028
504.098  0.0953214  0.00241194
504.991  0.0961409  0.00243379
505.884  0.0969664  0.00245582
506.777  0.097798  0.00247803
507.671  0.0986356  0.00250042
508.564  0.0994795  0.002523
509.457  0.10033  0.00254577
510.35  0.101186  0.00256873
511.244  0.102049  0.00259188
512.137  0.102918  0.00261523
513.03  0.103793  0.00263877
513.923  0.104675  0.00266251
514.817  0.105564  0.00268646
515.71  0.106459  0.00271061
516.603  0.107361  0.00273497
517.496  0.10827  0.00275953
518.389  0.109186  0.00278431
519.283  0.110108  0.0028093
520.176  0.111038  0.00283451
521.069  0.111975  0.00285994
521.962  0.112919  0.00288559
522.856  0.11387  0.00291147
523.749  0.114828  0.00293757
524.642  0.115794  0.0029639
525.535  0.116767  0.00299046
526.429  0.117748  0.00301726
527.322  0.118736  0.0030443
528.215  0.119732  0.00307158
529.108  0.120736  0.00309911
530.002  0.121747  0.00312688
530.895  0.122767  0.00315491
531.788  0.123794  0.00318318
532.681  0.12483  0.00321172
533.575  0.125874  0.00324051
534.468  0.126926  0.00326957
535.361  0.127986  0.0032989
536.254  0.129055  0.00332849
537.148  0.130132  0.00335836
538.041  0.131218  0.00338851
538.934  0.132313  0.00341894
539.827  0.133417  0.00344965
540.721  0.134529  0.00348065
541.614  0.135651  0.00351194
542.507  0.136781  0.00354353
543.4  0.137921  0.00357542
544.294  0.13907  0.00360761
545.187  0.140228  0.00364011
546.08  0.141396  0.00367293
546.973  0.142574  0.00370605
547.867  0.143761  0.0037395
548.76  0.144959  0.00377328
549.653  0.146166  0.00380738
550.546  0.147383  0.00384182
551.44  0.148611  0.00387659
552.333  0.149848  0.00391171
553.226  0.151096  0.00394718
554.119  0.152355  0.003983
555.013  0.153625  0.00401917
555.906  0.154905  0.00405571
556.799  0.156196  0.00409262
557.692  0.157498  0.0041299
558.585  0.158811  0.00416755
559.479  0.160136  0.00420559
560.372  0.161472  0.00424402
561.265  0.162819  0.00428284
562.158  0.164179  0.00432206
563.052  0.16555  0.00436169
563.945  0.166933  0.00440173
564.838  0.168328  0.00444219
565.731  0.169736  0.00448307
566.625  0.171156  0.00452438
567.518  0.172589  0.00456613
568.411  0.174034  0.00460832
569.304  0.175492  0.00465096
570.198  0.176963  0.00469405
571.091  0.178448  0.00473761
571.984  0.179946  0.00478164
572.877  0.181457  0.00482614
573.771  0.182982  0.00487113
574.664  0.184522  0.00491661
575.557  0.186075  0.00496259
576.45  0.187642  0.00500907
577.344  0.189224  0.00505607
578.237  0.19082  0.00510359
579.13  0.192431  0.00515164
580.023  0.194057  0.00520023
580.917  0.195699  0.00524936
581.81  0.197356  0.00529905
582.703  0.199028  0.00534931
583.596  0.200716  0.00540013
584.49  0.20242  0.00545154
585.383  0.20414  0.00550354
586.276  0.205877  0.00555615
587.169  0.20763  0.00560936
588.063  0.2094  0.00566319
588.956  0.211187  0.00571765
589.849  0.212991  0.00577275
590.742  0.214813  0.0058285
591.636  0.216653  0.00588492
592.529  0.218511  0.005942
593.422  0.220386  0.00599977
594.315  0.222281  0.00605823
595.209  0.224194  0.0061174
596.102  0.226126  0.00617729
596.995  0.228077  0.0062379
597.888  0.230048  0.00629926
598.781  0.232039  0.00636137
599.675  0.234049  0.00642425
600.568  0.23608  0.00648791
601.461  0.238132  0.00655236
602.354  0.240204  0.00661761
603.248  0.242298  0.00668369
604.141  0.244413  0.0067506
605.034  0.24655  0.00681836
605.927  0.248709  0.00688698
606.821  0.250891  0.00695649
607.714  0.253095  0.00702688
608.607  0.255322  0.00709818
609.5  0.257573  0.00717041
610.394  0.259847  0.00724358
611.287  0.262146  0.00731771
612.18  0.264469  0.00739281
613.073  0.266817  0.0074689
613.967  0.26919  0.007546
614.86  0.271588  0.00762413
615.753  0.274012  0.0077033
616.646  0.276463  0.00778354
617.54  0.27894  0.00786486
618.433  0.281444  0.00794728
619.326  0.283976  0.00803082
620.219  0.286536  0.00811551
621.113  0.289124  0.00820136
622.006  0.29174  0.00828839
622.899  0.294386  0.00837663
623.792  0.297061  0.0084661
624.686  0.299767  0.00855682
625.579  0.302503  0.00864881
626.472  0.30527  0.0087421
627.365  0.308068  0.00883671
628.259  0.310898  0.00893266
629.152  0.313761  0.00902999
630.045  0.316656  0.00912871
630.938  0.319585  0.00922884
631.832  0.322548  0.00933043
632.725  0.325545  0.00943349
633.618  0.328578  0.00953805
634.511  0.331646  0.00964414
635.405  0.33475  0.00975179
636.298  0.33789  0.00986102
637.191  0.341068  0.00997188
638.084  0.344284  0.0100844
638.977  0.347538  0.0101986
639.871  0.350831  0.0103144
640.764  0.354164  0.0104321
641.657  0.357538  0.0105515
642.55  0.360952  0.0106727
643.444  0.364408  0.0107957
644.337  0.367906  0.0109206
645.23  0.371447  0.0110475
646.123  0.375032  0.0111762
647.017  0.378661  0.011307
647.91  0.382335  0.0114398
648.803  0.386055  0.0115746
649.696  0.389821  0.0117115
650.59  0.393635  0.0118506
651.483  0.397497  0.0119918
652.376  0.401408  0.0121353
653.269  0.405368  0.012281
654.163  0.409379  0.012429
655.056  0.413441  0.0125793
655.949  0.417555  0.012732
656.842  0.421722  0.0128872
657.736  0.425943  0.0130448
658.629  0.430219  0.0132049
659.522  0.434551  0.0133675
660.415  0.438939  0.0135328
661.309  0.443384  0.0137007
662.202  0.447888  0.0138713
663.095  0.452451  0.0140447
663.988  0.457075  0.0142208
664.882  0.461759  0.0143998
665.775  0.466507  0.0145817
666.668  0.471317  0.0147665
667.561  0.476192  0.0149543
668.455  0.481132  0.0151451
669.348  0.486139  0.0153389
670.241  0.491213  0.015536
671.134  0.496356  0.0157362
672.028  0.501569  0.0159396
672.921  0.506853  0.0161463
673.814  0.512208  0.0163563
674.707  0.517637  0.0165697
675.601  0.52314  0.0167865
676.494  0.528719  0.0170068
677.387  0.534375  0.0172306
678.28  0.540108  0.017458
679.173  0.54592  0.017689
680.067  0.551813  0.0179237
680.96  0.557788  0.018162
681.853  0.563845  0.0184041
682.746  0.569986  0.01865
683.64  0.576213  0.0188998
684.533  0.582526  0.0191534
685.426  0.588928  0.0194109
686.319  0.595418  0.0196723
687.213  0.602  0.0199377
688.106  0.608673  0.0202071
688.999  0.615439  0.0204805
689.892  0.622299  0.020758
690.786  0.629256  0.0210396
691.679  0.636309  0.0213253
692.572  0.643461  0.021615
693.465  0.650713  0.0219089
694.359  0.658066  0.0222069
695.252  0.665521  0.022509
696.145  0.673079  0.0228152
697.038  0.680743  0.0231255
697.932  0.688512  0.02344
698.825  0.696389  0.0237584
699.718  0.704375  0.024081
700.611  0.71247  0.0244075
701.505  0.720676  0.024738
702.398  0.728994  0.0250723
703.291  0.737426  0.0254106
704.184  0.745972  0.0257526
705.078  0.754633  0.0260983
705.971  0.76341  0.0264476
706.864  0.772304  0.0268004
707.757  0.781317  0.0271567
708.651  0.790449  0.0275162
709.544  0.7997  0.0278789
710.437  0.809073  0.0282446
711.33  0.818566  0.0286131
712.224  0.828181  0.0289844
713.117  0.837918  0.0293582
714.01  0.847778  0.0297342
714.903  0.857762  0.0301125
715.796  0.867868  0.0304925
716.69  0.878098  0.0308743
717.583  0.888452  0.0312575
718.476  0.89893  0.0316418
719.369  0.90953  0.0320269
720.263  0.920254  0.0324127
721.156  0.931101  0.0327987
722.049  0.94207  0.0331846
722.942  0.953161  0.0335701
723.836  0.964373  0.0339548
724.729  0.975704  0.0343385
725.622  0.987155  0.0347206
726.515  0.998723  0.0351008
727.409  1.01041  0.0354787
728.302  1.02221  0.0358539
729.195  1.03412  0.0362259
730.088  1.04614  0.0365943
730.982  1.05828  0.0369586
731.875  1.07052  0.0373184
732.768  1.08286  0.0376732
733.661  1.09531  0.0380226
734.555  1.10786  0.038366
735.448  1.1205  0.038703
736.341  1.13324  0.0390331
737.234  1.14607  0.0393558
738.128  1.15899  0.0396707
739.021  1.17199  0.0399772
739.914  1.18507  0.0402749
740.807  1.19823  0.0405633
741.701  1.21146  0.040842
742.594  1.22476  0.0411105
743.487  1.23812  0.0413684
744.38  1.25155  0.0416153
745.274  1.26503  0.0418507
746.167  1.27855  0.0420744
747.06  1.29213  0.0422859
747.953  1.30575  0.0424848
748.847  1.3194  0.042671
749.74  1.33308  0.0428441
750.633  1.34679  0.0430038
751.526  1.36053  0.0431499
752.42  1.37427  0.0432822
753.313  1.38803  0.0434006
754.206  1.40179  0.0435048
755.099  1.41556  0.0435948
755.992  1.42932  0.0436705
756.886  1.44307  0.0437319
757.779  1.4568  0.0437789
758.672  1.47051  0.0438116
759.565  1.4842  0.0438299
760.459  1.49785  0.0438341
761.352  1.51147  0.0438242
762.245  1.52505  0.0438003
763.138  1.53859  0.0437626
764.032  1.55207  0.0437114
764.925  1.5655  0.0436468
765.818  1.57887  0.0435691
766.711  1.59217  0.0434786
767.605  1.60541  0.0433756
768.498  1.61857  0.0432603
769.391  1.63166  0.0431332
770.284  1.64467  0.0429946
771.178  1.6576  0.0428449
772.071  1.67043  0.0426844
772.964  1.68318  0.0425136
773.857  1.69584  0.0423329
774.751  1.70839  0.0421426
775.644  1.72085  0.0419432
776.537  1.73321  0.0417351
777.43  1.74546  0.0415188
778.324  1.7576  0.0412947
779.217  1.76964  0.0410633
780.11  1.78156  0.0408249
781.003  1.79337  0.04058
781.897  1.80507  0.040329
782.79  1.81664  0.0400723
783.683  1.82811  0.0398104
784.576  1.83945  0.0395437
785.47  1.85067  0.0392725
786.363  1.86178  0.0389973
787.256  1.87276  0.0387184
788.149  1.88362  0.0384362
789.043  1.89435  0.0381511
789.936  1.90497  0.0378635
790.829  1.91546  0.0375735
791.722  1.92582  0.0372817
792.616  1.93607  0.0369883
793.509  1.94619  0.0366936
794.402  1.95618  0.0363978
795.295  1.96606  0.0361014
796.188  1.97581  0.0358045
797.082  1.98543  0.0355073
797.975  1.99494  0.0352102
798.868  2.00433  0.0349134
799.761  2.01359  0.0346171
800.655  2.02274  0.0343214
801.548  2.03176  0.0340266
802.441  2.04067  0.0337328
803.334  2.04946  0.0334403
804.228  2.05814  0.0331492
805.121  2.0667  0.0328596
806.014  2.07514  0.0325717
806.907  2.08347  0.0322855
807.801  2.09169  0.0320014
808.694  2.0998  0.0317192
809.587  2.1078  0.0314392
810.48  2.11569  0.0311615
811.374  2.12347  0.030886
812.267  2.13115  0.030613
813.16  2.13872  0.0303424
814.053  2.14619  0.0300744
814.947  2.15356  0.029809
815.84  2.16082  0.0295462
816.733  2.16799  0.0292861
817.626  2.17505  0.0290287
818.52  2.18202  0.0287742
819.413  2.1889  0.0285224
820.306  2.19568  0.0282734
821.199  2.20236  0.0280273
822.093  2.20896  0.027784
822.986  2.21546  0.0275437
823.879  2.22188  0.0273062
824.772  2.22821  0.0270716
825.666  2.23445  0.0268398
826.559  2.2406  0.026611
827.452  2.24667  0.026385
828.345  2.25266  0.0261619
829.239  2.25856  0.0259417
830.132  2.26439  0.0257244
831.025  2.27014  0.0255098
831.918  2.27581  0.0252981
832.812  2.2814  0.0250892
833.705  2.28691  0.0248831
834.598  2.29236  0.0246798
835.491  2.29773  0.0244792
836.384  2.30302  0.0242813
837.278  2.30825  0.0240862
838.171  2.31341  0.0238937
839.064  2.31849  0.0237038
839.957  2.32351  0.0235166
840.851  2.32847  0.0233319
841.744  2.33336  0.0231498
842.637  2.33818  0.0229702
843.53  2.34294  0.0227932
844.424  2.34764  0.0226186
845.317  2.35228  0.0224465
846.21  2.35685  0.0222767
847.103  2.36137  0.0221094
847.997  2.36583  0.0219444
848.89  2.37023  0.0217817
849.783  2.37458  0.0216213
850.676  2.37887  0.0214631
851.57  2.3831  0.0213072
852.463  2.38728  0.0211534
853.356  2.39141  0.0210019
854.249  2.39549  0.0208524
855.143  2.39951  0.0207051
856.036  2.40349  0.0205598
856.929  2.40741  0.0204165
857.822  2.41129  0.0202753
858.716  2.41511  0.020136
859.609  2.41889  0.0199987
860.502  2.42263  0.0198633
861.395  2.42632  0.0197297
862.289  2.42996  0.0195981
863.182  2.43356  0.0194682
864.075  2.43711  0.0193402
864.968  2.44063  0.0192139
865.862  2.4441  0.0190893
866.755  2.44753  0.0189665
867.648  2.45091  0.0188454
868.541  2.45426  0.0187259
869.435  2.45757  0.018608
870.328  2.46084  0.0184918
871.221  2.46407  0.0183771
872.114  2.46726  0.018264
873.008  2.47042  0.0181524
873.901  2.47354  0.0180423
874.794  2.47662  0.0179337
875.687  2.47967  0.0178266
876.58  2.48268  0.0177209
877.474  2.48566  0.0176166
878.367  2.4886  0.0175137
879.26  2.49151  0.0174121
880.153  2.49439  0.0173119
881.047  2.49723  0.017213
881.94  2.50005  0.0171154
882.833  2.50283  0.0170191
883.726  2.50558  0.016924
884.62  2.5083  0.0168302
885.513  2.51099  0.0167375
886.406  2.51366  0.0166461
887.299  2.51629  0.0165559
888.193  2.51889  0.0164668
889.086  2.52147  0.0163788
889.979  2.52402  0.016292
890.872  2.52654  0.0162062
891.766  2.52903  0.0161215
892.659  2.5315  0.0160379
893.552  2.53394  0.0159554
894.445  2.53635  0.0158739
895.339  2.53874  0.0157934
896.232  2.5411  0.0157139
897.125  2.54344  0.0156353
898.018  2.54576  0.0155578
898.912  2.54805  0.0154811
899.805  2.55032  0.0154055
900.698  2.55256  0.0153307
901.591  2.55478  0.0152569
902.485  2.55698  0.0151839
903.378  2.55916  0.0151118
904.271  2.56131  0.0150406
905.164  2.56345  0.0149702
906.058  2.56556  0.0149007
906.951  2.56765  0.0148319
907.844  2.56972  0.014764
908.737  2.57176  0.0146969
909.631  2.57379  0.0146306
910.524  2.5758  0.014565
911.417  2.57779  0.0145002
912.31  2.57976  0.0144362
913.204  2.58171  0.0143728
914.097  2.58364  0.0143103
914.99  2.58555  0.0142484
915.883  2.58745  0.0141872
916.776  2.58932  0.0141267
917.67  2.59118  0.0140669
918.563  2.59302  0.0140078
919.456  2.59485  0.0139493
920.349  2.59665  0.0138915
921.243  2.59844  0.0138343
922.136  2.60021  0.0137778
923.029  2.60197  0.0137219
923.922  2.60371  0.0136665
924.816  2.60543  0.0136118
925.709  2.60714  0.0135577
926.602  2.60883  0.0135042
927.495  2.61051  0.0134512
928.389  2.61217  0.0133989
929.282  2.61381  0.013347
930.175  2.61545  0.0132958
931.068  2.61706  0.013245
931.962  2.61866  0.0131948
932.855  2.62025  0.0131452
933.748  2.62183  0.013096
934.641  2.62338  0.0130474
935.535  2.62493  0.0129993
936.428  2.62646  0.0129516
937.321  2.62798  0.0129045
938.214  2.62949  0.0128578
939.108  2.63098  0.0128117
940.001  2.63246  0.012766
940.894  2.63392  0.0127207
941.787  2.63538  0.0126759
942.681  2.63682  0.0126316
943.574  2.63825  0.0125877
944.467  2.63967  0.0125442
945.36  2.64107  0.0125012
946.254  2.64246  0.0124586
947.147  2.64385  0.0124164
948.04  2.64521  0.0123747
948.933  2.64657  0.0123333
949.827  2.64792  0.0122924
950.72  2.64926  0.0122518
951.613  2.65058  0.0122117
952.506  2.65189  0.0121719
953.399  2.6532  0.0121325
954.293  2.65449  0.0120935
955.186  2.65577  0.0120548
956.079  2.65704  0.0120166
956.972  2.6583  0.0119786
957.866  2.65955  0.0119411
958.759  2.66079  0.0119039
959.652  2.66202  0.011867
960.545  2.66325  0.0118305
961.439  2.66446  0.0117943
962.332  2.66566  0.0117585
963.225  2.66685  0.011723
964.118  2.66803  0.0116878
965.012  2.66921  0.0116529
965.905  2.67037  0.0116183
966.798  2.67153  0.0115841
967.691  2.67267  0.0115502
968.585  2.67381  0.0115165
969.478  2.67494  0.0114832
970.371  2.67606  0.0114502
971.264  2.67717  0.0114174
972.158  2.67827  0.011385
973.051  2.67936  0.0113528
973.944  2.68045  0.011321
974.837  2.68153  0.0112894
975.731  2.6826  0.011258
976.624  2.68366  0.011227
977.517  2.68471  0.0111962
978.41  2.68576  0.0111657
979.304  2.6868  0.0111354
980.197  2.68783  0.0111054
981.09  2.68885  0.0110757
981.983  2.68986  0.0110462
982.877  2.69087  0.0110169
983.77  2.69187  0.010988
984.663  2.69286  0.0109592
985.556  2.69385  0.0109307
986.45  2.69483  0.0109024
987.343  2.6958  0.0108744
988.236  2.69676  0.0108466
989.129  2.69772  0.010819
990.023  2.69867  0.0107917
990.916  2.69962  0.0107645
991.809  2.70055  0.0107376
992.702  2.70148  0.0107109
993.595  2.70241  0.0106845
994.489  2.70332  0.0106582
995.382  2.70424  0.0106322
996.275  2.70514  0.0106063
997.168  2.70604  0.0105807
998.062  2.70693  0.0105553
998.955  2.70782  0.0105301
999.848  2.7087  0.010505
1000.74  2.70957  0.0104802
1001.63  2.71044  0.0104556
1002.53  2.7113  0.0104311
1003.42  2.71215  0.0104069
1004.31  2.713  0.0103828
1005.21  2.71385  0.010359
1006.1  2.71468  0.0103353
1006.99  2.71552  0.0103118
1007.89  2.71634  0.0102884
1008.78  2.71717  0.0102653
1009.67  2.71798  0.0102423
1010.57  2.71879  0.0102195
1011.46  2.7196  0.0101969
1012.35  2.7204  0.0101744
1013.25  2.72119  0.0101521
1014.14  2.72198  0.01013
1015.03  2.72276  0.0101081
1015.93  2.72354  0.0100863
1016.82  2.72432  0.0100646
1017.71  2.72509  0.0100432
1018.61  2.72585  0.0100219
1019.5  2.72661  0.0100007
1020.39  2.72736  0.0099797
1021.29  2.72811  0.00995885
1022.18  2.72885  0.00993815
1023.07  2.72959  0.0099176
1023.97  2.73033  0.0098972
1024.86  2.73106  0.00987695
1025.75  2.73178  0.00985684
1026.65  2.7325  0.00983688
1027.54  2.73322  0.00981706
1028.43  2.73393  0.00979737
1029.33  2.73464  0.00977783
1030.22  2.73534  0.00975843
1031.11  2.73604  0.00973916
1032.01  2.73673  0.00972003
1032.9  2.73742  0.00970103
1033.79  2.73811  0.00968216
1034.68  2.73879  0.00966343
1035.58  2.73947  0.00964482
1036.47  2.74014  0.00962634
1037.36  2.74081  0.00960799
1038.26  2.74147  0.00958977
1039.15  2.74213  0.00957167
1040.04  2.74279  0.00955369
1040.94  2.74344  0.00953583
1041.83  2.74409  0.0095181
1042.72  2.74474  0.00950049
1043.62  2.74538  0.00948299
1044.51  2.74601  0.00946561
1045.4  2.74665  0.00944835
1046.3  2.74728  0.0094312
1047.19  2.7479  0.00941417
1048.08  2.74852  0.00939725
1048.98  2.74914  0.00938044
1049.87  2.74976  0.00936374
1050.76  2.75037  0.00934716
1051.66  2.75097  0.00933068
1052.55  2.75158  0.00931431
1053.44  2.75218  0.00929804
1054.34  2.75277  0.00928188
1055.23  2.75337  0.00926583
1056.12  2.75396  0.00924988
1057.02  2.75454  0.00923403
1057.91  2.75513  0.00921828
1058.8  2.75571  0.00920263
1059.7  2.75628  0.00918709
1060.59  2.75686  0.00917164
1061.48  2.75743  0.00915629
1062.38  2.75799  0.00914104
1063.27  2.75856  0.00912588
1064.16  2.75912  0.00911082
1065.06  2.75967  0.00909585
1065.95  2.76023  0.00908098
1066.84  2.76078  0.0090662
1067.73  2.76132  0.00905151
1068.63  2.76187  0.00903691
1069.52  2.76241  0.00902241
1070.41  2.76295  0.00900799
1071.31  2.76348  0.00899366
1072.2  2.76402  0.00897942
1073.09  2.76455  0.00896526
1073.99  2.76507  0.00895119
1074.88  2.7656  0.00893721
1075.77  2.76612  0.00892331
1076.67  2.76664  0.0089095
1077.56  2.76715  0.00889577
1078.45  2.76766  0.00888212
1079.35  2.76817  0.00886855
1080.24  2.76868  0.00885507
1081.13  2.76918  0.00884166
1082.03  2.76968  0.00882833
1082.92  2.77018  0.00881509
1083.81  2.77068  0.00880192
1084.71  2.77117  0.00878883
1085.6  2.77166  0.00877581
1086.49  2.77215  0.00876288
1087.39  2.77264  0.00875001
1088.28  2.77312  0.00873723
1089.17  2.7736  0.00872451
1090.07  2.77408  0.00871187
1090.96  2.77455  0.00869931
1091.85  2.77503  0.00868681
1092.75  2.7755  0.00867439
1093.64  2.77596  0.00866204
1094.53  2.77643  0.00864976
1095.43  2.77689  0.00863755
1096.32  2.77735  0.00862541
1097.21  2.77781  0.00861334
1098.11  2.77827  0.00860134
1099  2.77872  0.0085894
1099.89  2.77917  0.00857754
1100.78  2.77962  0.00856574
1101.68  2.78007  0.008554
1102.57  2.78051  0.00854233
1103.46  2.78095  0.00853073
1104.36  2.78139  0.00851919
1105.25  2.78183  0.00850771
1106.14  2.78227  0.0084963
1107.04  2.7827  0.00848495
1107.93  2.78313  0.00847366
1108.82  2.78356  0.00846244
1109.72  2.78399  0.00845127
1110.61  2.78441  0.00844017
1111.5  2.78483  0.00842913
1112.4  2.78525  0.00841815
1113.29  2.78567  0.00840723
1114.18  2.78609  0.00839636
1115.08  2.7865  0.00838556
1115.97  2.78691  0.00837481
1116.86  2.78732  0.00836412
1117.76  2.78773  0.00835349
1118.65  2.78814  0.00834291
1119.54  2.78854  0.0083324
1120.44  2.78894  0.00832193
1121.33  2.78934  0.00831153
1122.22  2.78974  0.00830117
1123.12  2.79014  0.00829088
1124.01  2.79053  0.00828063
1124.9  2.79092  0.00827044
1125.8  2.79131  0.00826031
1126.69  2.7917  0.00825022
1127.58  2.79209  0.00824019
1128.48  2.79247  0.00823022
1129.37  2.79286  0.00822029
1130.26  2.79324  0.00821041
1131.16  2.79362  0.00820059
1132.05  2.79399  0.00819082
1132.94  2.79437  0.00818109
1133.83  2.79474  0.00817142
1134.73  2.79511  0.00816179
1135.62  2.79549  0.00815222
1136.51  2.79585  0.00814269
1137.41  2.79622  0.00813322
1138.3  2.79659  0.00812379
1139.19  2.79695  0.0081144
1140.09  2.79731  0.00810507
1140.98  2.79767  0.00809578
1141.87  2.79803  0.00808654
1142.77  2.79839  0.00807734
1143.66  2.79874  0.0080682
1144.55  2.79909  0.00805909
1145.45  2.79945  0.00805003
1146.34  2.7998  0.00804102
1147.23  2.80015  0.00803205
1148.13  2.80049  0.00802313
1149.02  2.80084  0.00801425
1149.91  2.80118  0.00800541
1150.81  2.80152  0.00799662
1151.7  2.80187  0.00798787
1152.59  2.8022  0.00797916
1153.49  2.80254  0.00797049
1154.38  2.80288  0.00796187
1155.27  2.80321  0.00795329
1156.17  2.80355  0.00794475
1157.06  2.80388  0.00793625
1157.95  2.80421  0.00792779
1158.85  2.80454  0.00791938
1159.74  2.80486  0.007911
1160.63  2.80519  0.00790267
1161.53  2.80551  0.00789437
1162.42  2.80584  0.00788611
1163.31  2.80616  0.00787789
1164.21  2.80648  0.00786972
1165.1  2.8068  0.00786158
1165.99  2.80711  0.00785347
1166.88  2.80743  0.00784541
1167.78  2.80774  0.00783739
1168.67  2.80806  0.0078294
1169.56  2.80837  0.00782145
1170.46  2.80868  0.00781353
1171.35  2.80899  0.00780566
1172.24  2.8093  0.00779782
1173.14  2.8096  0.00779002
1174.03  2.80991  0.00778225
1174.92  2.81021  0.00777452
1175.82  2.81051  0.00776682
1176.71  2.81081  0.00775916
1177.6  2.81111  0.00775154
1178.5  2.81141  0.00774395
1179.39  2.81171  0.00773639
1180.28  2.81201  0.00772887
1181.18  2.8123  0.00772139
1182.07  2.81259  0.00771393
1182.96  2.81289  0.00770652
1183.86  2.81318  0.00769913
1184.75  2.81347  0.00769178
1185.64  2.81375  0.00768446
1186.54  2.81404  0.00767718
1187.43  2.81433  0.00766992
1188.32  2.81461  0.0076627
1189.22  2.8149  0.00765552
1190.11  2.81518  0.00764836
1191  2.81546  0.00764124
1191.9  2.81574  0.00763414
1192.79  2.81602  0.00762708
1193.68  2.8163  0.00762005
1194.58  2.81657  0.00761306
1195.47  2.81685  0.00760609
1196.36  2.81712  0.00759915
1197.26  2.8174  0.00759224
1198.15  2.81767  0.00758537
1199.04  2.81794  0.00757852
1199.93  2.81821  0.00757171
1200.83  2.81848  0.00756492
1201.72  2.81875  0.00755816
1202.61  2.81901  0.00755144
1203.51  2.81928  0.00754474
1204.4  2.81954  0.00753807
1205.29  2.81981  0.00753143
1206.19  2.82007  0.00752481
1207.08  2.82033  0.00751823
1207.97  2.82059  0.00751167
1208.87  2.82085  0.00750515
1209.76  2.82111  0.00749865
1210.65  2.82136  0.00749218
1211.55  2.82162  0.00748573
1212.44  2.82188  0.00747931
1213.33  2.82213  0.00747292
1214.23  2.82238  0.00746656
1215.12  2.82263  0.00746023
1216.01  2.82289  0.00745392
1216.91  2.82314  0.00744763
1217.8  2.82338  0.00744138
1218.69  2.82363  0.00743515
1219.59  2.82388  0.00742894
1220.48  2.82413  0.00742277
1221.37  2.82437  0.00741661
1222.27  2.82461  0.00741049
1223.16  2.82486  0.00740438
1224.05  2.8251  0.00739831
1224.95  2.82534  0.00739226
1225.84  2.82558  0.00738623
1226.73  2.82582  0.00738023
1227.63  2.82606  0.00737425
1228.52  2.8263  0.0073683
1229.41  2.82653  0.00736237
1230.31  2.82677  0.00735647
1231.2  2.827  0.00735059
1232.09  2.82724  0.00734474
1232.98  2.82747  0.0073389
1233.88  2.8277  0.0073331
1234.77  2.82793  0.00732731
1235.66  2.82816  0.00732155
1236.56  2.82839  0.00731581
1237.45  2.82862  0.0073101
1238.34  2.82885  0.00730441
1239.24  2.82908  0.00729874
1240.13  2.8293  0.00729309
1241.02  2.82953  0.00728747
1241.92  2.82975  0.00728187
1242.81  2.82998  0.00727629
1243.7  2.8302  0.00727073
1244.6  2.83042  0.0072652
1245.49  2.83064  0.00725969
1246.38  2.83086  0.0072542
1247.28  2.83108  0.00724873
1248.17  2.8313  0.00724328
1249.06  2.83152  0.00723785
1249.96  2.83173  0.00723245
1250.85  2.83195  0.00722706
1251.74  2.83217  0.0072217
1252.64  2.83238  0.00721636
1253.53  2.83259  0.00721104
1254.42  2.83281  0.00720574
1255.32  2.83302  0.00720046
1256.21  2.83323  0.0071952
1257.1  2.83344  0.00718996
1258  2.83365  0.00718475
1258.89  2.83386  0.00717955
1259.78  2.83407  0.00717437
1260.68  2.83427  0.00716921
1261.57  2.83448  0.00716407
1262.46  2.83469  0.00715895
1263.36  2.83489  0.00715385
1264.25  2.8351  0.00714878
1265.14  2.8353  0.00714371
1266.04  2.8355  0.00713867
1266.93  2.83571  0.00713365
1267.82  2.83591  0.00712865
1268.71  2.83611  0.00712367
1269.61  2.83631  0.0071187
1270.5  2.83651  0.00711375
1271.39  2.83671  0.00710883
1272.29  2.8369  0.00710392
1273.18  2.8371  0.00709903
1274.07  2.8373  0.00709415
1274.97  2.83749  0.0070893
1275.86  2.83769  0.00708446
1276.75  2.83788  0.00707965
1277.65  2.83808  0.00707485
1278.54  2.83827  0.00707006
1279.43  2.83846  0.0070653
1280.33  2.83865  0.00706055
1281.22  2.83884  0.00705582
1282.11  2.83904  0.00705111
1283.01  2.83922  0.00704642
1283.9  2.83941  0.00704174
1284.79  2.8396  0.00703708
1285.69  2.83979  0.00703244
1286.58  2.83998  0.00702781
1287.47  2.84016  0.0070232
1288.37  2.84035  0.00701861
1289.26  2.84053  0.00701404
1290.15  2.84072  0.00700948
1291.05  2.8409  0.00700494
1291.94  2.84109  0.00700041
1292.83  2.84127  0.0069959
1293.73  2.84145  0.00699141
1294.62  2.84163  0.00698693
1295.51  2.84181  0.00698247
1296.41  2.84199  0.00697803
1297.3  2.84217  0.0069736
1298.19  2.84235  0.00696919
1299.09  2.84253  0.00696479
1299.98  2.84271  0.00696041
1300.87  2.84288  0.00695604
1301.76  2.84306  0.00695169
1302.66  2.84324  0.00694736
1303.55  2.84341  0.00694304
1304.44  2.84359  0.00693873
1305.34  2.84376  0.00693445
1306.23  2.84393  0.00693017
1307.12  2.84411  0.00692591
1308.02  2.84428  0.00692167
1308.91  2.84445  0.00691744
1309.8  2.84462  0.00691323
1310.7  2.84479  0.00690903
1311.59  2.84496  0.00690485
1312.48  2.84513  0.00690068
1313.38  2.8453  0.00689652
1314.27  2.84547  0.00689238
1315.16  2.84564  0.00688825
1316.06  2.8458  0.00688414
1316.95  2.84597  0.00688005
1317.84  2.84613  0.00687596
1318.74  2.8463  0.00687189
1319.63  2.84647  0.00686784
1320.52  2.84663  0.0068638
1321.42  2.84679  0.00685977
1322.31  2.84696  0.00685576
1323.2  2.84712  0.00685176
1324.1  2.84728  0.00684777
1324.99  2.84744  0.0068438
1325.88  2.8476  0.00683984
1326.78  2.84777  0.00683589
1327.67  2.84793  0.00683196
1328.56  2.84809  0.00682804
1329.46  2.84824  0.00682414
1330.35  2.8484  0.00682025
1331.24  2.84856  0.00681637
1332.14  2.84872  0.0068125
1333.03  2.84888  0.00680865
1333.92  2.84903  0.00680481
1334.81  2.84919  0.00680098
1335.71  2.84934  0.00679717
1336.6  2.8495  0.00679337
1337.49  2.84965  0.00678958
1338.39  2.84981  0.00678581
1339.28  2.84996  0.00678204
1340.17  2.85011  0.00677829
1341.07  2.85027  0.00677456
1341.96  2.85042  0.00677083
1342.85  2.85057  0.00676712
1343.75  2.85072  0.00676342
1344.64  2.85087  0.00675973
1345.53  2.85102  0.00675605
1346.43  2.85117  0.00675239
1347.32  2.85132  0.00674873
1348.21  2.85147  0.00674509
1349.11  2.85162  0.00674147
1350  2.85177  0.00673785
