0.077  -0.000926021  2.22904e-05
0.0771276  -0.000815859  1.96437e-05
0.0772552  -0.000710268  1.71057e-05
0.0773828  -0.000609496  1.46826e-05
0.0775104  -0.000513834  1.23813e-05
0.077638  -0.000423621  1.02101e-05
0.0777656  -0.000339261  8.17901e-06
0.0778932  -0.000261254  6.30003e-06
0.0780209  -0.000190233  4.58859e-06
0.0781485  -0.000127045  3.06524e-06
0.0782761  -7.29093e-05  1.75956e-06
0.0784037  -2.98287e-05  7.20062e-07
0.0785313  -2.35265e-06  5.68079e-08
0.0786589  1.50486e-05  3.63464e-07
0.0787865  5.22416e-05  1.26211e-06
0.0789141  0.000102272  2.47147e-06
0.0790417  0.00016251  3.92821e-06
0.0791693  0.00023153  5.59807e-06
0.0792969  0.000308403  7.45878e-06
0.0794245  0.000392465  9.49442e-06
0.0795521  0.000483211  1.16929e-05
0.0796797  0.000580242  1.40448e-05
0.0798073  0.000683233  1.65422e-05
0.0799349  0.000791914  1.91789e-05
0.0800626  0.000906056  2.19493e-05
0.0801902  0.00102546  2.48489e-05
0.0803178  0.00114996  2.78736e-05
0.0804454  0.00127941  3.10199e-05
0.080573  0.00141367  3.42847e-05
0.0807006  0.00155262  3.76653e-05
0.0808282  0.00169616  4.11593e-05
0.0809558  0.0018442  4.47643e-05
0.0810834  0.00199664  4.84786e-05
0.081211  0.00215342  5.23003e-05
0.0813386  0.00231446  5.62277e-05
0.0814662  0.00247969  6.02595e-05
0.0815938  0.00264907  6.43943e-05
0.0817214  0.00282252  6.8631e-05
0.081849  0.00300002  7.29684e-05
0.0819766  0.0031815  7.74055e-05
0.0821043  0.00336693  8.19415e-05
0.0822319  0.00355628  8.65755e-05
0.0823595  0.0037495  9.13067e-05
0.0824871  0.00394656  9.61346e-05
0.0826147  0.00414743  0.000101058
0.0827423  0.00435209  0.000106078
0.0828699  0.00456051  0.000111192
0.0829975  0.00477267  0.0001164
0.0831251  0.00498855  0.000121703
0.0832527  0.00520812  0.000127099
0.0833803  0.00543138  0.000132589
0.0835079  0.00565829  0.000138172
0.0836355  0.00588886  0.000143848
0.0837631  0.00612306  0.000149616
0.0838907  0.00636089  0.000155477
0.0840183  0.00660234  0.000161431
0.084146  0.00684739  0.000167476
0.0842736  0.00709603  0.000173614
0.0844012  0.00734827  0.000179844
0.0845288  0.00760409  0.000186166
0.0846564  0.00786349  0.00019258
0.084784  0.00812647  0.000199086
0.0849116  0.00839301  0.000205685
0.0850392  0.00866313  0.000212375
0.0851668  0.00893682  0.000219158
0.0852944  0.00921408  0.000226034
0.085422  0.00949491  0.000233002
0.0855496  0.00977931  0.000240064
0.0856772  0.0100673  0.000247218
0.0858048  0.0103588  0.000254465
0.0859324  0.010654  0.000261806
0.0860601  0.0109527  0.00026924
0.0861877  0.011255  0.000276769
0.0863153  0.0115609  0.000284391
0.0864429  0.0118703  0.000292108
0.0865705  0.0121834  0.00029992
0.0866981  0.0125002  0.000307827
0.0868257  0.0128205  0.00031583
0.0869533  0.0131445  0.000323929
0.0870809  0.0134721  0.000332123
0.0872085  0.0138033  0.000340415
0.0873361  0.0141382  0.000348803
0.0874637  0.0144768  0.00035729
0.0875913  0.0148191  0.000365874
0.0877189  0.015165  0.000374556
0.0878465  0.0155147  0.000383338
0.0879741  0.0158681  0.000392219
0.0881018  0.0162252  0.000401199
0.0882294  0.016586  0.000410281
0.088357  0.0169507  0.000419463
0.0884846  0.0173191  0.000428747
0.0886122  0.0176913  0.000438133
0.0887398  0.0180673  0.000447622
0.0888674  0.0184471  0.000457214
0.088995  0.0188307  0.00046691
0.0891226  0.0192183  0.000476711
0.0892502  0.0196097  0.000486617
0.0893778  0.020005  0.000496629
0.0895054  0.0204042  0.000506748
0.089633  0.0208074  0.000516974
0.0897606  0.0212145  0.000527308
0.0898882  0.0216256  0.000537751
0.0900158  0.0220407  0.000548304
0.0901435  0.0224598  0.000558967
0.0902711  0.0228829  0.000569741
0.0903987  0.0233101  0.000580628
0.0905263  0.0237414  0.000591626
0.0906539  0.0241768  0.000602739
0.0907815  0.0246164  0.000613966
0.0909091  0.0250601  0.000625308
0.0910367  0.025508  0.000636767
0.0911643  0.0259601  0.000648343
0.0912919  0.0264164  0.000660037
0.0914195  0.026877  0.00067185
0.0915471  0.0273419  0.000683783
0.0916747  0.0278112  0.000695837
0.0918023  0.0282847  0.000708013
0.0919299  0.0287627  0.000720312
0.0920575  0.029245  0.000732735
0.0921852  0.0297318  0.000745283
0.0923128  0.0302231  0.000757958
0.0924404  0.0307188  0.00077076
0.092568  0.0312191  0.00078369
0.0926956  0.0317239  0.00079675
0.0928232  0.0322334  0.00080994
0.0929508  0.0327475  0.000823263
0.0930784  0.0332662  0.000836719
0.093206  0.0337896  0.000850309
0.0933336  0.0343178  0.000864034
0.0934612  0.0348507  0.000877897
0.0935888  0.0353884  0.000891898
0.0937164  0.035931  0.000906038
0.093844  0.0364785  0.000920319
0.0939716  0.0370309  0.000934742
0.0940992  0.0375882  0.000949309
0.0942269  0.0381505  0.000964021
0.0943545  0.0387179  0.00097888
0.0944821  0.0392903  0.000993887
0.0946097  0.0398679  0.00100904
0.0947373  0.0404506  0.00102435
0.0948649  0.0410385  0.00103981
0.0949925  0.0416317  0.00105542
0.0951201  0.0422301  0.00107119
0.0952477  0.0428339  0.00108712
0.0953753  0.0434431  0.0011032
0.0955029  0.0440577  0.00111945
0.0956305  0.0446778  0.00113586
0.0957581  0.0453034  0.00115243
0.0958857  0.0459346  0.00116917
0.0960133  0.0465714  0.00118608
0.096141  0.0472138  0.00120315
0.0962686  0.047862  0.0012204
0.0963962  0.048516  0.00123782
0.0965238  0.0491758  0.00125542
0.0966514  0.0498415  0.00127319
0.096779  0.0505131  0.00129114
0.0969066  0.0511907  0.00130928
0.0970342  0.0518744  0.0013276
0.0971618  0.0525641  0.0013461
0.0972894  0.0532601  0.00136479
0.097417  0.0539622  0.00138367
0.0975446  0.0546706  0.00140274
0.0976722  0.0553854  0.00142201
0.0977998  0.0561066  0.00144148
0.0979274  0.0568342  0.00146114
0.098055  0.0575684  0.001481
0.0981827  0.0583091  0.00150107
0.0983103  0.0590566  0.00152135
0.0984379  0.0598107  0.00154183
0.0985655  0.0605716  0.00156253
0.0986931  0.0613395  0.00158344
0.0988207  0.0621142  0.00160457
0.0989483  0.0628959  0.00162591
0.0990759  0.0636848  0.00164748
0.0992035  0.0644807  0.00166928
0.0993311  0.0652839  0.0016913
0.0994587  0.0660944  0.00171356
0.0995863  0.0669123  0.00173604
0.0997139  0.0677377  0.00175877
0.0998415  0.0685705  0.00178174
0.0999691  0.069411  0.00180494
0.100097  0.0702592  0.0018284
0.100224  0.0711152  0.00185211
0.100352  0.071979  0.00187606
0.10048  0.0728508  0.00190028
0.100607  0.0737307  0.00192476
0.100735  0.0746186  0.0019495
0.100862  0.0755148  0.0019745
0.10099  0.0764193  0.00199978
0.101118  0.0773322  0.00202533
0.101245  0.0782536  0.00205116
0.101373  0.0791836  0.00207728
0.1015  0.0801223  0.00210368
0.101628  0.0810698  0.00213037
0.101756  0.0820262  0.00215735
0.101883  0.0829916  0.00218464
0.102011  0.0839661  0.00221222
0.102138  0.0849498  0.00224012
0.102266  0.0859429  0.00226832
0.102394  0.0869454  0.00229685
0.102521  0.0879574  0.00232569
0.102649  0.088979  0.00235486
0.102776  0.0900105  0.00238436
0.102904  0.0910518  0.0024142
0.103032  0.0921032  0.00244437
0.103159  0.0931647  0.0024749
0.103287  0.0942364  0.00250577
0.103415  0.0953185  0.002537
0.103542  0.0964112  0.00256859
0.10367  0.0975144  0.00260055
0.103797  0.0986285  0.00263288
0.103925  0.0997535  0.00266559
0.104053  0.10089  0.00269868
0.10418  0.102037  0.00273217
0.104308  0.103195  0.00276605
0.104435  0.104365  0.00280034
0.104563  0.105547  0.00283503
0.104691  0.10674  0.00287015
0.104818  0.107946  0.00290568
0.104946  0.109163  0.00294164
0.105073  0.110393  0.00297804
0.105201  0.111635  0.00301489
0.105329  0.11289  0.00305218
0.105456  0.114157  0.00308994
0.105584  0.115437  0.00312816
0.105711  0.116731  0.00316685
0.105839  0.118037  0.00320603
0.105967  0.119357  0.00324569
0.106094  0.120691  0.00328585
0.106222  0.122039  0.00332652
0.106349  0.1234  0.00336771
0.106477  0.124776  0.00340942
0.106605  0.126166  0.00345166
0.106732  0.127571  0.00349445
0.10686  0.12899  0.00353778
0.106987  0.130424  0.00358168
0.107115  0.131874  0.00362615
0.107243  0.133339  0.0036712
0.10737  0.13482  0.00371685
0.107498  0.136317  0.00376309
0.107626  0.137829  0.00380995
0.107753  0.139358  0.00385744
0.107881  0.140904  0.00390556
0.108008  0.142467  0.00395432
0.108136  0.144046  0.00400375
0.108264  0.145643  0.00405384
0.108391  0.147257  0.00410463
0.108519  0.14889  0.0041561
0.108646  0.15054  0.00420829
0.108774  0.152209  0.0042612
0.108902  0.153896  0.00431484
0.109029  0.155603  0.00436924
0.109157  0.157328  0.0044244
0.109284  0.159073  0.00448034
0.109412  0.160838  0.00453707
0.10954  0.162623  0.00459462
0.109667  0.164429  0.00465299
0.109795  0.166255  0.0047122
0.109922  0.168102  0.00477227
0.11005  0.169971  0.00483321
0.110178  0.171862  0.00489505
0.110305  0.173774  0.00495779
0.110433  0.17571  0.00502147
0.11056  0.177668  0.00508609
0.110688  0.179649  0.00515167
0.110816  0.181654  0.00521824
0.110943  0.183682  0.00528582
0.111071  0.185735  0.00535443
0.111198  0.187813  0.00542408
0.111326  0.189916  0.0054948
0.111454  0.192045  0.00556661
0.111581  0.194199  0.00563953
0.111709  0.19638  0.00571359
0.111837  0.198588  0.00578882
0.111964  0.200824  0.00586522
0.112092  0.203087  0.00594284
0.112219  0.205378  0.0060217
0.112347  0.207698  0.00610182
0.112475  0.210048  0.00618323
0.112602  0.212427  0.00626595
0.11273  0.214837  0.00635003
0.112857  0.217277  0.00643548
0.112985  0.219749  0.00652233
0.113113  0.222253  0.00661063
0.11324  0.224789  0.00670039
0.113368  0.227358  0.00679165
0.113495  0.229961  0.00688445
0.113623  0.232598  0.00697882
0.113751  0.235271  0.00707479
0.113878  0.237978  0.0071724
0.114006  0.240722  0.00727169
0.114133  0.243503  0.0073727
0.114261  0.246321  0.00747546
0.114389  0.249178  0.00758002
0.114516  0.252073  0.00768641
0.114644  0.255008  0.00779468
0.114771  0.257984  0.00790487
0.114899  0.261  0.00801703
0.115027  0.264059  0.0081312
0.115154  0.26716  0.00824743
0.115282  0.270305  0.00836577
0.11541  0.273494  0.00848626
0.115537  0.276729  0.00860897
0.115665  0.28001  0.00873393
0.115792  0.283337  0.00886121
0.11592  0.286713  0.00899085
0.116048  0.290137  0.00912292
0.116175  0.293612  0.00925748
0.116303  0.297137  0.00939457
0.11643  0.300714  0.00953427
0.116558  0.304343  0.00967664
0.116686  0.308027  0.00982174
0.116813  0.311766  0.00996964
0.116941  0.315561  0.0101204
0.117068  0.319413  0.0102741
0.117196  0.323323  0.0104308
0.117324  0.327293  0.0105906
0.117451  0.331323  0.0107535
0.117579  0.335416  0.0109196
0.117706  0.339572  0.0110891
0.117834  0.343793  0.011262
0.117962  0.348079  0.0114383
0.118089  0.352433  0.0116182
0.118217  0.356856  0.0118017
0.118344  0.361348  0.011989
0.118472  0.365913  0.01218
0.1186  0.37055  0.012375
0.118727  0.375262  0.012574
0.118855  0.38005  0.0127771
0.118982  0.384916  0.0129844
0.11911  0.389862  0.013196
0.119238  0.394888  0.013412
0.119365  0.399998  0.0136326
0.119493  0.405192  0.0138577
0.119621  0.410473  0.0140876
0.119748  0.415841  0.0143223
0.119876  0.4213  0.0145619
0.120003  0.426851  0.0148067
0.120131  0.432496  0.0150566
0.120259  0.438237  0.0153118
0.120386  0.444076  0.0155724
0.120514  0.450015  0.0158386
0.120641  0.456057  0.0161104
0.120769  0.462203  0.016388
0.120897  0.468456  0.0166715
0.121024  0.474817  0.0169611
0.121152  0.48129  0.0172568
0.121279  0.487877  0.0175588
0.121407  0.494579  0.0178672
0.121535  0.5014  0.0181821
0.121662  0.508342  0.0185037
0.12179  0.515408  0.018832
0.121917  0.522599  0.0191673
0.122045  0.529919  0.0195096
0.122173  0.537371  0.019859
0.1223  0.544956  0.0202157
0.122428  0.552678  0.0205797
0.122555  0.560539  0.0209512
0.122683  0.568542  0.0213302
0.122811  0.57669  0.0217169
0.122938  0.584986  0.0221114
0.123066  0.593433  0.0225137
0.123193  0.602033  0.0229239
0.123321  0.610789  0.023342
0.123449  0.619704  0.0237681
0.123576  0.628782  0.0242023
0.123704  0.638024  0.0246446
0.123832  0.647434  0.025095
0.123959  0.657015  0.0255534
0.124087  0.66677  0.02602
0.124214  0.6767  0.0264945
0.124342  0.68681  0.026977
0.12447  0.697101  0.0274674
0.124597  0.707577  0.0279655
0.124725  0.71824  0.0284713
0.124852  0.729093  0.0289846
0.12498  0.740137  0.0295052
0.125108  0.751376  0.0300329
0.125235  0.762811  0.0305673
0.125363  0.774444  0.0311083
0.12549  0.786279  0.0316555
0.125618  0.798315  0.0322086
0.125746  0.810555  0.032767
0.125873  0.823001  0.0333305
0.126001  0.835653  0.0338985
0.126128  0.848513  0.0344704
0.126256  0.86158  0.0350456
0.126384  0.874857  0.0356236
0.126511  0.888342  0.0362037
0.126639  0.902036  0.036785
0.126766  0.915938  0.0373669
0.126894  0.930048  0.0379485
0.127022  0.944364  0.0385289
0.127149  0.958885  0.0391072
0.127277  0.973609  0.0396824
0.127405  0.988534  0.0402535
0.127532  1.00366  0.0408193
0.12766  1.01898  0.0413789
0.127787  1.03448  0.041931
0.127915  1.05018  0.0424745
0.128043  1.06606  0.0430081
0.12817  1.08212  0.0435307
0.128298  1.09835  0.044041
0.128425  1.11474  0.0445377
0.128553  1.1313  0.0450195
0.128681  1.14801  0.0454853
0.128808  1.16486  0.0459337
0.128936  1.18185  0.0463636
0.129063  1.19898  0.0467737
0.129191  1.21622  0.0471629
0.129319  1.23357  0.04753
0.129446  1.25103  0.047874
0.129574  1.26858  0.0481939
0.129701  1.28621  0.0484888
0.129829  1.30391  0.0487578
0.129957  1.32167  0.0490002
0.130084  1.33948  0.0492152
0.130212  1.35733  0.0494023
0.130339  1.37521  0.049561
0.130467  1.39311  0.0496909
0.130595  1.411  0.0497919
0.130722  1.4289  0.0498636
0.13085  1.44677  0.0499062
0.130977  1.46461  0.0499196
0.131105  1.48241  0.0499041
0.131233  1.50016  0.0498599
0.13136  1.51784  0.0497874
0.131488  1.53545  0.0496872
0.131616  1.55298  0.0495598
0.131743  1.57041  0.049406
0.131871  1.58773  0.0492264
0.131998  1.60495  0.049022
0.132126  1.62204  0.0487936
0.132254  1.63899  0.0485422
0.132381  1.65581  0.0482688
0.132509  1.67248  0.0479746
0.132636  1.689  0.0476606
0.132764  1.70535  0.0473279
0.132892  1.72154  0.0469778
0.133019  1.73755  0.0466113
0.133147  1.75338  0.0462296
0.133274  1.76903  0.045834
0.133402  1.78449  0.0454256
0.13353  1.79976  0.0450055
0.133657  1.81484  0.0445749
0.133785  1.82971  0.0441349
0.133912  1.84439  0.0436866
0.13404  1.85886  0.0432309
0.134168  1.87312  0.042769
0.134295  1.88718  0.0423018
0.134423  1.90103  0.0418302
0.13455  1.91468  0.0413551
0.134678  1.92811  0.0408775
0.134806  1.94134  0.040398
0.134933  1.95435  0.0399174
0.135061  1.96716  0.0394365
0.135188  1.97977  0.038956
0.135316  1.99216  0.0384764
0.135444  2.00436  0.0379984
0.135571  2.01635  0.0375225
0.135699  2.02813  0.0370492
0.135827  2.03972  0.036579
0.135954  2.05111  0.0361123
0.136082  2.06231  0.0356495
0.136209  2.07331  0.0351909
0.136337  2.08412  0.0347368
0.136465  2.09474  0.0342876
0.136592  2.10518  0.0338435
0.13672  2.11543  0.0334047
0.136847  2.1255  0.0329715
0.136975  2.13539  0.0325439
0.137103  2.14511  0.0321222
0.13723  2.15466  0.0317065
0.137358  2.16403  0.0312969
0.137485  2.17324  0.0308934
0.137613  2.18229  0.0304962
0.137741  2.19117  0.0301052
0.137868  2.1999  0.0297206
0.137996  2.20847  0.0293424
0.138123  2.21689  0.0289705
0.138251  2.22516  0.0286049
0.138379  2.23328  0.0282457
0.138506  2.24126  0.0278928
0.138634  2.2491  0.0275462
0.138761  2.2568  0.0272058
0.138889  2.26436  0.0268716
0.139017  2.2718  0.0265436
0.139144  2.2791  0.0262216
0.139272  2.28627  0.0259057
0.139399  2.29332  0.0255956
0.139527  2.30024  0.0252915
0.139655  2.30705  0.0249931
0.139782  2.31374  0.0247004
0.13991  2.32031  0.0244133
0.140038  2.32677  0.0241317
0.140165  2.33312  0.0238556
0.140293  2.33937  0.0235848
0.14042  2.3455  0.0233193
0.140548  2.35153  0.0230589
0.140676  2.35747  0.0228036
0.140803  2.3633  0.0225533
0.140931  2.36903  0.0223079
0.141058  2.37467  0.0220672
0.141186  2.38022  0.0218313
0.141314  2.38568  0.0215999
0.141441  2.39104  0.0213731
0.141569  2.39632  0.0211506
0.141696  2.40151  0.0209325
0.141824  2.40662  0.0207187
0.141952  2.41165  0.020509
0.142079  2.4166  0.0203033
0.142207  2.42146  0.0201017
0.142334  2.42625  0.0199039
0.142462  2.43097  0.01971
0.14259  2.43561  0.0195197
0.142717  2.44018  0.0193331
0.142845  2.44468  0.0191501
0.142972  2.44911  0.0189706
0.1431  2.45347  0.0187944
0.143228  2.45776  0.0186216
0.143355  2.46199  0.0184521
0.143483  2.46616  0.0182858
0.143611  2.47026  0.0181225
0.143738  2.4743  0.0179624
0.143866  2.47828  0.0178052
0.143993  2.4822  0.0176509
0.144121  2.48607  0.0174994
0.144249  2.48987  0.0173508
0.144376  2.49363  0.0172049
0.144504  2.49732  0.0170616
0.144631  2.50097  0.0169209
0.144759  2.50456  0.0167828
0.144887  2.5081  0.0166471
0.145014  2.51159  0.0165139
0.145142  2.51503  0.0163831
0.145269  2.51843  0.0162546
0.145397  2.52177  0.0161283
0.145525  2.52507  0.0160043
0.145652  2.52833  0.0158825
0.14578  2.53153  0.0157627
0.145907  2.5347  0.0156451
0.146035  2.53782  0.0155294
0.146163  2.5409  0.0154158
0.14629  2.54394  0.0153041
0.146418  2.54694  0.0151943
0.146545  2.5499  0.0150863
0.146673  2.55281  0.0149802
0.146801  2.5557  0.0148758
0.146928  2.55854  0.0147732
0.147056  2.56134  0.0146723
0.147183  2.56411  0.014573
0.147311  2.56685  0.0144754
0.147439  2.56955  0.0143793
0.147566  2.57221  0.0142848
0.147694  2.57484  0.0141918
0.147822  2.57744  0.0141004
0.147949  2.58  0.0140104
0.148077  2.58253  0.0139218
0.148204  2.58504  0.0138346
0.148332  2.58751  0.0137487
0.14846  2.58995  0.0136643
0.148587  2.59236  0.0135811
0.148715  2.59474  0.0134992
0.148842  2.59709  0.0134186
0.14897  2.59941  0.0133392
0.149098  2.60171  0.013261
0.149225  2.60398  0.0131839
0.149353  2.60622  0.0131081
0.14948  2.60843  0.0130334
0.149608  2.61062  0.0129597
0.149736  2.61279  0.0128872
0.149863  2.61493  0.0128158
0.149991  2.61704  0.0127453
0.150118  2.61913  0.0126759
0.150246  2.62119  0.0126075
0.150374  2.62324  0.0125401
0.150501  2.62526  0.0124737
0.150629  2.62725  0.0124082
0.150756  2.62923  0.0123436
0.150884  2.63118  0.0122799
0.151012  2.63311  0.0122171
0.151139  2.63502  0.0121552
0.151267  2.6369  0.0120942
0.151394  2.63877  0.0120339
0.151522  2.64062  0.0119745
0.15165  2.64245  0.0119159
0.151777  2.64425  0.0118581
0.151905  2.64604  0.0118011
0.152033  2.64781  0.0117449
0.15216  2.64956  0.0116893
0.152288  2.65129  0.0116346
0.152415  2.65301  0.0115805
0.152543  2.6547  0.0115271
0.152671  2.65638  0.0114745
0.152798  2.65804  0.0114225
0.152926  2.65968  0.0113712
0.153053  2.66131  0.0113205
0.153181  2.66292  0.0112705
0.153309  2.66451  0.0112211
0.153436  2.66609  0.0111723
0.153564  2.66765  0.0111242
0.153691  2.6692  0.0110766
0.153819  2.67073  0.0110296
0.153947  2.67224  0.0109833
0.154074  2.67374  0.0109374
0.154202  2.67523  0.0108922
0.154329  2.6767  0.0108474
0.154457  2.67816  0.0108032
0.154585  2.6796  0.0107596
0.154712  2.68103  0.0107164
0.15484  2.68244  0.0106738
0.154967  2.68384  0.0106317
0.155095  2.68523  0.01059
0.155223  2.68661  0.0105489
0.15535  2.68797  0.0105082
0.155478  2.68932  0.010468
0.155606  2.69066  0.0104282
0.155733  2.69198  0.0103889
0.155861  2.69329  0.01035
0.155988  2.69459  0.0103116
0.156116  2.69588  0.0102736
0.156244  2.69716  0.010236
0.156371  2.69842  0.0101989
0.156499  2.69967  0.0101621
0.156626  2.70092  0.0101258
0.156754  2.70215  0.0100898
0.156882  2.70337  0.0100543
0.157009  2.70457  0.0100191
0.157137  2.70577  0.00998428
0.157264  2.70696  0.00994984
0.157392  2.70814  0.00991576
0.15752  2.70931  0.00988205
0.157647  2.71046  0.00984868
0.157775  2.71161  0.00981566
0.157902  2.71275  0.00978299
0.15803  2.71387  0.00975065
0.158158  2.71499  0.00971863
0.158285  2.7161  0.00968695
0.158413  2.7172  0.00965558
0.15854  2.71829  0.00962453
0.158668  2.71937  0.00959379
0.158796  2.72044  0.00956335
0.158923  2.7215  0.00953322
0.159051  2.72256  0.00950338
0.159178  2.7236  0.00947383
0.159306  2.72464  0.00944456
0.159434  2.72567  0.00941558
0.159561  2.72669  0.00938688
0.159689  2.7277  0.00935845
0.159817  2.7287  0.00933029
0.159944  2.7297  0.0093024
0.160072  2.73069  0.00927477
0.160199  2.73167  0.00924739
0.160327  2.73264  0.00922027
0.160455  2.7336  0.00919339
0.160582  2.73456  0.00916677
0.16071  2.73551  0.00914038
0.160837  2.73645  0.00911424
0.160965  2.73739  0.00908832
0.161093  2.73832  0.00906264
0.16122  2.73924  0.00903719
0.161348  2.74015  0.00901196
0.161475  2.74106  0.00898695
0.161603  2.74196  0.00896216
0.161731  2.74285  0.00893758
0.161858  2.74374  0.00891322
0.161986  2.74462  0.00888906
0.162113  2.74549  0.00886511
0.162241  2.74636  0.00884136
0.162369  2.74722  0.0088178
0.162496  2.74808  0.00879444
0.162624  2.74892  0.00877128
0.162751  2.74977  0.0087483
0.162879  2.7506  0.00872551
0.163007  2.75143  0.0087029
0.163134  2.75226  0.00868047
0.163262  2.75308  0.00865822
0.163389  2.75389  0.00863615
0.163517  2.7547  0.00861425
0.163645  2.7555  0.00859251
0.163772  2.7563  0.00857095
0.1639  2.75709  0.00854954
0.164028  2.75788  0.0085283
0.164155  2.75866  0.00850721
0.164283  2.75944  0.00848628
0.16441  2.76021  0.0084655
0.164538  2.76097  0.00844487
0.164666  2.76173  0.00842439
0.164793  2.76249  0.00840405
0.164921  2.76324  0.00838385
0.165048  2.76399  0.00836379
0.165176  2.76473  0.00834386
0.165304  2.76547  0.00832406
0.165431  2.7662  0.00830439
0.165559  2.76693  0.00828484
0.165686  2.76765  0.00826541
0.165814  2.76837  0.0082461
0.165942  2.76909  0.0082269
0.166069  2.7698  0.00820781
0.166197  2.77051  0.00818881
0.166324  2.77122  0.00816991
0.166452  2.77192  0.00815109
0.16658  2.77262  0.00813234
0.166707  2.77332  0.00811364
0.166835  2.77401  0.00809494
0.166962  2.77471  0.00807615
0.16709  2.7754  0.00805747
0.167218  2.77609  0.00803896
0.167345  2.77677  0.00802061
0.167473  2.77744  0.00800242
0.167601  2.77812  0.0079844
0.167728  2.77878  0.00796653
0.167856  2.77944  0.00794883
0.167983  2.7801  0.00793127
0.168111  2.78075  0.00791387
0.168239  2.7814  0.00789662
0.168366  2.78204  0.00787951
0.168494  2.78268  0.00786256
0.168621  2.78331  0.00784574
0.168749  2.78394  0.00782908
0.168877  2.78456  0.00781255
0.169004  2.78518  0.00779616
0.169132  2.7858  0.00777991
0.169259  2.78641  0.0077638
0.169387  2.78701  0.00774782
0.169515  2.78762  0.00773198
0.169642  2.78821  0.00771627
0.16977  2.78881  0.00770069
0.169897  2.7894  0.00768523
0.170025  2.78998  0.00766991
0.170153  2.79056  0.0076547
0.17028  2.79114  0.00763963
0.170408  2.79171  0.00762467
0.170535  2.79228  0.00760984
0.170663  2.79284  0.00759513
0.170791  2.7934  0.00758053
0.170918  2.79396  0.00756605
0.171046  2.79451  0.00755169
0.171173  2.79506  0.00753744
0.171301  2.79561  0.00752331
0.171429  2.79615  0.00750928
0.171556  2.79669  0.00749537
0.171684  2.79722  0.00748157
0.171812  2.79776  0.00746787
0.171939  2.79828  0.00745428
0.172067  2.79881  0.0074408
0.172194  2.79933  0.00742742
0.172322  2.79984  0.00741415
0.17245  2.80036  0.00740097
0.172577  2.80087  0.0073879
0.172705  2.80137  0.00737493
0.172832  2.80188  0.00736206
0.17296  2.80238  0.00734928
0.173088  2.80287  0.0073366
0.173215  2.80337  0.00732402
0.173343  2.80386  0.00731153
0.17347  2.80434  0.00729913
0.173598  2.80483  0.00728683
0.173726  2.80531  0.00727462
0.173853  2.80579  0.0072625
0.173981  2.80626  0.00725047
0.174108  2.80673  0.00723853
0.174236  2.8072  0.00722668
0.174364  2.80767  0.00721491
0.174491  2.80813  0.00720323
0.174619  2.80859  0.00719163
0.174746  2.80905  0.00718012
0.174874  2.8095  0.00716869
0.175002  2.80995  0.00715735
0.175129  2.8104  0.00714608
0.175257  2.81085  0.0071349
0.175384  2.81129  0.00712379
0.175512  2.81173  0.00711277
0.17564  2.81217  0.00710182
0.175767  2.8126  0.00709095
0.175895  2.81303  0.00708016
0.176023  2.81346  0.00706945
0.17615  2.81389  0.0070588
0.176278  2.81431  0.00704824
0.176405  2.81473  0.00703774
0.176533  2.81515  0.00702732
0.176661  2.81557  0.00701698
0.176788  2.81598  0.0070067
0.176916  2.81639  0.0069965
0.177043  2.8168  0.00698636
0.177171  2.81721  0.00697629
0.177299  2.81761  0.0069663
0.177426  2.81801  0.00695637
0.177554  2.81841  0.00694651
0.177681  2.81881  0.00693671
0.177809  2.8192  0.00692698
0.177937  2.8196  0.00691732
0.178064  2.81999  0.00690772
0.178192  2.82037  0.00689819
0.178319  2.82076  0.00688872
0.178447  2.82114  0.00687931
0.178575  2.82152  0.00686996
0.178702  2.8219  0.00686068
0.17883  2.82228  0.00685146
0.178957  2.82265  0.00684229
0.179085  2.82302  0.00683319
0.179213  2.82339  0.00682415
0.17934  2.82376  0.00681517
0.179468  2.82413  0.00680624
0.179595  2.82449  0.00679738
0.179723  2.82485  0.00678857
0.179851  2.82521  0.00677981
0.179978  2.82557  0.00677112
0.180106  2.82593  0.00676248
0.180234  2.82628  0.00675389
0.180361  2.82663  0.00674536
0.180489  2.82698  0.00673689
0.180616  2.82733  0.00672846
0.180744  2.82767  0.00672009
0.180872  2.82802  0.00671178
0.180999  2.82836  0.00670351
0.181127  2.8287  0.0066953
0.181254  2.82904  0.00668714
0.181382  2.82937  0.00667903
0.18151  2.82971  0.00667097
0.181637  2.83004  0.00666296
0.181765  2.83037  0.006655
0.181892  2.8307  0.00664709
0.18202  2.83102  0.00663923
0.182148  2.83135  0.00663142
0.182275  2.83167  0.00662365
0.182403  2.83199  0.00661593
0.18253  2.83231  0.00660826
0.182658  2.83263  0.00660064
0.182786  2.83295  0.00659306
0.182913  2.83326  0.00658553
0.183041  2.83358  0.00657804
0.183168  2.83389  0.0065706
0.183296  2.8342  0.0065632
0.183424  2.83451  0.00655585
0.183551  2.83481  0.00654854
0.183679  2.83512  0.00654127
0.183807  2.83542  0.00653405
0.183934  2.83572  0.00652687
0.184062  2.83602  0.00651973
0.184189  2.83632  0.00651264
0.184317  2.83662  0.00650559
0.184445  2.83691  0.00649857
0.184572  2.83721  0.0064916
0.1847  2.8375  0.00648467
0.184827  2.83779  0.00647778
0.184955  2.83808  0.00647093
0.185083  2.83837  0.00646412
0.18521  2.83865  0.00645735
0.185338  2.83894  0.00645062
0.185465  2.83922  0.00644393
0.185593  2.8395  0.00643727
0.185721  2.83978  0.00643066
0.185848  2.84006  0.00642408
0.185976  2.84034  0.00641754
0.186103  2.84062  0.00641103
0.186231  2.84089  0.00640457
0.186359  2.84117  0.00639813
0.186486  2.84144  0.00639174
0.186614  2.84171  0.00638538
0.186741  2.84198  0.00637906
0.186869  2.84225  0.00637277
0.186997  2.84251  0.00636652
0.187124  2.84278  0.0063603
0.187252  2.84304  0.00635412
0.187379  2.8433  0.00634797
0.187507  2.84357  0.00634186
0.187635  2.84383  0.00633578
0.187762  2.84409  0.00632973
0.18789  2.84434  0.00632372
0.188018  2.8446  0.00631774
0.188145  2.84485  0.00631179
0.188273  2.84511  0.00630587
0.1884  2.84536  0.00629999
0.188528  2.84561  0.00629414
0.188656  2.84586  0.00628832
0.188783  2.84611  0.00628253
0.188911  2.84636  0.00627678
0.189038  2.84661  0.00627105
0.189166  2.84685  0.00626536
0.189294  2.84709  0.00625969
0.189421  2.84734  0.00625406
0.189549  2.84758  0.00624845
0.189676  2.84782  0.00624288
0.189804  2.84806  0.00623734
0.189932  2.8483  0.00623182
0.190059  2.84853  0.00622634
0.190187  2.84877  0.00622088
0.190314  2.84901  0.00621545
0.190442  2.84924  0.00621005
0.19057  2.84947  0.00620468
0.190697  2.8497  0.00619934
0.190825  2.84993  0.00619402
0.190952  2.85016  0.00618874
0.19108  2.85039  0.00618348
0.191208  2.85062  0.00617824
0.191335  2.85085  0.00617304
0.191463  2.85107  0.00616786
0.19159  2.8513  0.00616271
0.191718  2.85152  0.00615758
0.191846  2.85174  0.00615248
0.191973  2.85196  0.00614741
0.192101  2.85218  0.00614236
0.192229  2.8524  0.00613734
0.192356  2.85262  0.00613235
0.192484  2.85284  0.00612738
0.192611  2.85305  0.00612243
0.192739  2.85327  0.00611751
0.192867  2.85348  0.00611262
0.192994  2.8537  0.00610775
0.193122  2.85391  0.0061029
0.193249  2.85412  0.00609808
0.193377  2.85433  0.00609328
0.193505  2.85454  0.00608851
0.193632  2.85475  0.00608376
0.19376  2.85495  0.00607903
0.193887  2.85516  0.00607433
0.194015  2.85537  0.00606965
0.194143  2.85557  0.006065
0.19427  2.85577  0.00606036
0.194398  2.85598  0.00605575
0.194525  2.85618  0.00605117
0.194653  2.85638  0.0060466
0.194781  2.85658  0.00604206
0.194908  2.85678  0.00603754
0.195036  2.85698  0.00603304
0.195163  2.85718  0.00602856
0.195291  2.85737  0.00602411
0.195419  2.85757  0.00601968
0.195546  2.85776  0.00601526
0.195674  2.85796  0.00601087
0.195802  2.85815  0.0060065
0.195929  2.85834  0.00600216
0.196057  2.85853  0.00599783
0.196184  2.85873  0.00599352
0.196312  2.85892  0.00598924
0.19644  2.8591  0.00598497
0.196567  2.85929  0.00598073
0.196695  2.85948  0.0059765
0.196822  2.85967  0.0059723
0.19695  2.85985  0.00596811
0.197078  2.86004  0.00596395
0.197205  2.86022  0.0059598
0.197333  2.86041  0.00595568
0.19746  2.86059  0.00595157
0.197588  2.86077  0.00594748
0.197716  2.86095  0.00594341
0.197843  2.86113  0.00593937
0.197971  2.86131  0.00593534
0.198098  2.86149  0.00593132
0.198226  2.86167  0.00592733
0.198354  2.86185  0.00592336
0.198481  2.86202  0.0059194
0.198609  2.8622  0.00591546
0.198736  2.86237  0.00591155
0.198864  2.86255  0.00590764
0.198992  2.86272  0.00590376
0.199119  2.86289  0.0058999
0.199247  2.86307  0.00589605
0.199374  2.86324  0.00589222
0.199502  2.86341  0.00588841
0.19963  2.86358  0.00588461
0.199757  2.86375  0.00588083
0.199885  2.86392  0.00587707
0.200013  2.86409  0.00587333
0.20014  2.86425  0.0058696
0.200268  2.86442  0.00586589
0.200395  2.86459  0.0058622
0.200523  2.86475  0.00585852
0.200651  2.86492  0.00585486
0.200778  2.86508  0.00585122
0.200906  2.86524  0.00584759
0.201033  2.86541  0.00584398
0.201161  2.86557  0.00584038
0.201289  2.86573  0.0058368
0.201416  2.86589  0.00583324
0.201544  2.86605  0.00582969
0.201671  2.86621  0.00582616
0.201799  2.86637  0.00582265
0.201927  2.86653  0.00581915
0.202054  2.86668  0.00581566
0.202182  2.86684  0.00581219
0.202309  2.867  0.00580874
0.202437  2.86715  0.0058053
0.202565  2.86731  0.00580187
0.202692  2.86746  0.00579846
0.20282  2.86761  0.00579507
0.202947  2.86777  0.00579169
0.203075  2.86792  0.00578832
0.203203  2.86807  0.00578497
0.20333  2.86822  0.00578164
0.203458  2.86837  0.00577832
0.203585  2.86852  0.00577501
0.203713  2.86867  0.00577172
0.203841  2.86882  0.00576844
0.203968  2.86897  0.00576517
0.204096  2.86912  0.00576192
0.204224  2.86927  0.00575869
0.204351  2.86941  0.00575546
0.204479  2.86956  0.00575225
0.204606  2.8697  0.00574906
0.204734  2.86985  0.00574588
0.204862  2.86999  0.00574271
0.204989  2.87014  0.00573955
0.205117  2.87028  0.00573641
0.205244  2.87042  0.00573328
0.205372  2.87057  0.00573017
0.2055  2.87071  0.00572707
0.205627  2.87085  0.00572398
0.205755  2.87099  0.0057209
0.205882  2.87113  0.00571784
0.20601  2.87127  0.00571479
0.206138  2.87141  0.00571175
0.206265  2.87155  0.00570873
0.206393  2.87168  0.00570571
0.20652  2.87182  0.00570271
0.206648  2.87196  0.00569973
0.206776  2.87209  0.00569675
0.206903  2.87223  0.00569379
0.207031  2.87237  0.00569084
0.207158  2.8725  0.0056879
0.207286  2.87263  0.00568497
0.207414  2.87277  0.00568206
0.207541  2.8729  0.00567916
0.207669  2.87303  0.00567627
0.207796  2.87317  0.00567339
0.207924  2.8733  0.00567052
0.208052  2.87343  0.00566767
0.208179  2.87356  0.00566482
0.208307  2.87369  0.00566199
0.208435  2.87382  0.00565917
0.208562  2.87395  0.00565636
0.20869  2.87408  0.00565356
0.208817  2.87421  0.00565078
0.208945  2.87434  0.005648
0.209073  2.87446  0.00564524
0.2092  2.87459  0.00564249
0.209328  2.87472  0.00563974
0.209455  2.87484  0.00563701
0.209583  2.87497  0.00563429
0.209711  2.87509  0.00563158
0.209838  2.87522  0.00562889
0.209966  2.87534  0.0056262
0.210093  2.87547  0.00562352
0.210221  2.87559  0.00562086
0.210349  2.87571  0.0056182
0.210476  2.87584  0.00561556
0.210604  2.87596  0.00561292
0.210731  2.87608  0.0056103
0.210859  2.8762  0.00560768
0.210987  2.87632  0.00560508
0.211114  2.87644  0.00560249
0.211242  2.87656  0.0055999
0.211369  2.87668  0.00559733
0.211497  2.8768  0.00559477
0.211625  2.87692  0.00559222
0.211752  2.87704  0.00558967
0.21188  2.87715  0.00558714
0.212008  2.87727  0.00558462
0.212135  2.87739  0.0055821
0.212263  2.8775  0.0055796
0.21239  2.87762  0.00557711
0.212518  2.87774  0.00557462
0.212646  2.87785  0.00557215
0.212773  2.87797  0.00556968
0.212901  2.87808  0.00556723
0.213028  2.87819  0.00556478
0.213156  2.87831  0.00556234
0.213284  2.87842  0.00555992
0.213411  2.87853  0.0055575
0.213539  2.87865  0.00555509
0.213666  2.87876  0.00555269
0.213794  2.87887  0.0055503
0.213922  2.87898  0.00554792
0.214049  2.87909  0.00554555
0.214177  2.8792  0.00554318
0.214304  2.87931  0.00554083
0.214432  2.87942  0.00553848
0.21456  2.87953  0.00553615
0.214687  2.87964  0.00553382
0.214815  2.87975  0.0055315
0.214942  2.87986  0.00552919
0.21507  2.87997  0.00552689
0.215198  2.88007  0.00552459
0.215325  2.88018  0.00552231
0.215453  2.88029  0.00552003
0.21558  2.88039  0.00551777
0.215708  2.8805  0.00551551
0.215836  2.88061  0.00551326
0.215963  2.88071  0.00551101
0.216091  2.88082  0.00550878
0.216219  2.88092  0.00550656
0.216346  2.88102  0.00550434
0.216474  2.88113  0.00550213
0.216601  2.88123  0.00549993
0.216729  2.88133  0.00549774
0.216857  2.88144  0.00549555
0.216984  2.88154  0.00549337
0.217112  2.88164  0.00549121
0.217239  2.88174  0.00548905
0.217367  2.88185  0.00548689
0.217495  2.88195  0.00548475
0.217622  2.88205  0.00548261
0.21775  2.88215  0.00548048
0.217877  2.88225  0.00547836
0.218005  2.88235  0.00547625
0.218133  2.88245  0.00547414
0.21826  2.88255  0.00547204
0.218388  2.88265  0.00546995
0.218515  2.88274  0.00546787
0.218643  2.88284  0.00546579
0.218771  2.88294  0.00546373
0.218898  2.88304  0.00546167
0.219026  2.88313  0.00545961
0.219153  2.88323  0.00545757
0.219281  2.88333  0.00545553
0.219409  2.88342  0.0054535
0.219536  2.88352  0.00545147
0.219664  2.88362  0.00544946
0.219791  2.88371  0.00544745
0.219919  2.88381  0.00544544
0.220047  2.8839  0.00544345
0.220174  2.88399  0.00544146
0.220302  2.88409  0.00543948
0.22043  2.88418  0.00543751
0.220557  2.88428  0.00543554
0.220685  2.88437  0.00543358
0.220812  2.88446  0.00543163
0.22094  2.88455  0.00542968
0.221068  2.88465  0.00542774
0.221195  2.88474  0.00542581
0.221323  2.88483  0.00542388
0.22145  2.88492  0.00542197
0.221578  2.88501  0.00542005
0.221706  2.8851  0.00541815
0.221833  2.88519  0.00541625
0.221961  2.88528  0.00541436
0.222088  2.88537  0.00541247
0.222216  2.88546  0.00541059
0.222344  2.88555  0.00540872
0.222471  2.88564  0.00540686
0.222599  2.88573  0.005405
0.222726  2.88582  0.00540314
0.222854  2.88591  0.0054013
0.222982  2.88599  0.00539946
0.223109  2.88608  0.00539762
0.223237  2.88617  0.0053958
0.223364  2.88626  0.00539398
0.223492  2.88634  0.00539216
0.22362  2.88643  0.00539035
0.223747  2.88652  0.00538855
0.223875  2.8866  0.00538675
0.224003  2.88669  0.00538496
0.22413  2.88677  0.00538318
0.224258  2.88686  0.0053814
0.224385  2.88694  0.00537963
0.224513  2.88703  0.00537787
0.224641  2.88711  0.00537611
0.224768  2.8872  0.00537435
0.224896  2.88728  0.00537261
0.225023  2.88736  0.00537086
0.225151  2.88745  0.00536913
0.225279  2.88753  0.0053674
0.225406  2.88761  0.00536567
0.225534  2.8877  0.00536396
0.225661  2.88778  0.00536224
0.225789  2.88786  0.00536054
0.225917  2.88794  0.00535884
0.226044  2.88802  0.00535714
0.226172  2.8881  0.00535545
0.226299  2.88819  0.00535377
0.226427  2.88827  0.00535209
0.226555  2.88835  0.00535042
0.226682  2.88843  0.00534875
0.22681  2.88851  0.00534709
0.226937  2.88859  0.00534543
0.227065  2.88867  0.00534378
0.227193  2.88875  0.00534214
0.22732  2.88882  0.0053405
0.227448  2.8889  0.00533887
0.227575  2.88898  0.00533724
0.227703  2.88906  0.00533562
0.227831  2.88914  0.005334
0.227958  2.88922  0.00533239
0.228086  2.88929  0.00533078
0.228214  2.88937  0.00532918
0.228341  2.88945  0.00532758
0.228469  2.88953  0.00532599
0.228596  2.8896  0.0053244
0.228724  2.88968  0.00532282
0.228852  2.88976  0.00532125
0.228979  2.88983  0.00531968
0.229107  2.88991  0.00531811
0.229234  2.88998  0.00531655
0.229362  2.89006  0.005315
0.22949  2.89013  0.00531345
0.229617  2.89021  0.0053119
0.229745  2.89028  0.00531036
0.229872  2.89036  0.00530883
0.23  2.89043  0.0053073
