279  -1.1228e-06  1.12314e-08
279.893  1.40164e-05  1.3985e-07
280.786  4.53102e-05  4.50928e-07
281.68  8.683e-05  8.61902e-07
282.573  0.000136499  1.3514e-06
283.466  0.000193163  1.90739e-06
284.359  0.00025606  2.52178e-06
285.253  0.00032464  3.18866e-06
286.146  0.000398477  3.90338e-06
287.039  0.000477235  4.66222e-06
287.932  0.000560638  5.46206e-06
288.826  0.000648452  6.30022e-06
289.719  0.00074048  7.1744e-06
290.612  0.000836551  8.08256e-06
291.505  0.000936513  9.02288e-06
292.399  0.00104024  9.99374e-06
293.292  0.0011476  1.09936e-05
294.185  0.0012585  1.20212e-05
295.078  0.00137283  1.30752e-05
295.972  0.00149052  1.41545e-05
296.865  0.00161148  1.5258e-05
297.758  0.00173565  1.63846e-05
298.651  0.00186294  1.75335e-05
299.545  0.00199331  1.87037e-05
300.438  0.00212669  1.98944e-05
301.331  0.00226304  2.11047e-05
302.224  0.0024023  2.23339e-05
303.118  0.00254442  2.35813e-05
304.011  0.00268938  2.48461e-05
304.904  0.00283711  2.61277e-05
305.797  0.0029876  2.74255e-05
306.691  0.0031408  2.87387e-05
307.584  0.00329669  3.00668e-05
308.477  0.00345522  3.14093e-05
309.37  0.00361638  3.27654e-05
310.264  0.00378013  3.41348e-05
311.157  0.00394646  3.55168e-05
312.05  0.00411533  3.69109e-05
312.943  0.00428672  3.83166e-05
313.837  0.00446062  3.97334e-05
314.73  0.004637  4.11609e-05
315.623  0.00481584  4.25985e-05
316.516  0.00499713  4.40458e-05
317.41  0.00518086  4.55023e-05
318.303  0.00536699  4.69676e-05
319.196  0.00555553  4.84413e-05
320.089  0.00574645  4.99228e-05
320.982  0.00593974  5.14118e-05
321.876  0.0061354  5.29078e-05
322.769  0.0063334  5.44105e-05
323.662  0.00653374  5.59193e-05
324.555  0.00673641  5.7434e-05
325.449  0.0069414  5.89541e-05
326.342  0.00714871  6.04792e-05
327.235  0.00735831  6.2009e-05
328.128  0.00757021  6.35429e-05
329.022  0.00778439  6.50807e-05
329.915  0.00800086  6.6622e-05
330.808  0.0082196  6.81663e-05
331.701  0.00844062  6.97133e-05
332.595  0.00866389  7.12627e-05
333.488  0.00888943  7.2814e-05
334.381  0.00911723  7.43669e-05
335.274  0.00934727  7.5921e-05
336.168  0.00957957  7.7476e-05
337.061  0.00981412  7.90315e-05
337.954  0.0100509  8.05871e-05
338.847  0.0102899  8.21424e-05
339.741  0.0105312  8.36972e-05
340.634  0.0107747  8.5251e-05
341.527  0.0110205  8.68035e-05
342.42  0.0112685  8.83543e-05
343.314  0.0115187  8.99032e-05
344.207  0.0117712  9.14496e-05
345.1  0.0120259  9.29933e-05
345.993  0.0122828  9.4534e-05
346.887  0.012542  9.60712e-05
347.78  0.0128034  9.76046e-05
348.673  0.0130671  9.91339e-05
349.566  0.013333  0.000100659
350.46  0.0136012  0.000102179
351.353  0.0138716  0.000103694
352.246  0.0141443  0.000105203
353.139  0.0144192  0.000106706
354.033  0.0146964  0.000108204
354.926  0.0149758  0.000109694
355.819  0.0152576  0.000111178
356.712  0.0155415  0.000112655
357.606  0.0158278  0.000114124
358.499  0.0161164  0.000115585
359.392  0.0164072  0.000117037
360.285  0.0167003  0.000118482
361.178  0.0169957  0.000119917
362.072  0.0172934  0.000121343
362.965  0.0175935  0.000122759
363.858  0.0178958  0.000124165
364.751  0.0182005  0.000125561
365.645  0.0185075  0.000126947
366.538  0.0188168  0.000128321
367.431  0.0191285  0.000129684
368.324  0.0194425  0.000131036
369.218  0.0197588  0.000132376
370.111  0.0200776  0.000133703
371.004  0.0203987  0.000135018
371.897  0.0207221  0.00013632
372.791  0.021048  0.000137608
373.684  0.0213763  0.000138884
374.577  0.0217069  0.000140145
375.47  0.02204  0.000141392
376.364  0.0223755  0.000142625
377.257  0.0227134  0.000143843
378.15  0.0230538  0.000145046
379.043  0.0233966  0.000146234
379.937  0.0237419  0.000147406
380.83  0.0240897  0.000148563
381.723  0.0244399  0.000149703
382.616  0.0247926  0.000150827
383.51  0.0251479  0.000151934
384.403  0.0255056  0.000153025
385.296  0.0258659  0.000154098
386.189  0.0262287  0.000155155
387.083  0.0265941  0.000156193
387.976  0.026962  0.000157214
388.869  0.0273325  0.000158218
389.762  0.0277056  0.000159203
390.656  0.0280813  0.00016017
391.549  0.0284595  0.000161118
392.442  0.0288405  0.000162048
393.335  0.029224  0.00016296
394.229  0.0296102  0.000163853
395.122  0.0299991  0.000164727
396.015  0.0303906  0.000165582
396.908  0.0307849  0.000166419
397.802  0.0311818  0.000167237
398.695  0.0315815  0.000168036
399.588  0.0319839  0.000168816
400.481  0.0323891  0.000169577
401.374  0.032797  0.00017032
402.268  0.0332077  0.000171045
403.161  0.0336212  0.000171751
404.054  0.0340375  0.000172439
404.947  0.0344567  0.00017311
405.841  0.0348787  0.000173763
406.734  0.0353035  0.000174398
407.627  0.0357313  0.000175017
408.52  0.0361619  0.000175619
409.414  0.0365955  0.000176206
410.307  0.037032  0.000176777
411.2  0.0374714  0.000177334
412.093  0.0379138  0.000177876
412.987  0.0383592  0.000178405
413.88  0.0388076  0.000178921
414.773  0.039259  0.000179425
415.666  0.0397134  0.000179918
416.56  0.040171  0.000180402
417.453  0.0406316  0.000180877
418.346  0.0410953  0.000181344
419.239  0.0415621  0.000181805
420.133  0.0420321  0.000182261
421.026  0.0425052  0.000182713
421.919  0.0429815  0.000183163
422.812  0.043461  0.000183613
423.706  0.0439438  0.000184065
424.599  0.0444298  0.00018452
425.492  0.0449191  0.00018498
426.385  0.0454116  0.000185448
427.279  0.0459075  0.000185926
428.172  0.0464067  0.000186416
429.065  0.0469093  0.000186921
429.958  0.0474153  0.000187443
430.852  0.0479246  0.000187986
431.745  0.0484374  0.000188553
432.638  0.0489537  0.000189146
433.531  0.0494734  0.000189769
434.425  0.0499967  0.000190425
435.318  0.0505235  0.000191119
436.211  0.0510538  0.000191853
437.104  0.0515878  0.000192632
437.997  0.0521253  0.00019346
438.891  0.0526665  0.000194341
439.784  0.0532113  0.000195279
440.677  0.0537598  0.00019628
441.57  0.0543121  0.000197347
442.464  0.0548681  0.000198486
443.357  0.0554279  0.000199702
444.25  0.0559915  0.000200999
445.143  0.0565589  0.000202382
446.037  0.0571302  0.000203858
446.93  0.0577053  0.000205431
447.823  0.0582844  0.000207107
448.716  0.0588675  0.000208891
449.61  0.0594545  0.000210789
450.503  0.0600456  0.000212806
451.396  0.0606407  0.000214948
452.289  0.0612399  0.00021722
453.183  0.0618432  0.000219628
454.076  0.0624506  0.000222178
454.969  0.0630623  0.000224874
455.862  0.0636781  0.000227722
456.756  0.0642982  0.000230728
457.649  0.0649226  0.000233897
458.542  0.0655512  0.000237233
459.435  0.0661843  0.000240742
460.329  0.0668217  0.000244429
461.222  0.0674636  0.000248299
462.115  0.0681099  0.000252355
463.008  0.0687607  0.000256604
463.902  0.0694161  0.000261048
464.795  0.070076  0.000265693
465.688  0.0707406  0.000270542
466.581  0.0714098  0.0002756
467.475  0.0720837  0.00028087
468.368  0.0727623  0.000286357
469.261  0.0734457  0.000292064
470.154  0.074134  0.000297995
471.048  0.0748271  0.000304152
471.941  0.0755251  0.000310541
472.834  0.076228  0.000317163
473.727  0.0769359  0.000324023
474.621  0.0776489  0.000331123
475.514  0.0783669  0.000338467
476.407  0.0790901  0.000346058
477.3  0.0798184  0.0003539
478.193  0.080552  0.000361995
479.087  0.0812908  0.000370346
479.98  0.0820349  0.000378957
480.873  0.0827844  0.000387831
481.766  0.0835393  0.000396971
482.66  0.0842996  0.000406381
483.553  0.0850655  0.000416063
484.446  0.0858369  0.000426021
485.339  0.0866139  0.000436259
486.233  0.0873966  0.000446779
487.126  0.088185  0.000457586
488.019  0.0889792  0.000468682
488.912  0.0897792  0.000480072
489.806  0.090585  0.000491759
490.699  0.0913968  0.000503747
491.592  0.0922146  0.00051604
492.485  0.0930385  0.000528642
493.379  0.0938684  0.000541557
494.272  0.0947046  0.000554789
495.165  0.0955469  0.000568343
496.058  0.0963955  0.000582223
496.952  0.0972505  0.000596432
497.845  0.0981119  0.000610977
498.738  0.0989798  0.000625862
499.631  0.0998541  0.000641091
500.525  0.100735  0.00065667
501.418  0.101623  0.000672603
502.311  0.102517  0.000688896
503.204  0.103418  0.000705555
504.098  0.104326  0.000722584
504.991  0.105241  0.000739989
505.884  0.106163  0.000757776
506.777  0.107093  0.000775952
507.671  0.108029  0.000794521
508.564  0.108972  0.000813491
509.457  0.109923  0.000832867
510.35  0.110881  0.000852656
511.244  0.111847  0.000872864
512.137  0.11282  0.000893499
513.03  0.113801  0.000914567
513.923  0.114789  0.000936076
514.817  0.115785  0.000958032
515.71  0.116789  0.000980443
516.603  0.117801  0.00100332
517.496  0.118821  0.00102666
518.389  0.119849  0.00105048
519.283  0.120886  0.00107479
520.176  0.12193  0.0010996
521.069  0.122983  0.0011249
521.962  0.124045  0.00115072
522.856  0.125114  0.00117706
523.749  0.126193  0.00120393
524.642  0.12728  0.00123134
525.535  0.128377  0.00125929
526.429  0.129482  0.00128781
527.322  0.130596  0.00131689
528.215  0.131719  0.00134655
529.108  0.132851  0.0013768
530.002  0.133993  0.00140765
530.895  0.135145  0.00143911
531.788  0.136305  0.00147119
532.681  0.137476  0.0015039
533.575  0.138656  0.00153725
534.468  0.139846  0.00157126
535.361  0.141046  0.00160594
536.254  0.142256  0.00164129
537.148  0.143477  0.00167734
538.041  0.144708  0.00171409
538.934  0.145949  0.00175157
539.827  0.147201  0.00178977
540.721  0.148463  0.00182871
541.614  0.149736  0.00186842
542.507  0.151021  0.0019089
543.4  0.152316  0.00195016
544.294  0.153623  0.00199223
545.187  0.154941  0.00203512
546.08  0.15627  0.00207884
546.973  0.157611  0.00212341
547.867  0.158964  0.00216884
548.76  0.160329  0.00221516
549.653  0.161705  0.00226237
550.546  0.163094  0.00231051
551.44  0.164496  0.00235957
552.333  0.16591  0.00240959
553.226  0.167336  0.00246058
554.119  0.168775  0.00251256
555.013  0.170228  0.00256554
555.906  0.171693  0.00261956
556.799  0.173172  0.00267462
557.692  0.174664  0.00273076
558.585  0.17617  0.00278798
559.479  0.177689  0.00284632
560.372  0.179223  0.00290579
561.265  0.180771  0.00296642
562.158  0.182333  0.00302823
563.052  0.183909  0.00309125
563.945  0.185501  0.00315549
564.838  0.187107  0.00322098
565.731  0.188728  0.00328775
566.625  0.190365  0.00335583
567.518  0.192017  0.00342523
568.411  0.193685  0.003496
569.304  0.195369  0.00356815
570.198  0.197068  0.00364171
571.091  0.198784  0.00371671
571.984  0.200517  0.00379319
572.877  0.202267  0.00387116
573.771  0.204033  0.00395067
574.664  0.205817  0.00403175
575.557  0.207618  0.00411442
576.45  0.209436  0.00419873
577.344  0.211273  0.00428469
578.237  0.213128  0.00437236
579.13  0.215001  0.00446176
580.023  0.216893  0.00455294
580.917  0.218804  0.00464592
581.81  0.220734  0.00474075
582.703  0.222684  0.00483746
583.596  0.224653  0.0049361
584.49  0.226642  0.00503671
585.383  0.228652  0.00513933
586.276  0.230682  0.00524399
587.169  0.232733  0.00535076
588.063  0.234805  0.00545966
588.956  0.236899  0.00557075
589.849  0.239014  0.00568407
590.742  0.241152  0.00579968
591.636  0.243312  0.00591761
592.529  0.245494  0.00603793
593.422  0.2477  0.00616068
594.315  0.249929  0.00628592
595.209  0.252182  0.00641369
596.102  0.254459  0.00654407
596.995  0.25676  0.0066771
597.888  0.259086  0.00681283
598.781  0.261437  0.00695134
599.675  0.263814  0.00709269
600.568  0.266217  0.00723692
601.461  0.268646  0.00738412
602.354  0.271102  0.00753434
603.248  0.273585  0.00768766
604.141  0.276095  0.00784413
605.034  0.278633  0.00800384
605.927  0.2812  0.00816685
606.821  0.283796  0.00833324
607.714  0.28642  0.00850308
608.607  0.289075  0.00867646
609.5  0.291759  0.00885344
610.394  0.294474  0.00903412
611.287  0.297221  0.00921858
612.18  0.299998  0.00940689
613.073  0.302808  0.00959916
613.967  0.305651  0.00979547
614.86  0.308526  0.0099959
615.753  0.311435  0.0102006
616.646  0.314379  0.0104095
617.54  0.317357  0.0106229
618.433  0.32037  0.0108409
619.326  0.323419  0.0110634
620.219  0.326504  0.0112907
621.113  0.329626  0.0115228
622.006  0.332786  0.0117599
622.899  0.335984  0.012002
623.792  0.33922  0.0122493
624.686  0.342497  0.0125019
625.579  0.345813  0.01276
626.472  0.349169  0.0130235
627.365  0.352567  0.0132928
628.259  0.356008  0.0135678
629.152  0.35949  0.0138488
630.045  0.363017  0.0141359
630.938  0.366587  0.0144292
631.832  0.370202  0.0147288
632.725  0.373863  0.015035
633.618  0.37757  0.0153478
634.511  0.381324  0.0156674
635.405  0.385127  0.015994
636.298  0.388978  0.0163277
637.191  0.392878  0.0166686
638.084  0.396829  0.0170171
638.977  0.400831  0.0173731
639.871  0.404885  0.017737
640.764  0.408992  0.0181088
641.657  0.413152  0.0184888
642.55  0.417368  0.0188772
643.444  0.421639  0.019274
644.337  0.425967  0.0196796
645.23  0.430352  0.0200941
646.123  0.434796  0.0205178
647.017  0.439299  0.0209507
647.91  0.443862  0.0213932
648.803  0.448487  0.0218454
649.696  0.453175  0.0223076
650.59  0.457926  0.02278
651.483  0.462742  0.0232627
652.376  0.467624  0.0237561
653.269  0.472573  0.0242604
654.163  0.477589  0.0247757
655.056  0.482675  0.0253023
655.949  0.48783  0.0258405
656.842  0.493058  0.0263905
657.736  0.498358  0.0269525
658.629  0.503731  0.0275268
659.522  0.50918  0.0281137
660.415  0.514705  0.0287133
661.309  0.520308  0.029326
662.202  0.525989  0.029952
663.095  0.531751  0.0305916
663.988  0.537594  0.0312449
664.882  0.543519  0.0319124
665.775  0.549529  0.0325941
666.668  0.555624  0.0332905
667.561  0.561806  0.0340017
668.455  0.568076  0.034728
669.348  0.574435  0.0354697
670.241  0.580885  0.0362269
671.134  0.587428  0.0370001
672.028  0.594064  0.0377893
672.921  0.600795  0.0385949
673.814  0.607623  0.0394171
674.707  0.614548  0.0402561
675.601  0.621573  0.0411121
676.494  0.628699  0.0419854
677.387  0.635927  0.0428762
678.28  0.643258  0.0437847
679.173  0.650695  0.0447109
680.067  0.658238  0.0456553
680.96  0.665889  0.0466178
681.853  0.673649  0.0475986
682.746  0.68152  0.0485979
683.64  0.689502  0.0496158
684.533  0.697598  0.0506523
685.426  0.705809  0.0517076
686.319  0.714136  0.0527816
687.213  0.72258  0.0538745
688.106  0.731143  0.0549862
688.999  0.739825  0.0561167
689.892  0.748628  0.0572658
690.786  0.757553  0.0584337
691.679  0.766602  0.05962
692.572  0.775774  0.0608246
693.465  0.785072  0.0620474
694.359  0.794495  0.0632881
695.252  0.804046  0.0645463
696.145  0.813724  0.0658219
697.038  0.823531  0.0671144
697.932  0.833466  0.0684233
698.825  0.843531  0.0697482
699.718  0.853726  0.0710886
700.611  0.864052  0.0724439
701.505  0.874508  0.0738134
702.398  0.885095  0.0751965
703.291  0.895812  0.0765924
704.184  0.90666  0.0780002
705.078  0.917639  0.079419
705.971  0.928748  0.080848
706.864  0.939986  0.0822861
707.757  0.951354  0.0837321
708.651  0.962849  0.0851851
709.544  0.974472  0.0866437
710.437  0.986221  0.0881066
711.33  0.998095  0.0895726
712.224  1.01009  0.0910402
713.117  1.02221  0.0925079
714.01  1.03445  0.0939742
714.903  1.04681  0.0954375
715.796  1.05928  0.0968962
716.69  1.07187  0.0983485
717.583  1.08457  0.0997928
718.476  1.09738  0.101227
719.369  1.11029  0.10265
720.263  1.12331  0.104059
721.156  1.13642  0.105452
722.049  1.14963  0.106828
722.942  1.16294  0.108185
723.836  1.17633  0.10952
724.729  1.18981  0.110832
725.622  1.20336  0.112119
726.515  1.217  0.113379
727.409  1.2307  0.11461
728.302  1.24447  0.115809
729.195  1.25831  0.116976
730.088  1.2722  0.118108
730.982  1.28614  0.119204
731.875  1.30013  0.120262
732.768  1.31416  0.12128
733.661  1.32823  0.122257
734.555  1.34233  0.123191
735.448  1.35645  0.124081
736.341  1.3706  0.124925
737.234  1.38475  0.125723
738.128  1.39892  0.126473
739.021  1.41309  0.127175
739.914  1.42725  0.127827
740.807  1.44141  0.128429
741.701  1.45555  0.128981
742.594  1.46967  0.129481
743.487  1.48377  0.129929
744.38  1.49783  0.130326
745.274  1.51186  0.13067
746.167  1.52585  0.130963
747.06  1.53979  0.131204
747.953  1.55368  0.131394
748.847  1.5675  0.131532
749.74  1.58127  0.13162
750.633  1.59497  0.131658
751.526  1.6086  0.131647
752.42  1.62215  0.131587
753.313  1.63562  0.131479
754.206  1.649  0.131326
755.099  1.6623  0.131126
755.992  1.67551  0.130882
756.886  1.68861  0.130595
757.779  1.70162  0.130267
758.672  1.71453  0.129897
759.565  1.72733  0.129489
760.459  1.74002  0.129043
761.352  1.7526  0.12856
762.245  1.76507  0.128043
763.138  1.77742  0.127492
764.032  1.78965  0.12691
764.925  1.80176  0.126297
765.818  1.81375  0.125655
766.711  1.82561  0.124986
767.605  1.83735  0.124292
768.498  1.84897  0.123573
769.391  1.86046  0.122831
770.284  1.87182  0.122068
771.178  1.88305  0.121285
772.071  1.89415  0.120484
772.964  1.90512  0.119665
773.857  1.91596  0.118831
774.751  1.92667  0.117982
775.644  1.93725  0.11712
776.537  1.9477  0.116246
777.43  1.95802  0.115361
778.324  1.9682  0.114467
779.217  1.97826  0.113565
780.11  1.98819  0.112655
781.003  1.99799  0.111739
781.897  2.00767  0.110817
782.79  2.01721  0.109891
783.683  2.02663  0.108962
784.576  2.03592  0.108029
785.47  2.04509  0.107096
786.363  2.05413  0.106161
787.256  2.06305  0.105226
788.149  2.07185  0.104291
789.043  2.08053  0.103358
789.936  2.08909  0.102426
790.829  2.09753  0.101497
791.722  2.10585  0.10057
792.616  2.11406  0.0996471
793.509  2.12216  0.098728
794.402  2.13014  0.0978133
795.295  2.13801  0.0969034
796.188  2.14576  0.0959987
797.082  2.15341  0.0950996
797.975  2.16096  0.0942064
798.868  2.16839  0.0933194
799.761  2.17572  0.0924389
800.655  2.18295  0.0915653
801.548  2.19008  0.0906987
802.441  2.1971  0.0898393
803.334  2.20403  0.0889874
804.228  2.21086  0.0881431
805.121  2.21759  0.0873067
806.014  2.22423  0.0864782
806.907  2.23077  0.0856577
807.801  2.23723  0.0848455
808.694  2.24359  0.0840415
809.587  2.24986  0.0832459
810.48  2.25605  0.0824587
811.374  2.26215  0.0816801
812.267  2.26816  0.08091
813.16  2.27409  0.0801484
814.053  2.27994  0.0793955
814.947  2.2857  0.0786511
815.84  2.29139  0.0779154
816.733  2.297  0.0771883
817.626  2.30253  0.0764698
818.52  2.30798  0.0757599
819.413  2.31336  0.0750585
820.306  2.31867  0.0743657
821.199  2.32391  0.0736814
822.093  2.32907  0.0730055
822.986  2.33416  0.072338
823.879  2.33919  0.0716789
824.772  2.34414  0.071028
825.666  2.34903  0.0703854
826.559  2.35386  0.069751
827.452  2.35862  0.0691246
828.345  2.36331  0.0685063
829.239  2.36795  0.0678959
830.132  2.37252  0.0672935
831.025  2.37704  0.0666988
831.918  2.38149  0.0661118
832.812  2.38589  0.0655325
833.705  2.39022  0.0649607
834.598  2.39451  0.0643965
835.491  2.39873  0.0638396
836.384  2.40291  0.06329
837.278  2.40702  0.0627476
838.171  2.41109  0.0622124
839.064  2.41511  0.0616842
839.957  2.41907  0.0611629
840.851  2.42298  0.0606486
841.744  2.42685  0.060141
842.637  2.43066  0.0596401
843.53  2.43443  0.0591458
844.424  2.43815  0.058658
845.317  2.44183  0.0581766
846.21  2.44546  0.0577016
847.103  2.44904  0.0572328
847.997  2.45258  0.0567702
848.89  2.45608  0.0563137
849.783  2.45954  0.0558631
850.676  2.46295  0.0554185
851.57  2.46632  0.0549797
852.463  2.46966  0.0545466
853.356  2.47295  0.0541192
854.249  2.4762  0.0536973
855.143  2.47942  0.053281
856.036  2.48259  0.05287
856.929  2.48573  0.0524644
857.822  2.48884  0.052064
858.716  2.4919  0.0516689
859.609  2.49494  0.0512788
860.502  2.49793  0.0508937
861.395  2.50089  0.0505136
862.289  2.50382  0.0501383
863.182  2.50672  0.0497679
864.075  2.50958  0.0494021
864.968  2.51241  0.0490411
865.862  2.51521  0.0486846
866.755  2.51797  0.0483326
867.648  2.52071  0.0479851
868.541  2.52341  0.0476419
869.435  2.52609  0.0473031
870.328  2.52874  0.0469685
871.221  2.53135  0.0466381
872.114  2.53394  0.0463118
873.008  2.5365  0.0459895
873.901  2.53903  0.0456713
874.794  2.54154  0.045357
875.687  2.54402  0.0450465
876.58  2.54647  0.0447399
877.474  2.5489  0.044437
878.367  2.5513  0.0441378
879.26  2.55367  0.0438423
880.153  2.55602  0.0435503
881.047  2.55835  0.0432619
881.94  2.56065  0.0429769
882.833  2.56293  0.0426954
883.726  2.56518  0.0424173
884.62  2.56741  0.0421424
885.513  2.56962  0.0418709
886.406  2.5718  0.0416025
887.299  2.57397  0.0413374
888.193  2.57611  0.0410753
889.086  2.57823  0.0408163
889.979  2.58033  0.0405604
890.872  2.58241  0.0403075
891.766  2.58446  0.0400574
892.659  2.5865  0.0398103
893.552  2.58852  0.0395661
894.445  2.59051  0.0393246
895.339  2.59249  0.0390859
896.232  2.59445  0.03885
897.125  2.59639  0.0386167
898.018  2.59831  0.0383861
898.912  2.60021  0.038158
899.805  2.6021  0.0379326
900.698  2.60396  0.0377097
901.591  2.60581  0.0374892
902.485  2.60764  0.0372713
903.378  2.60946  0.0370557
904.271  2.61125  0.0368425
905.164  2.61304  0.0366317
906.058  2.6148  0.0364232
906.951  2.61655  0.036217
907.844  2.61828  0.036013
908.737  2.61999  0.0358112
909.631  2.62169  0.0356117
910.524  2.62338  0.0354142
911.417  2.62505  0.0352189
912.31  2.6267  0.0350257
913.204  2.62834  0.0348346
914.097  2.62997  0.0346454
914.99  2.63158  0.0344583
915.883  2.63317  0.0342732
916.776  2.63476  0.03409
917.67  2.63632  0.0339087
918.563  2.63788  0.0337293
919.456  2.63942  0.0335517
920.349  2.64095  0.033376
921.243  2.64246  0.0332021
922.136  2.64396  0.03303
923.029  2.64545  0.0328597
923.922  2.64693  0.0326911
924.816  2.64839  0.0325242
925.709  2.64984  0.032359
926.602  2.65128  0.0321954
927.495  2.65271  0.0320335
928.389  2.65412  0.0318733
929.282  2.65553  0.0317146
930.175  2.65692  0.0315575
931.068  2.6583  0.0314019
931.962  2.65967  0.0312479
932.855  2.66103  0.0310953
933.748  2.66237  0.0309443
934.641  2.66371  0.0307947
935.535  2.66503  0.0306466
936.428  2.66635  0.0304999
937.321  2.66765  0.0303547
938.214  2.66895  0.0302108
939.108  2.67023  0.0300682
940.001  2.6715  0.0299271
940.894  2.67277  0.0297873
941.787  2.67402  0.0296487
942.681  2.67526  0.0295115
943.574  2.6765  0.0293756
944.467  2.67772  0.0292409
945.36  2.67894  0.0291075
946.254  2.68014  0.0289753
947.147  2.68134  0.0288443
948.04  2.68253  0.0287146
948.933  2.6837  0.028586
949.827  2.68487  0.0284585
950.72  2.68604  0.0283323
951.613  2.68719  0.0282071
952.506  2.68833  0.0280831
953.399  2.68947  0.0279602
954.293  2.69059  0.0278383
955.186  2.69171  0.0277176
956.079  2.69282  0.0275979
956.972  2.69393  0.0274792
957.866  2.69502  0.0273616
958.759  2.69611  0.027245
959.652  2.69719  0.0271295
960.545  2.69826  0.0270149
961.439  2.69932  0.0269013
962.332  2.70038  0.0267886
963.225  2.70143  0.0266769
964.118  2.70247  0.0265662
965.012  2.7035  0.0264563
965.905  2.70453  0.0263474
966.798  2.70555  0.0262394
967.691  2.70657  0.0261323
968.585  2.70757  0.026026
969.478  2.70857  0.0259207
970.371  2.70957  0.0258161
971.264  2.71055  0.0257124
972.158  2.71153  0.0256096
973.051  2.71251  0.0255075
973.944  2.71348  0.0254063
974.837  2.71444  0.0253058
975.731  2.71539  0.0252062
976.624  2.71634  0.0251073
977.517  2.71729  0.0250091
978.41  2.71823  0.0249117
979.304  2.71916  0.024815
980.197  2.72008  0.0247191
981.09  2.72101  0.0246238
981.983  2.72192  0.0245292
982.877  2.72283  0.0244353
983.77  2.72374  0.0243421
984.663  2.72464  0.0242495
985.556  2.72553  0.0241575
986.45  2.72642  0.0240661
987.343  2.72731  0.0239753
988.236  2.72819  0.023885
989.129  2.72907  0.0237953
990.023  2.72995  0.023706
990.916  2.73082  0.023617
991.809  2.73169  0.023528
992.702  2.73256  0.0234395
993.595  2.73343  0.0233517
994.489  2.73428  0.0232648
995.382  2.73513  0.0231787
996.275  2.73598  0.0230933
997.168  2.73682  0.0230086
998.062  2.73765  0.0229248
998.955  2.73848  0.0228416
999.848  2.7393  0.0227592
1000.74  2.74011  0.0226775
1001.63  2.74092  0.0225965
1002.53  2.74172  0.0225162
1003.42  2.74252  0.0224366
1004.31  2.74331  0.0223577
1005.21  2.74409  0.0222795
1006.1  2.74487  0.0222019
1006.99  2.74565  0.022125
1007.89  2.74641  0.0220487
1008.78  2.74718  0.0219731
1009.67  2.74793  0.0218982
1010.57  2.74869  0.0218238
1011.46  2.74943  0.0217501
1012.35  2.75017  0.021677
1013.25  2.75091  0.0216045
1014.14  2.75164  0.0215327
1015.03  2.75237  0.0214614
1015.93  2.75309  0.0213907
1016.82  2.75381  0.0213205
1017.71  2.75452  0.021251
1018.61  2.75522  0.021182
1019.5  2.75593  0.0211136
1020.39  2.75662  0.0210457
1021.29  2.75731  0.0209784
1022.18  2.758  0.0209117
1023.07  2.75868  0.0208454
1023.97  2.75936  0.0207797
1024.86  2.76004  0.0207145
1025.75  2.76071  0.0206499
1026.65  2.76137  0.0205857
1027.54  2.76203  0.0205221
1028.43  2.76269  0.020459
1029.33  2.76334  0.0203963
1030.22  2.76399  0.0203342
1031.11  2.76463  0.0202725
1032.01  2.76527  0.0202113
1032.9  2.7659  0.0201506
1033.79  2.76653  0.0200904
1034.68  2.76716  0.0200306
1035.58  2.76778  0.0199713
1036.47  2.7684  0.0199124
1037.36  2.76901  0.019854
1038.26  2.76962  0.019796
1039.15  2.77023  0.0197385
1040.04  2.77083  0.0196814
1040.94  2.77143  0.0196248
1041.83  2.77203  0.0195685
1042.72  2.77262  0.0195127
1043.62  2.77321  0.0194573
1044.51  2.77379  0.0194024
1045.4  2.77437  0.0193478
1046.3  2.77495  0.0192936
1047.19  2.77552  0.0192399
1048.08  2.77609  0.0191865
1048.98  2.77665  0.0191335
1049.87  2.77722  0.0190809
1050.76  2.77778  0.0190287
1051.66  2.77833  0.0189769
1052.55  2.77888  0.0189255
1053.44  2.77943  0.0188744
1054.34  2.77998  0.0188237
1055.23  2.78052  0.0187733
1056.12  2.78106  0.0187234
1057.02  2.78159  0.0186737
1057.91  2.78212  0.0186245
1058.8  2.78265  0.0185756
1059.7  2.78318  0.018527
1060.59  2.7837  0.0184788
1061.48  2.78422  0.0184309
1062.38  2.78474  0.0183833
1063.27  2.78525  0.0183361
1064.16  2.78576  0.0182892
1065.06  2.78627  0.0182427
1065.95  2.78677  0.0181964
1066.84  2.78727  0.0181505
1067.73  2.78777  0.0181049
1068.63  2.78827  0.0180597
1069.52  2.78876  0.0180147
1070.41  2.78925  0.01797
1071.31  2.78974  0.0179257
1072.2  2.79022  0.0178816
1073.09  2.7907  0.0178379
1073.99  2.79118  0.0177944
1074.88  2.79166  0.0177513
1075.77  2.79213  0.0177084
1076.67  2.7926  0.0176658
1077.56  2.79307  0.0176235
1078.45  2.79353  0.0175815
1079.35  2.794  0.0175398
1080.24  2.79445  0.0174983
1081.13  2.79491  0.0174572
1082.03  2.79537  0.0174162
1082.92  2.79582  0.0173756
1083.81  2.79627  0.0173352
1084.71  2.79671  0.0172951
1085.6  2.79716  0.0172553
1086.49  2.7976  0.0172157
1087.39  2.79804  0.0171764
1088.28  2.79848  0.0171373
1089.17  2.79891  0.0170985
1090.07  2.79934  0.01706
1090.96  2.79977  0.0170217
1091.85  2.8002  0.0169836
1092.75  2.80063  0.0169458
1093.64  2.80105  0.0169082
1094.53  2.80147  0.0168708
1095.43  2.80189  0.0168337
1096.32  2.8023  0.0167969
1097.21  2.80272  0.0167602
1098.11  2.80313  0.0167238
1099  2.80354  0.0166877
1099.89  2.80395  0.0166517
1100.78  2.80435  0.016616
1101.68  2.80475  0.0165805
1102.57  2.80515  0.0165452
1103.46  2.80555  0.0165102
1104.36  2.80595  0.0164753
1105.25  2.80634  0.0164407
1106.14  2.80674  0.0164063
1107.04  2.80713  0.0163721
1107.93  2.80751  0.0163381
1108.82  2.8079  0.0163043
1109.72  2.80828  0.0162708
1110.61  2.80867  0.0162374
1111.5  2.80905  0.0162042
1112.4  2.80942  0.0161713
1113.29  2.8098  0.0161385
1114.18  2.81017  0.0161059
1115.08  2.81055  0.0160736
1115.97  2.81092  0.0160414
1116.86  2.81129  0.0160094
1117.76  2.81165  0.0159776
1118.65  2.81202  0.015946
1119.54  2.81238  0.0159146
1120.44  2.81274  0.0158834
1121.33  2.8131  0.0158523
1122.22  2.81346  0.0158215
1123.12  2.81381  0.0157908
1124.01  2.81417  0.0157603
1124.9  2.81452  0.01573
1125.8  2.81487  0.0156998
1126.69  2.81522  0.0156699
1127.58  2.81556  0.0156401
1128.48  2.81591  0.0156105
1129.37  2.81625  0.015581
1130.26  2.81659  0.0155517
1131.16  2.81693  0.0155226
1132.05  2.81727  0.0154937
1132.94  2.81761  0.0154649
1133.83  2.81794  0.0154363
1134.73  2.81827  0.0154079
1135.62  2.81861  0.0153796
1136.51  2.81894  0.0153514
1137.41  2.81926  0.0153235
1138.3  2.81959  0.0152957
1139.19  2.81992  0.015268
1140.09  2.82024  0.0152405
1140.98  2.82056  0.0152132
1141.87  2.82088  0.015186
1142.77  2.8212  0.015159
1143.66  2.82152  0.0151321
1144.55  2.82183  0.0151054
1145.45  2.82215  0.0150788
1146.34  2.82246  0.0150523
1147.23  2.82277  0.0150261
1148.13  2.82308  0.0149999
1149.02  2.82339  0.0149739
1149.91  2.8237  0.0149481
1150.81  2.824  0.0149223
1151.7  2.8243  0.0148968
1152.59  2.82461  0.0148713
1153.49  2.82491  0.014846
1154.38  2.82521  0.0148209
1155.27  2.82551  0.0147958
1156.17  2.8258  0.014771
1157.06  2.8261  0.0147462
1157.95  2.82639  0.0147216
1158.85  2.82669  0.0146971
1159.74  2.82698  0.0146727
1160.63  2.82727  0.0146485
1161.53  2.82756  0.0146244
1162.42  2.82784  0.0146004
1163.31  2.82813  0.0145766
1164.21  2.82841  0.0145529
1165.1  2.8287  0.0145293
1165.99  2.82898  0.0145058
1166.88  2.82926  0.0144825
1167.78  2.82954  0.0144593
1168.67  2.82982  0.0144362
1169.56  2.83009  0.0144132
1170.46  2.83037  0.0143903
1171.35  2.83064  0.0143676
1172.24  2.83092  0.014345
1173.14  2.83119  0.0143225
1174.03  2.83146  0.0143001
1174.92  2.83173  0.0142778
1175.82  2.832  0.0142557
1176.71  2.83227  0.0142336
1177.6  2.83253  0.0142117
1178.5  2.8328  0.0141899
1179.39  2.83306  0.0141682
1180.28  2.83332  0.0141466
1181.18  2.83358  0.0141251
1182.07  2.83384  0.0141037
1182.96  2.8341  0.0140825
1183.86  2.83436  0.0140613
1184.75  2.83462  0.0140403
1185.64  2.83487  0.0140193
1186.54  2.83513  0.0139985
1187.43  2.83538  0.0139778
1188.32  2.83563  0.0139571
1189.22  2.83588  0.0139366
1190.11  2.83613  0.0139162
1191  2.83638  0.0138958
1191.9  2.83663  0.0138756
1192.79  2.83688  0.0138555
1193.68  2.83712  0.0138355
1194.58  2.83737  0.0138156
1195.47  2.83761  0.0137957
1196.36  2.83785  0.013776
1197.26  2.83809  0.0137564
1198.15  2.83833  0.0137368
1199.04  2.83857  0.0137174
1199.93  2.83881  0.0136981
1200.83  2.83905  0.0136788
1201.72  2.83929  0.0136597
1202.61  2.83952  0.0136406
1203.51  2.83976  0.0136216
1204.4  2.83999  0.0136027
1205.29  2.84022  0.013584
1206.19  2.84045  0.0135653
1207.08  2.84068  0.0135467
1207.97  2.84091  0.0135281
1208.87  2.84114  0.0135097
1209.76  2.84137  0.0134914
1210.65  2.8416  0.0134731
1211.55  2.84182  0.0134549
1212.44  2.84205  0.0134369
1213.33  2.84227  0.0134189
1214.23  2.84249  0.013401
1215.12  2.84272  0.0133831
1216.01  2.84294  0.0133654
1216.91  2.84316  0.0133477
1217.8  2.84338  0.0133302
1218.69  2.84359  0.0133127
1219.59  2.84381  0.0132952
1220.48  2.84403  0.0132779
1221.37  2.84424  0.0132607
1222.27  2.84446  0.0132435
1223.16  2.84467  0.0132264
1224.05  2.84489  0.0132094
1224.95  2.8451  0.0131925
1225.84  2.84531  0.0131756
1226.73  2.84552  0.0131588
1227.63  2.84573  0.0131421
1228.52  2.84594  0.0131255
1229.41  2.84615  0.013109
1230.31  2.84635  0.0130925
1231.2  2.84656  0.0130761
1232.09  2.84676  0.0130598
1232.98  2.84697  0.0130435
1233.88  2.84717  0.0130274
1234.77  2.84738  0.0130113
1235.66  2.84758  0.0129952
1236.56  2.84778  0.0129793
1237.45  2.84798  0.0129634
1238.34  2.84818  0.0129476
1239.24  2.84838  0.0129319
1240.13  2.84858  0.0129162
1241.02  2.84877  0.0129006
1241.92  2.84897  0.0128851
1242.81  2.84917  0.0128696
1243.7  2.84936  0.0128542
1244.6  2.84956  0.0128389
1245.49  2.84975  0.0128236
1246.38  2.84994  0.0128084
1247.28  2.85014  0.0127933
1248.17  2.85033  0.0127783
1249.06  2.85052  0.0127633
1249.96  2.85071  0.0127483
1250.85  2.8509  0.0127335
1251.74  2.85108  0.0127187
1252.64  2.85127  0.012704
1253.53  2.85146  0.0126893
1254.42  2.85165  0.0126747
1255.32  2.85183  0.0126602
1256.21  2.85202  0.0126457
1257.1  2.8522  0.0126313
1258  2.85238  0.0126169
1258.89  2.85257  0.0126027
1259.78  2.85275  0.0125884
1260.68  2.85293  0.0125743
1261.57  2.85311  0.0125602
1262.46  2.85329  0.0125461
1263.36  2.85347  0.0125321
1264.25  2.85365  0.0125182
1265.14  2.85383  0.0125044
1266.04  2.854  0.0124906
1266.93  2.85418  0.0124768
1267.82  2.85435  0.0124631
1268.71  2.85453  0.0124495
1269.61  2.8547  0.0124359
1270.5  2.85488  0.0124224
1271.39  2.85505  0.012409
1272.29  2.85522  0.0123956
1273.18  2.8554  0.0123822
1274.07  2.85557  0.0123689
1274.97  2.85574  0.0123557
1275.86  2.85591  0.0123425
1276.75  2.85608  0.0123294
1277.65  2.85625  0.0123163
1278.54  2.85641  0.0123033
1279.43  2.85658  0.0122903
1280.33  2.85675  0.0122774
1281.22  2.85692  0.0122646
1282.11  2.85708  0.0122518
1283.01  2.85725  0.012239
1283.9  2.85741  0.0122263
1284.79  2.85758  0.0122137
1285.69  2.85774  0.0122011
1286.58  2.8579  0.0121886
1287.47  2.85806  0.0121761
1288.37  2.85822  0.0121636
1289.26  2.85839  0.0121513
1290.15  2.85855  0.0121389
1291.05  2.85871  0.0121266
1291.94  2.85887  0.0121144
1292.83  2.85902  0.0121022
1293.73  2.85918  0.0120901
1294.62  2.85934  0.012078
1295.51  2.8595  0.012066
1296.41  2.85965  0.012054
1297.3  2.85981  0.012042
1298.19  2.85996  0.0120301
1299.09  2.86012  0.0120183
1299.98  2.86027  0.0120065
1300.87  2.86043  0.0119947
1301.76  2.86058  0.011983
1302.66  2.86073  0.0119714
1303.55  2.86088  0.0119597
1304.44  2.86104  0.0119482
1305.34  2.86119  0.0119367
1306.23  2.86134  0.0119252
1307.12  2.86149  0.0119138
1308.02  2.86164  0.0119024
1308.91  2.86179  0.011891
1309.8  2.86193  0.0118797
1310.7  2.86208  0.0118685
1311.59  2.86223  0.0118573
1312.48  2.86238  0.0118461
1313.38  2.86252  0.011835
1314.27  2.86267  0.0118239
1315.16  2.86281  0.0118129
1316.06  2.86296  0.0118019
1316.95  2.8631  0.0117909
1317.84  2.86325  0.01178
1318.74  2.86339  0.0117692
1319.63  2.86353  0.0117583
1320.52  2.86367  0.0117476
1321.42  2.86382  0.0117368
1322.31  2.86396  0.0117261
1323.2  2.8641  0.0117155
1324.1  2.86424  0.0117049
1324.99  2.86438  0.0116943
1325.88  2.86452  0.0116837
1326.78  2.86466  0.0116732
1327.67  2.86479  0.0116628
1328.56  2.86493  0.0116524
1329.46  2.86507  0.011642
1330.35  2.86521  0.0116317
1331.24  2.86534  0.0116214
1332.14  2.86548  0.0116111
1333.03  2.86561  0.0116009
1333.92  2.86575  0.0115907
1334.81  2.86588  0.0115806
1335.71  2.86602  0.0115705
1336.6  2.86615  0.0115604
1337.49  2.86629  0.0115504
1338.39  2.86642  0.0115404
1339.28  2.86655  0.0115304
1340.17  2.86668  0.0115205
1341.07  2.86681  0.0115106
1341.96  2.86695  0.0115008
1342.85  2.86708  0.011491
1343.75  2.86721  0.0114812
1344.64  2.86734  0.0114715
1345.53  2.86747  0.0114618
1346.43  2.8676  0.0114521
1347.32  2.86772  0.0114425
1348.21  2.86785  0.0114329
1349.11  2.86798  0.0114233
1350  2.86811  0.0114138
