279  -1.04304e-06  2.85042e-08
279.893  1.30203e-05  3.5584e-07
280.786  4.20887e-05  1.15034e-06
281.68  8.06536e-05  2.20452e-06
282.573  0.000126785  3.46566e-06
283.466  0.00017941  4.90448e-06
284.359  0.000237821  6.50165e-06
285.253  0.000301504  8.24317e-06
286.146  0.000370066  1.01183e-05
287.039  0.000443193  1.21185e-05
287.932  0.000520628  1.42367e-05
288.826  0.000602153  1.6467e-05
289.719  0.000687585  1.88044e-05
290.612  0.000776765  2.12446e-05
291.505  0.000869551  2.37838e-05
292.399  0.00096582  2.64185e-05
293.292  0.00106546  2.91457e-05
294.185  0.00116838  3.19629e-05
295.078  0.00127448  3.48675e-05
295.972  0.00138369  3.78573e-05
296.865  0.00149592  4.09303e-05
297.758  0.00161112  4.40847e-05
298.651  0.00172921  4.73187e-05
299.545  0.00185015  5.06309e-05
300.438  0.00197387  5.40198e-05
301.331  0.00210034  5.74839e-05
302.224  0.0022295  6.10222e-05
303.118  0.00236131  6.46333e-05
304.011  0.00249573  6.83164e-05
304.904  0.00263272  7.20702e-05
305.797  0.00277226  7.58939e-05
306.691  0.0029143  7.97866e-05
307.584  0.00305882  8.37475e-05
308.477  0.00320578  8.77758e-05
309.37  0.00335517  9.18707e-05
310.264  0.00350695  9.60316e-05
311.157  0.0036611  0.000100258
312.05  0.0038176  0.000104549
312.943  0.00397642  0.000108904
313.837  0.00413756  0.000113322
314.73  0.00430098  0.000117804
315.623  0.00446667  0.000122348
316.516  0.00463462  0.000126955
317.41  0.0048048  0.000131623
318.303  0.00497721  0.000136352
319.196  0.00515182  0.000141142
320.089  0.00532864  0.000145993
320.982  0.00550763  0.000150904
321.876  0.0056888  0.000155875
322.769  0.00587213  0.000160906
323.662  0.00605761  0.000165996
324.555  0.00624522  0.000171145
325.449  0.00643497  0.000176353
326.342  0.00662685  0.000181619
327.235  0.00682083  0.000186944
328.128  0.00701693  0.000192327
329.022  0.00721512  0.000197767
329.915  0.00741541  0.000203266
330.808  0.00761779  0.000208822
331.701  0.00782225  0.000214436
332.595  0.00802878  0.000220107
333.488  0.00823739  0.000225836
334.381  0.00844807  0.000231621
335.274  0.00866081  0.000237464
336.168  0.00887561  0.000243363
337.061  0.00909248  0.000249319
337.954  0.00931139  0.000255332
338.847  0.00953236  0.000261402
339.741  0.00975538  0.000267528
340.634  0.00998045  0.000273711
341.527  0.0102076  0.000279951
342.42  0.0104367  0.000286247
343.314  0.0106679  0.000292599
344.207  0.0109012  0.000299008
345.1  0.0111365  0.000305474
345.993  0.0113739  0.000311996
346.887  0.0116133  0.000318574
347.78  0.0118547  0.00032521
348.673  0.0120982  0.000331901
349.566  0.0123437  0.000338649
350.46  0.0125913  0.000345454
351.353  0.012841  0.000352316
352.246  0.0130927  0.000359234
353.139  0.0133464  0.00036621
354.033  0.0136022  0.000373242
354.926  0.0138601  0.000380331
355.819  0.0141201  0.000387477
356.712  0.0143821  0.00039468
357.606  0.0146461  0.00040194
358.499  0.0149123  0.000409258
359.392  0.0151805  0.000416633
360.285  0.0154509  0.000424065
361.178  0.0157233  0.000431556
362.072  0.0159978  0.000439104
362.965  0.0162744  0.000446709
363.858  0.0165531  0.000454373
364.751  0.0168339  0.000462095
365.645  0.0171168  0.000469876
366.538  0.0174018  0.000477715
367.431  0.017689  0.000485612
368.324  0.0179783  0.000493568
369.218  0.0182697  0.000501583
370.111  0.0185632  0.000509658
371.004  0.018859  0.000517791
371.897  0.0191568  0.000525984
372.791  0.0194568  0.000534237
373.684  0.019759  0.000542549
374.577  0.0200634  0.000550922
375.47  0.02037  0.000559355
376.364  0.0206787  0.000567848
377.257  0.0209897  0.000576402
378.15  0.0213028  0.000585016
379.043  0.0216182  0.000593692
379.937  0.0219358  0.000602429
380.83  0.0222556  0.000611228
381.723  0.0225777  0.000620088
382.616  0.022902  0.000629011
383.51  0.0232286  0.000637996
384.403  0.0235574  0.000647043
385.296  0.0238885  0.000656153
386.189  0.0242219  0.000665326
387.083  0.0245576  0.000674562
387.976  0.0248957  0.000683862
388.869  0.025236  0.000693226
389.762  0.0255786  0.000702654
390.656  0.0259236  0.000712147
391.549  0.026271  0.000721704
392.442  0.0266207  0.000731326
393.335  0.0269728  0.000741013
394.229  0.0273272  0.000750766
395.122  0.0276841  0.000760585
396.015  0.0280433  0.00077047
396.908  0.028405  0.000780421
397.802  0.0287691  0.00079044
398.695  0.0291357  0.000800525
399.588  0.0295047  0.000810678
400.481  0.0298761  0.000820899
401.374  0.0302501  0.000831189
402.268  0.0306265  0.000841546
403.161  0.0310055  0.000851973
404.054  0.0313869  0.000862469
404.947  0.031771  0.000873034
405.841  0.0321575  0.00088367
406.734  0.0325466  0.000894376
407.627  0.0329383  0.000905152
408.52  0.0333326  0.000916
409.414  0.0337294  0.000926919
410.307  0.0341289  0.000937911
411.2  0.0345311  0.000948974
412.093  0.0349358  0.00096011
412.987  0.0353433  0.00097132
413.88  0.0357534  0.000982602
414.773  0.0361662  0.000993959
415.666  0.0365818  0.00100539
416.56  0.037  0.0010169
417.453  0.037421  0.00102848
418.346  0.0378448  0.00104013
419.239  0.0382713  0.00105187
420.133  0.0387007  0.00106368
421.026  0.0391328  0.00107556
421.919  0.0395678  0.00108753
422.812  0.0400056  0.00109957
423.706  0.0404463  0.00111169
424.599  0.0408899  0.00112389
425.492  0.0413364  0.00113617
426.385  0.0417858  0.00114853
427.279  0.0422382  0.00116097
428.172  0.0426935  0.00117349
429.065  0.0431517  0.00118609
429.958  0.043613  0.00119877
430.852  0.0440773  0.00121154
431.745  0.0445447  0.00122439
432.638  0.0450151  0.00123732
433.531  0.0454885  0.00125034
434.425  0.0459651  0.00126344
435.318  0.0464448  0.00127663
436.211  0.0469277  0.0012899
437.104  0.0474137  0.00130326
437.997  0.0479029  0.00131671
438.891  0.0483953  0.00133024
439.784  0.0488909  0.00134386
440.677  0.0493898  0.00135757
441.57  0.049892  0.00137137
442.464  0.0503974  0.00138526
443.357  0.0509062  0.00139924
444.25  0.0514184  0.00141331
445.143  0.0519339  0.00142747
446.037  0.0524528  0.00144173
446.93  0.0529751  0.00145608
447.823  0.0535009  0.00147052
448.716  0.0540302  0.00148506
449.61  0.0545629  0.00149969
450.503  0.0550992  0.00151441
451.396  0.055639  0.00152924
452.289  0.0561824  0.00154416
453.183  0.0567295  0.00155918
454.076  0.0572801  0.00157429
454.969  0.0578344  0.00158951
455.862  0.0583924  0.00160482
456.756  0.0589541  0.00162024
457.649  0.0595195  0.00163576
458.542  0.0600888  0.00165138
459.435  0.0606618  0.0016671
460.329  0.0612386  0.00168293
461.222  0.0618193  0.00169886
462.115  0.062404  0.00171489
463.008  0.0629925  0.00173104
463.902  0.063585  0.00174729
464.795  0.0641815  0.00176364
465.688  0.0647819  0.00178011
466.581  0.0653865  0.00179668
467.475  0.0659951  0.00181336
468.368  0.0666079  0.00183016
469.261  0.0672248  0.00184707
470.154  0.0678458  0.00186409
471.048  0.0684711  0.00188122
471.941  0.0691007  0.00189847
472.834  0.0697345  0.00191583
473.727  0.0703727  0.00193331
474.621  0.0710152  0.0019509
475.514  0.0716621  0.00196862
476.407  0.0723135  0.00198645
477.3  0.0729693  0.0020044
478.193  0.0736296  0.00202248
479.087  0.0742945  0.00204067
479.98  0.074964  0.00205899
480.873  0.0756381  0.00207743
481.766  0.0763168  0.002096
482.66  0.0770003  0.00211469
483.553  0.0776885  0.00213351
484.446  0.0783815  0.00215245
485.339  0.0790793  0.00217153
486.233  0.079782  0.00219074
487.126  0.0804896  0.00221007
488.019  0.0812022  0.00222954
488.912  0.0819198  0.00224914
489.806  0.0826424  0.00226888
490.699  0.0833701  0.00228875
491.592  0.084103  0.00230876
492.485  0.084841  0.0023289
493.379  0.0855843  0.00234919
494.272  0.0863328  0.00236961
495.165  0.0870867  0.00239018
496.058  0.087846  0.00241088
496.952  0.0886107  0.00243173
497.845  0.0893808  0.00245273
498.738  0.0901565  0.00247387
499.631  0.0909377  0.00249516
500.525  0.0917246  0.0025166
501.418  0.0925172  0.00253818
502.311  0.0933155  0.00255992
503.204  0.0941196  0.00258181
504.098  0.0949295  0.00260386
504.991  0.0957454  0.00262606
505.884  0.0965672  0.00264841
506.777  0.097395  0.00267092
507.671  0.0982288  0.0026936
508.564  0.0990689  0.00271643
509.457  0.099915  0.00273942
510.35  0.100767  0.00276258
511.244  0.101626  0.0027859
512.137  0.102491  0.00280939
513.03  0.103363  0.00283304
513.923  0.104241  0.00285687
514.817  0.105126  0.00288086
515.71  0.106017  0.00290503
516.603  0.106915  0.00292937
517.496  0.107819  0.00295389
518.389  0.108731  0.00297858
519.283  0.109649  0.00300345
520.176  0.110575  0.00302851
521.069  0.111507  0.00305374
521.962  0.112447  0.00307916
522.856  0.113393  0.00310476
523.749  0.114347  0.00313055
524.642  0.115308  0.00315652
525.535  0.116277  0.00318269
526.429  0.117253  0.00320905
527.322  0.118237  0.0032356
528.215  0.119228  0.00326234
529.108  0.120227  0.00328929
530.002  0.121234  0.00331643
530.895  0.122249  0.00334377
531.788  0.123271  0.00337132
532.681  0.124302  0.00339907
533.575  0.125341  0.00342703
534.468  0.126388  0.00345519
535.361  0.127443  0.00348357
536.254  0.128507  0.00351215
537.148  0.129579  0.00354096
538.041  0.13066  0.00356997
538.934  0.13175  0.00359921
539.827  0.132848  0.00362867
540.721  0.133955  0.00365834
541.614  0.135071  0.00368825
542.507  0.136196  0.00371838
543.4  0.137331  0.00374873
544.294  0.138474  0.00377932
545.187  0.139627  0.00381014
546.08  0.140789  0.0038412
546.973  0.141961  0.00387249
547.867  0.143143  0.00390403
548.76  0.144334  0.0039358
549.653  0.145536  0.00396782
550.546  0.146747  0.00400009
551.44  0.147968  0.0040326
552.333  0.1492  0.00406537
553.226  0.150442  0.00409839
554.119  0.151695  0.00413166
555.013  0.152958  0.0041652
555.906  0.154232  0.00419899
556.799  0.155516  0.00423305
557.692  0.156812  0.00426738
558.585  0.158119  0.00430197
559.479  0.159437  0.00433683
560.372  0.160766  0.00437197
561.265  0.162107  0.00440739
562.158  0.163459  0.00444308
563.052  0.164824  0.00447905
563.945  0.1662  0.00451531
564.838  0.167588  0.00455186
565.731  0.168989  0.00458869
566.625  0.170402  0.00462582
567.518  0.171827  0.00466325
568.411  0.173265  0.00470097
569.304  0.174716  0.00473899
570.198  0.17618  0.00477732
571.091  0.177657  0.00481595
571.984  0.179147  0.00485489
572.877  0.180651  0.00489415
573.771  0.182168  0.00493372
574.664  0.183699  0.0049736
575.557  0.185244  0.00501382
576.45  0.186804  0.00505435
577.344  0.188377  0.00509521
578.237  0.189965  0.00513641
579.13  0.191568  0.00517793
580.023  0.193186  0.0052198
580.917  0.194819  0.005262
581.81  0.196467  0.00530455
582.703  0.19813  0.00534744
583.596  0.19981  0.00539069
584.49  0.201505  0.00543428
585.383  0.203216  0.00547823
586.276  0.204943  0.00552255
587.169  0.206687  0.00556722
588.063  0.208448  0.00561226
588.956  0.210226  0.00565767
589.849  0.21202  0.00570345
590.742  0.213833  0.00574961
591.636  0.215662  0.00579615
592.529  0.21751  0.00584307
593.422  0.219376  0.00589037
594.315  0.22126  0.00593807
595.209  0.223163  0.00598615
596.102  0.225085  0.00603464
596.995  0.227026  0.00608352
597.888  0.228986  0.00613281
598.781  0.230966  0.0061825
599.675  0.232965  0.0062326
600.568  0.234985  0.00628312
601.461  0.237026  0.00633405
602.354  0.239087  0.0063854
603.248  0.241169  0.00643717
604.141  0.243273  0.00648938
605.034  0.245398  0.00654201
605.927  0.247545  0.00659507
606.821  0.249715  0.00664857
607.714  0.251907  0.00670251
608.607  0.254122  0.0067569
609.5  0.25636  0.00681173
610.394  0.258622  0.00686701
611.287  0.260908  0.00692274
612.18  0.263218  0.00697892
613.073  0.265552  0.00703557
613.967  0.267912  0.00709268
614.86  0.270297  0.00715025
615.753  0.272708  0.00720829
616.646  0.275144  0.0072668
617.54  0.277608  0.00732578
618.433  0.280098  0.00738524
619.326  0.282615  0.00744518
620.219  0.28516  0.0075056
621.113  0.287734  0.0075665
622.006  0.290335  0.00762789
622.899  0.292966  0.00768976
623.792  0.295626  0.00775212
624.686  0.298316  0.00781498
625.579  0.301036  0.00787833
626.472  0.303787  0.00794217
627.365  0.306569  0.00800651
628.259  0.309383  0.00807135
629.152  0.312229  0.00813668
630.045  0.315108  0.00820252
630.938  0.31802  0.00826885
631.832  0.320966  0.00833569
632.725  0.323946  0.00840303
633.618  0.32696  0.00847086
634.511  0.33001  0.0085392
635.405  0.333096  0.00860804
636.298  0.336218  0.00867739
637.191  0.339378  0.00874722
638.084  0.342575  0.00881756
638.977  0.34581  0.00888839
639.871  0.349083  0.00895972
640.764  0.352397  0.00903154
641.657  0.35575  0.00910384
642.55  0.359144  0.00917663
643.444  0.362579  0.0092499
644.337  0.366057  0.00932365
645.23  0.369577  0.00939787
646.123  0.37314  0.00947256
647.017  0.376748  0.00954771
647.91  0.3804  0.00962332
648.803  0.384097  0.00969938
649.696  0.387841  0.00977587
650.59  0.391632  0.0098528
651.483  0.395471  0.00993016
652.376  0.399358  0.0100079
653.269  0.403295  0.0100861
654.163  0.407282  0.0101647
655.056  0.411319  0.0102436
655.949  0.415409  0.0103229
656.842  0.419551  0.0104026
657.736  0.423746  0.0104826
658.629  0.427996  0.010563
659.522  0.432302  0.0106436
660.415  0.436663  0.0107246
661.309  0.441082  0.0108058
662.202  0.445558  0.0108872
663.095  0.450094  0.0109689
663.988  0.454689  0.0110508
664.882  0.459346  0.0111329
665.775  0.464064  0.0112152
666.668  0.468846  0.0112975
667.561  0.473691  0.01138
668.455  0.478601  0.0114626
669.348  0.483578  0.0115452
670.241  0.488621  0.0116278
671.134  0.493733  0.0117103
672.028  0.498915  0.0117928
672.921  0.504166  0.0118752
673.814  0.50949  0.0119575
674.707  0.514886  0.0120395
675.601  0.520356  0.0121214
676.494  0.525901  0.0122029
677.387  0.531522  0.0122841
678.28  0.537221  0.012365
679.173  0.542999  0.0124453
680.067  0.548856  0.0125252
680.96  0.554795  0.0126045
681.853  0.560816  0.0126832
682.746  0.566921  0.0127612
683.64  0.573111  0.0128385
684.533  0.579387  0.0129149
685.426  0.585751  0.0129904
686.319  0.592204  0.0130649
687.213  0.598746  0.0131383
688.106  0.60538  0.0132106
688.999  0.612107  0.0132816
689.892  0.618928  0.0133513
690.786  0.625845  0.0134195
691.679  0.632858  0.0134862
692.572  0.639969  0.0135513
693.465  0.64718  0.0136146
694.359  0.654491  0.013676
695.252  0.661904  0.0137355
696.145  0.669421  0.0137928
697.038  0.677042  0.0138479
697.932  0.684769  0.0139007
698.825  0.692603  0.013951
699.718  0.700545  0.0139986
700.611  0.708597  0.0140435
701.505  0.716759  0.0140854
702.398  0.725033  0.0141243
703.291  0.733421  0.01416
704.184  0.741922  0.0141923
705.078  0.750539  0.0142211
705.971  0.759272  0.0142462
706.864  0.768122  0.0142674
707.757  0.77709  0.0142846
708.651  0.786177  0.0142975
709.544  0.795384  0.0143061
710.437  0.804712  0.0143101
711.33  0.814161  0.0143093
712.224  0.823732  0.0143036
713.117  0.833425  0.0142928
714.01  0.843242  0.0142767
714.903  0.853182  0.0142551
715.796  0.863245  0.0142279
716.69  0.873433  0.0141947
717.583  0.883744  0.0141556
718.476  0.89418  0.0141102
719.369  0.904739  0.0140584
720.263  0.915422  0.014
721.156  0.926229  0.0139348
722.049  0.937159  0.0138628
722.942  0.948211  0.0137836
723.836  0.959385  0.0136972
724.729  0.970679  0.0136035
725.622  0.982094  0.0135022
726.515  0.993627  0.0133932
727.409  1.00528  0.0132765
728.302  1.01704  0.0131519
729.195  1.02893  0.0130193
730.088  1.04092  0.0128786
730.982  1.05302  0.0127298
731.875  1.06524  0.0125728
732.768  1.07756  0.0124076
733.661  1.08998  0.0122342
734.555  1.10251  0.0120526
735.448  1.11513  0.0118627
736.341  1.12785  0.0116648
737.234  1.14066  0.0114587
738.128  1.15356  0.0112446
739.021  1.16655  0.0110227
739.914  1.17962  0.010793
740.807  1.19277  0.0105557
741.701  1.20599  0.0103112
742.594  1.21928  0.0100595
743.487  1.23264  0.00980088
744.38  1.24606  0.00953575
745.274  1.25954  0.0092644
746.167  1.27308  0.00898718
747.06  1.28666  0.00870453
747.953  1.30028  0.00841688
748.847  1.31394  0.00812476
749.74  1.32764  0.00782871
750.633  1.34136  0.00752936
751.526  1.35511  0.00722738
752.42  1.36888  0.00692355
753.313  1.38266  0.0066187
754.206  1.39644  0.0063138
755.099  1.41023  0.00600992
755.992  1.42402  0.00570831
756.886  1.4378  0.00541036
757.779  1.45156  0.00511771
758.672  1.46531  0.00483226
759.565  1.47903  0.00455623
760.459  1.49273  0.0042922
761.352  1.50639  0.00404321
762.245  1.52001  0.00381274
763.138  1.53358  0.00360476
764.032  1.54711  0.00342362
764.925  1.56059  0.00327385
765.818  1.57401  0.00315979
766.711  1.58736  0.0030851
767.605  1.60065  0.00305216
768.498  1.61387  0.00306165
769.391  1.62701  0.00311235
770.284  1.64007  0.00320136
771.178  1.65305  0.00332455
772.071  1.66595  0.00347716
772.964  1.67875  0.00365435
773.857  1.69147  0.00385152
774.751  1.70408  0.00406457
775.644  1.7166  0.00428994
776.537  1.72902  0.0045246
777.43  1.74133  0.00476602
778.324  1.75354  0.00501211
779.217  1.76563  0.00526111
780.11  1.77762  0.00551157
781.003  1.78949  0.0057623
781.897  1.80125  0.0060123
782.79  1.8129  0.00626073
783.683  1.82442  0.0065069
784.576  1.83583  0.00675022
785.47  1.84712  0.0069902
786.363  1.85828  0.00722644
787.256  1.86933  0.00745859
788.149  1.88025  0.00768637
789.043  1.89105  0.00790956
789.936  1.90172  0.00812794
790.829  1.91227  0.00834138
791.722  1.9227  0.00854974
792.616  1.93301  0.00875294
793.509  1.94319  0.00895089
794.402  1.95324  0.00914357
795.295  1.96318  0.00933093
796.188  1.97298  0.00951296
797.082  1.98267  0.00968967
797.975  1.99224  0.00986107
798.868  2.00168  0.0100272
799.761  2.011  0.0101881
800.655  2.0202  0.0103438
801.548  2.02928  0.0104943
802.441  2.03824  0.0106398
803.334  2.04709  0.0107803
804.228  2.05581  0.0109159
805.121  2.06443  0.0110466
806.014  2.07292  0.0111726
806.907  2.0813  0.0112939
807.801  2.08957  0.0114106
808.694  2.09773  0.0115228
809.587  2.10578  0.0116306
810.48  2.11372  0.0117342
811.374  2.12155  0.0118335
812.267  2.12927  0.0119287
813.16  2.13689  0.01202
814.053  2.1444  0.0121073
814.947  2.15181  0.0121908
815.84  2.15912  0.0122706
816.733  2.16633  0.0123469
817.626  2.17343  0.0124196
818.52  2.18044  0.0124888
819.413  2.18736  0.0125548
820.306  2.19418  0.0126176
821.199  2.2009  0.0126772
822.093  2.20754  0.0127338
822.986  2.21408  0.0127874
823.879  2.22053  0.0128382
824.772  2.22689  0.0128862
825.666  2.23317  0.0129315
826.559  2.23936  0.0129742
827.452  2.24546  0.0130144
828.345  2.25148  0.0130522
829.239  2.25742  0.0130876
830.132  2.26328  0.0131207
831.025  2.26906  0.0131516
831.918  2.27476  0.0131804
832.812  2.28038  0.0132071
833.705  2.28592  0.0132318
834.598  2.29139  0.0132546
835.491  2.29679  0.0132755
836.384  2.30212  0.0132946
837.278  2.30737  0.013312
838.171  2.31255  0.0133277
839.064  2.31767  0.0133418
839.957  2.32271  0.0133543
840.851  2.32769  0.0133653
841.744  2.33261  0.0133749
842.637  2.33745  0.013383
843.53  2.34224  0.0133899
844.424  2.34696  0.0133954
845.317  2.35162  0.0133997
846.21  2.35622  0.0134027
847.103  2.36076  0.0134047
847.997  2.36524  0.0134055
848.89  2.36966  0.0134052
849.783  2.37403  0.0134039
850.676  2.37834  0.0134016
851.57  2.38259  0.0133983
852.463  2.38679  0.0133941
853.356  2.39094  0.0133891
854.249  2.39504  0.0133831
855.143  2.39908  0.0133764
856.036  2.40307  0.0133689
856.929  2.40701  0.0133607
857.822  2.41091  0.0133517
858.716  2.41475  0.013342
859.609  2.41855  0.0133317
860.502  2.4223  0.0133207
861.395  2.426  0.0133091
862.289  2.42966  0.013297
863.182  2.43328  0.0132842
864.075  2.43685  0.013271
864.968  2.44038  0.0132572
865.862  2.44386  0.0132429
866.755  2.4473  0.0132282
867.648  2.4507  0.013213
868.541  2.45407  0.0131974
869.435  2.45739  0.0131814
870.328  2.46067  0.013165
871.221  2.46391  0.0131482
872.114  2.46712  0.0131311
873.008  2.47029  0.0131136
873.901  2.47342  0.0130958
874.794  2.47651  0.0130777
875.687  2.47957  0.0130593
876.58  2.48259  0.0130407
877.474  2.48558  0.0130218
878.367  2.48854  0.0130026
879.26  2.49146  0.0129832
880.153  2.49435  0.0129635
881.047  2.49721  0.0129437
881.94  2.50003  0.0129236
882.833  2.50282  0.0129034
883.726  2.50558  0.012883
884.62  2.50831  0.0128624
885.513  2.51101  0.0128417
886.406  2.51369  0.0128208
887.299  2.51633  0.0127998
888.193  2.51894  0.0127786
889.086  2.52152  0.0127574
889.979  2.52408  0.012736
890.872  2.52661  0.0127145
891.766  2.52911  0.0126929
892.659  2.53159  0.0126712
893.552  2.53404  0.0126495
894.445  2.53646  0.0126277
895.339  2.53886  0.0126058
896.232  2.54123  0.0125838
897.125  2.54357  0.0125618
898.018  2.5459  0.0125398
898.912  2.5482  0.0125177
899.805  2.55047  0.0124956
900.698  2.55272  0.0124734
901.591  2.55495  0.0124512
902.485  2.55716  0.012429
903.378  2.55934  0.0124068
904.271  2.5615  0.0123845
905.164  2.56364  0.0123623
906.058  2.56576  0.01234
906.951  2.56785  0.0123178
907.844  2.56993  0.0122956
908.737  2.57198  0.0122733
909.631  2.57402  0.0122511
910.524  2.57603  0.0122289
911.417  2.57802  0.0122067
912.31  2.58  0.0121845
913.204  2.58196  0.0121624
914.097  2.58389  0.0121403
914.99  2.58581  0.0121182
915.883  2.58771  0.0120961
916.776  2.58959  0.0120741
917.67  2.59145  0.0120521
918.563  2.5933  0.0120302
919.456  2.59513  0.0120083
920.349  2.59694  0.0119864
921.243  2.59873  0.0119646
922.136  2.60051  0.0119429
923.029  2.60227  0.0119212
923.922  2.60401  0.0118995
924.816  2.60574  0.0118779
925.709  2.60745  0.0118564
926.602  2.60915  0.0118349
927.495  2.61083  0.0118135
928.389  2.61249  0.0117921
929.282  2.61414  0.0117708
930.175  2.61578  0.0117496
931.068  2.6174  0.0117284
931.962  2.61901  0.0117073
932.855  2.6206  0.0116862
933.748  2.62217  0.0116653
934.641  2.62374  0.0116444
935.535  2.62529  0.0116235
936.428  2.62682  0.0116028
937.321  2.62834  0.0115821
938.214  2.62985  0.0115615
939.108  2.63135  0.0115409
940.001  2.63283  0.0115204
940.894  2.6343  0.0115
941.787  2.63576  0.0114797
942.681  2.6372  0.0114595
943.574  2.63864  0.0114393
944.467  2.64006  0.0114192
945.36  2.64146  0.0113992
946.254  2.64286  0.0113793
947.147  2.64424  0.0113594
948.04  2.64562  0.0113396
948.933  2.64698  0.0113199
949.827  2.64833  0.0113003
950.72  2.64966  0.0112808
951.613  2.65099  0.0112613
952.506  2.65231  0.011242
953.399  2.65361  0.0112227
954.293  2.65491  0.0112034
955.186  2.65619  0.0111843
956.079  2.65747  0.0111652
956.972  2.65873  0.0111463
957.866  2.65998  0.0111274
958.759  2.66123  0.0111086
959.652  2.66246  0.0110898
960.545  2.66368  0.0110712
961.439  2.6649  0.0110526
962.332  2.6661  0.0110341
963.225  2.66729  0.0110157
964.118  2.66848  0.0109974
965.012  2.66965  0.0109792
965.905  2.67082  0.010961
966.798  2.67198  0.0109429
967.691  2.67313  0.0109249
968.585  2.67426  0.010907
969.478  2.6754  0.0108892
970.371  2.67652  0.0108714
971.264  2.67763  0.0108538
972.158  2.67873  0.0108362
973.051  2.67983  0.0108187
973.944  2.68092  0.0108012
974.837  2.682  0.0107839
975.731  2.68307  0.0107666
976.624  2.68413  0.0107494
977.517  2.68519  0.0107323
978.41  2.68623  0.0107153
979.304  2.68727  0.0106983
980.197  2.68831  0.0106814
981.09  2.68933  0.0106646
981.983  2.69035  0.0106479
982.877  2.69136  0.0106313
983.77  2.69236  0.0106147
984.663  2.69335  0.0105983
985.556  2.69434  0.0105818
986.45  2.69532  0.0105655
987.343  2.69629  0.0105493
988.236  2.69726  0.0105331
989.129  2.69822  0.010517
990.023  2.69917  0.010501
990.916  2.70011  0.010485
991.809  2.70105  0.0104692
992.702  2.70198  0.0104534
993.595  2.70291  0.0104376
994.489  2.70383  0.010422
995.382  2.70474  0.0104064
996.275  2.70565  0.0103909
997.168  2.70654  0.0103755
998.062  2.70744  0.0103602
998.955  2.70832  0.0103449
999.848  2.70921  0.0103297
1000.74  2.71008  0.0103145
1001.63  2.71095  0.0102995
1002.53  2.71181  0.0102845
1003.42  2.71267  0.0102696
1004.31  2.71352  0.0102547
1005.21  2.71436  0.01024
1006.1  2.7152  0.0102253
1006.99  2.71604  0.0102106
1007.89  2.71686  0.0101961
1008.78  2.71769  0.0101816
1009.67  2.7185  0.0101671
1010.57  2.71932  0.0101528
1011.46  2.72012  0.0101385
1012.35  2.72092  0.0101243
1013.25  2.72172  0.0101101
1014.14  2.72251  0.010096
1015.03  2.72329  0.010082
1015.93  2.72407  0.0100681
1016.82  2.72485  0.0100542
1017.71  2.72562  0.0100404
1018.61  2.72638  0.0100266
1019.5  2.72714  0.0100129
1020.39  2.7279  0.0099993
1021.29  2.72865  0.00998574
1022.18  2.72939  0.00997225
1023.07  2.73013  0.00995882
1023.97  2.73087  0.00994545
1024.86  2.7316  0.00993215
1025.75  2.73232  0.00991891
1026.65  2.73304  0.00990573
1027.54  2.73376  0.00989262
1028.43  2.73447  0.00987957
1029.33  2.73518  0.00986658
1030.22  2.73588  0.00985365
1031.11  2.73658  0.00984078
1032.01  2.73728  0.00982797
1032.9  2.73797  0.00981522
1033.79  2.73865  0.00980253
1034.68  2.73934  0.0097899
1035.58  2.74001  0.00977733
1036.47  2.74069  0.00976482
1037.36  2.74136  0.00975237
1038.26  2.74202  0.00973998
1039.15  2.74268  0.00972764
1040.04  2.74334  0.00971537
1040.94  2.74399  0.00970315
1041.83  2.74464  0.00969098
1042.72  2.74529  0.00967888
1043.62  2.74593  0.00966683
1044.51  2.74657  0.00965483
1045.4  2.7472  0.0096429
1046.3  2.74783  0.00963101
1047.19  2.74846  0.00961919
1048.08  2.74908  0.00960741
1048.98  2.7497  0.0095957
1049.87  2.75031  0.00958403
1050.76  2.75092  0.00957242
1051.66  2.75153  0.00956087
1052.55  2.75214  0.00954936
1053.44  2.75274  0.00953791
1054.34  2.75333  0.00952651
1055.23  2.75393  0.00951517
1056.12  2.75452  0.00950388
1057.02  2.7551  0.00949264
1057.91  2.75569  0.00948145
1058.8  2.75627  0.00947031
1059.7  2.75684  0.00945922
1060.59  2.75742  0.00944818
1061.48  2.75799  0.0094372
1062.38  2.75855  0.00942626
1063.27  2.75912  0.00941537
1064.16  2.75968  0.00940454
1065.06  2.76024  0.00939375
1065.95  2.76079  0.00938301
1066.84  2.76134  0.00937232
1067.73  2.76189  0.00936168
1068.63  2.76243  0.00935108
1069.52  2.76298  0.00934053
1070.41  2.76352  0.00933004
1071.31  2.76405  0.00931958
1072.2  2.76458  0.00930918
1073.09  2.76511  0.00929882
1073.99  2.76564  0.00928851
1074.88  2.76616  0.00927824
1075.77  2.76669  0.00926802
1076.67  2.7672  0.00925785
1077.56  2.76772  0.00924772
1078.45  2.76823  0.00923764
1079.35  2.76874  0.0092276
1080.24  2.76925  0.00921761
1081.13  2.76975  0.00920766
1082.03  2.77026  0.00919775
1082.92  2.77075  0.00918789
1083.81  2.77125  0.00917807
1084.71  2.77174  0.0091683
1085.6  2.77224  0.00915856
1086.49  2.77272  0.00914887
1087.39  2.77321  0.00913923
1088.28  2.77369  0.00912962
1089.17  2.77417  0.00912006
1090.07  2.77465  0.00911054
1090.96  2.77513  0.00910106
1091.85  2.7756  0.00909163
1092.75  2.77607  0.00908223
1093.64  2.77654  0.00907287
1094.53  2.777  0.00906356
1095.43  2.77747  0.00905429
1096.32  2.77793  0.00904505
1097.21  2.77839  0.00903586
1098.11  2.77884  0.0090267
1099  2.7793  0.00901759
1099.89  2.77975  0.00900851
1100.78  2.7802  0.00899948
1101.68  2.78064  0.00899048
1102.57  2.78109  0.00898152
1103.46  2.78153  0.0089726
1104.36  2.78197  0.00896372
1105.25  2.78241  0.00895487
1106.14  2.78284  0.00894607
1107.04  2.78328  0.0089373
1107.93  2.78371  0.00892856
1108.82  2.78414  0.00891987
1109.72  2.78456  0.00891121
1110.61  2.78499  0.00890259
1111.5  2.78541  0.00889401
1112.4  2.78583  0.00888546
1113.29  2.78625  0.00887695
1114.18  2.78667  0.00886847
1115.08  2.78708  0.00886003
1115.97  2.78749  0.00885162
1116.86  2.7879  0.00884325
1117.76  2.78831  0.00883492
1118.65  2.78872  0.00882662
1119.54  2.78912  0.00881835
1120.44  2.78952  0.00881012
1121.33  2.78992  0.00880193
1122.22  2.79032  0.00879376
1123.12  2.79072  0.00878563
1124.01  2.79111  0.00877754
1124.9  2.7915  0.00876948
1125.8  2.79189  0.00876145
1126.69  2.79228  0.00875346
1127.58  2.79267  0.00874549
1128.48  2.79305  0.00873756
1129.37  2.79344  0.00872967
1130.26  2.79382  0.0087218
1131.16  2.7942  0.00871397
1132.05  2.79457  0.00870617
1132.94  2.79495  0.0086984
1133.83  2.79532  0.00869067
1134.73  2.7957  0.00868296
1135.62  2.79607  0.00867529
1136.51  2.79644  0.00866765
1137.41  2.7968  0.00866004
1138.3  2.79717  0.00865246
1139.19  2.79753  0.00864491
1140.09  2.79789  0.00863739
1140.98  2.79825  0.0086299
1141.87  2.79861  0.00862244
1142.77  2.79897  0.00861501
1143.66  2.79932  0.00860761
1144.55  2.79968  0.00860024
1145.45  2.80003  0.00859291
1146.34  2.80038  0.0085856
1147.23  2.80073  0.00857831
1148.13  2.80108  0.00857106
1149.02  2.80142  0.00856384
1149.91  2.80177  0.00855664
1150.81  2.80211  0.00854948
1151.7  2.80245  0.00854234
1152.59  2.80279  0.00853523
1153.49  2.80313  0.00852815
1154.38  2.80346  0.0085211
1155.27  2.8038  0.00851407
1156.17  2.80413  0.00850708
1157.06  2.80446  0.00850011
1157.95  2.80479  0.00849316
1158.85  2.80512  0.00848625
1159.74  2.80545  0.00847936
1160.63  2.80577  0.0084725
1161.53  2.8061  0.00846566
1162.42  2.80642  0.00845886
1163.31  2.80674  0.00845207
1164.21  2.80706  0.00844532
1165.1  2.80738  0.00843859
1165.99  2.8077  0.00843189
1166.88  2.80801  0.00842521
1167.78  2.80833  0.00841856
1168.67  2.80864  0.00841193
1169.56  2.80895  0.00840533
1170.46  2.80926  0.00839876
1171.35  2.80957  0.00839221
1172.24  2.80988  0.00838568
1173.14  2.81019  0.00837918
1174.03  2.81049  0.00837271
1174.92  2.8108  0.00836626
1175.82  2.8111  0.00835984
1176.71  2.8114  0.00835343
1177.6  2.8117  0.00834706
1178.5  2.812  0.00834071
1179.39  2.81229  0.00833438
1180.28  2.81259  0.00832807
1181.18  2.81289  0.00832179
1182.07  2.81318  0.00831554
1182.96  2.81347  0.0083093
1183.86  2.81376  0.00830309
1184.75  2.81405  0.00829691
1185.64  2.81434  0.00829075
1186.54  2.81463  0.00828461
1187.43  2.81491  0.00827849
1188.32  2.8152  0.00827239
1189.22  2.81548  0.00826632
1190.11  2.81576  0.00826027
1191  2.81605  0.00825425
1191.9  2.81633  0.00824824
1192.79  2.81661  0.00824226
1193.68  2.81688  0.0082363
1194.58  2.81716  0.00823037
1195.47  2.81744  0.00822445
1196.36  2.81771  0.00821856
1197.26  2.81798  0.00821269
1198.15  2.81825  0.00820684
1199.04  2.81853  0.00820101
1199.93  2.8188  0.0081952
1200.83  2.81906  0.00818941
1201.72  2.81933  0.00818365
1202.61  2.8196  0.00817791
1203.51  2.81986  0.00817218
1204.4  2.82013  0.00816648
1205.29  2.82039  0.0081608
1206.19  2.82065  0.00815514
1207.08  2.82092  0.0081495
1207.97  2.82118  0.00814388
1208.87  2.82143  0.00813828
1209.76  2.82169  0.0081327
1210.65  2.82195  0.00812714
1211.55  2.82221  0.0081216
1212.44  2.82246  0.00811608
1213.33  2.82272  0.00811058
1214.23  2.82297  0.0081051
1215.12  2.82322  0.00809965
1216.01  2.82347  0.0080942
1216.91  2.82372  0.00808878
1217.8  2.82397  0.00808338
1218.69  2.82422  0.008078
1219.59  2.82447  0.00807264
1220.48  2.82471  0.00806729
1221.37  2.82496  0.00806197
1222.27  2.8252  0.00805666
1223.16  2.82544  0.00805137
1224.05  2.82569  0.00804611
1224.95  2.82593  0.00804085
1225.84  2.82617  0.00803562
1226.73  2.82641  0.00803041
1227.63  2.82665  0.00802521
1228.52  2.82688  0.00802004
1229.41  2.82712  0.00801488
1230.31  2.82735  0.00800974
1231.2  2.82759  0.00800462
1232.09  2.82782  0.00799951
1232.98  2.82806  0.00799442
1233.88  2.82829  0.00798936
1234.77  2.82852  0.0079843
1235.66  2.82875  0.00797927
1236.56  2.82898  0.00797425
1237.45  2.82921  0.00796925
1238.34  2.82944  0.00796427
1239.24  2.82966  0.00795931
1240.13  2.82989  0.00795436
1241.02  2.83011  0.00794943
1241.92  2.83034  0.00794451
1242.81  2.83056  0.00793962
1243.7  2.83078  0.00793474
1244.6  2.83101  0.00792987
1245.49  2.83123  0.00792503
1246.38  2.83145  0.0079202
1247.28  2.83167  0.00791538
1248.17  2.83188  0.00791059
1249.06  2.8321  0.0079058
1249.96  2.83232  0.00790104
1250.85  2.83254  0.00789629
1251.74  2.83275  0.00789156
1252.64  2.83296  0.00788684
1253.53  2.83318  0.00788214
1254.42  2.83339  0.00787746
1255.32  2.8336  0.00787279
1256.21  2.83381  0.00786813
1257.1  2.83402  0.0078635
1258  2.83423  0.00785887
1258.89  2.83444  0.00785427
1259.78  2.83465  0.00784968
1260.68  2.83486  0.0078451
1261.57  2.83507  0.00784054
1262.46  2.83527  0.00783599
1263.36  2.83548  0.00783146
1264.25  2.83568  0.00782695
1265.14  2.83589  0.00782245
1266.04  2.83609  0.00781796
1266.93  2.83629  0.00781349
1267.82  2.83649  0.00780904
1268.71  2.83669  0.0078046
1269.61  2.83689  0.00780017
1270.5  2.83709  0.00779576
1271.39  2.83729  0.00779136
1272.29  2.83749  0.00778698
1273.18  2.83769  0.00778261
1274.07  2.83788  0.00777826
1274.97  2.83808  0.00777392
1275.86  2.83827  0.00776959
1276.75  2.83847  0.00776528
1277.65  2.83866  0.00776098
1278.54  2.83885  0.0077567
1279.43  2.83905  0.00775243
1280.33  2.83924  0.00774817
1281.22  2.83943  0.00774393
1282.11  2.83962  0.0077397
1283.01  2.83981  0.00773549
1283.9  2.84  0.00773129
1284.79  2.84019  0.0077271
1285.69  2.84037  0.00772293
1286.58  2.84056  0.00771877
1287.47  2.84075  0.00771462
1288.37  2.84093  0.00771049
1289.26  2.84112  0.00770636
1290.15  2.8413  0.00770226
1291.05  2.84149  0.00769816
1291.94  2.84167  0.00769408
1292.83  2.84185  0.00769001
1293.73  2.84203  0.00768596
1294.62  2.84221  0.00768192
1295.51  2.8424  0.00767789
1296.41  2.84258  0.00767387
1297.3  2.84275  0.00766987
1298.19  2.84293  0.00766588
1299.09  2.84311  0.0076619
1299.98  2.84329  0.00765793
1300.87  2.84347  0.00765398
1301.76  2.84364  0.00765004
1302.66  2.84382  0.00764611
1303.55  2.84399  0.00764219
1304.44  2.84417  0.00763829
1305.34  2.84434  0.0076344
1306.23  2.84452  0.00763052
1307.12  2.84469  0.00762665
1308.02  2.84486  0.00762279
1308.91  2.84503  0.00761895
1309.8  2.8452  0.00761512
1310.7  2.84537  0.0076113
1311.59  2.84554  0.00760749
1312.48  2.84571  0.00760369
1313.38  2.84588  0.00759991
1314.27  2.84605  0.00759614
1315.16  2.84622  0.00759238
1316.06  2.84638  0.00758863
1316.95  2.84655  0.00758489
1317.84  2.84672  0.00758116
1318.74  2.84688  0.00757745
1319.63  2.84705  0.00757375
1320.52  2.84721  0.00757005
1321.42  2.84738  0.00756637
1322.31  2.84754  0.0075627
1323.2  2.8477  0.00755905
1324.1  2.84786  0.0075554
1324.99  2.84803  0.00755176
1325.88  2.84819  0.00754814
1326.78  2.84835  0.00754453
1327.67  2.84851  0.00754092
1328.56  2.84867  0.00753733
1329.46  2.84883  0.00753375
1330.35  2.84898  0.00753018
1331.24  2.84914  0.00752662
1332.14  2.8493  0.00752307
1333.03  2.84946  0.00751953
1333.92  2.84961  0.00751601
1334.81  2.84977  0.00751249
1335.71  2.84992  0.00750898
1336.6  2.85008  0.00750549
1337.49  2.85023  0.007502
1338.39  2.85039  0.00749853
1339.28  2.85054  0.00749506
1340.17  2.85069  0.00749161
1341.07  2.85085  0.00748817
1341.96  2.851  0.00748473
1342.85  2.85115  0.00748131
1343.75  2.8513  0.0074779
1344.64  2.85145  0.00747449
1345.53  2.8516  0.0074711
1346.43  2.85175  0.00746772
1347.32  2.8519  0.00746435
1348.21  2.85205  0.00746098
1349.11  2.8522  0.00745763
1350  2.85235  0.00745429
