279  -1.09564e-06  1.60717e-08
279.726  9.39502e-06  1.37559e-07
280.453  3.14769e-05  4.60013e-07
281.179  6.09505e-05  8.89077e-07
281.906  9.62871e-05  1.40187e-06
282.632  0.000136646  1.98568e-06
283.359  0.000181472  2.63203e-06
284.085  0.000230365  3.33472e-06
284.812  0.000283018  4.08898e-06
285.538  0.000339187  4.89093e-06
286.264  0.00039867  5.73737e-06
286.991  0.000461299  6.62556e-06
287.717  0.00052693  7.55315e-06
288.444  0.000595437  8.51808e-06
289.17  0.000666712  9.5185e-06
289.897  0.000740658  1.05528e-05
290.623  0.000817187  1.16194e-05
291.349  0.000896223  1.2717e-05
292.076  0.000977694  1.38444e-05
292.802  0.00106154  1.50003e-05
293.529  0.00114769  1.61838e-05
294.255  0.00123611  1.73939e-05
294.982  0.00132673  1.86295e-05
295.708  0.00141952  1.98898e-05
296.435  0.00151443  2.11741e-05
297.161  0.00161142  2.24815e-05
297.887  0.00171045  2.38112e-05
298.614  0.0018115  2.51627e-05
299.34  0.00191452  2.65351e-05
300.067  0.00201949  2.79279e-05
300.793  0.00212638  2.93404e-05
301.52  0.00223517  3.07721e-05
302.246  0.00234582  3.22224e-05
302.972  0.00245831  3.36907e-05
303.699  0.00257263  3.51766e-05
304.425  0.00268874  3.66794e-05
305.152  0.00280664  3.81988e-05
305.878  0.00292629  3.97342e-05
306.605  0.00304769  4.12852e-05
307.331  0.00317081  4.28513e-05
308.058  0.00329564  4.44321e-05
308.784  0.00342216  4.60271e-05
309.51  0.00355036  4.7636e-05
310.237  0.00368023  4.92583e-05
310.963  0.00381174  5.08937e-05
311.69  0.0039449  5.25417e-05
312.416  0.00407968  5.42019e-05
313.143  0.00421607  5.58741e-05
313.869  0.00435407  5.75578e-05
314.595  0.00449366  5.92527e-05
315.322  0.00463483  6.09584e-05
316.048  0.00477758  6.26746e-05
316.775  0.00492189  6.44009e-05
317.501  0.00506776  6.6137e-05
318.228  0.00521517  6.78826e-05
318.954  0.00536412  6.96373e-05
319.681  0.0055146  7.14009e-05
320.407  0.00566661  7.31729e-05
321.133  0.00582014  7.49532e-05
321.86  0.00597518  7.67413e-05
322.586  0.00613172  7.8537e-05
323.313  0.00628977  8.03399e-05
324.039  0.0064493  8.21498e-05
324.766  0.00661033  8.39664e-05
325.492  0.00677284  8.57894e-05
326.219  0.00693683  8.76185e-05
326.945  0.00710229  8.94533e-05
327.671  0.00726922  9.12936e-05
328.398  0.00743762  9.31392e-05
329.124  0.00760748  9.49897e-05
329.851  0.00777881  9.68449e-05
330.577  0.00795158  9.87044e-05
331.304  0.00812581  0.000100568
332.03  0.00830149  0.000102435
332.756  0.00847862  0.000104306
333.483  0.00865719  0.000106181
334.209  0.00883721  0.000108058
334.936  0.00901867  0.000109938
335.662  0.00920156  0.00011182
336.389  0.00938589  0.000113705
337.115  0.00957166  0.000115591
337.842  0.00975886  0.000117479
338.568  0.00994749  0.000119368
339.294  0.0101376  0.000121259
340.021  0.010329  0.00012315
340.747  0.010522  0.000125042
341.474  0.0107163  0.000126934
342.2  0.0109121  0.000128826
342.927  0.0111093  0.000130718
343.653  0.011308  0.00013261
344.379  0.011508  0.0001345
345.106  0.0117095  0.00013639
345.832  0.0119124  0.000138278
346.559  0.0121168  0.000140164
347.285  0.0123226  0.000142049
348.012  0.0125298  0.000143931
348.738  0.0127384  0.000145812
349.465  0.0129485  0.000147689
350.191  0.01316  0.000149563
350.917  0.013373  0.000151435
351.644  0.0135873  0.000153302
352.37  0.0138031  0.000155166
353.097  0.0140204  0.000157026
353.823  0.0142391  0.000158882
354.55  0.0144592  0.000160733
355.276  0.0146808  0.000162579
356.003  0.0149038  0.00016442
356.729  0.0151283  0.000166256
357.455  0.0153542  0.000168086
358.182  0.0155815  0.00016991
358.908  0.0158103  0.000171727
359.635  0.0160406  0.000173539
360.361  0.0162723  0.000175343
361.088  0.0165055  0.00017714
361.814  0.0167402  0.00017893
362.54  0.0169763  0.000180712
363.267  0.0172139  0.000182486
363.993  0.0174529  0.000184252
364.72  0.0176935  0.00018601
365.446  0.0179355  0.000187758
366.173  0.0181789  0.000189498
366.899  0.0184239  0.000191228
367.626  0.0186704  0.000192949
368.352  0.0189183  0.000194659
369.078  0.0191678  0.000196359
369.805  0.0194187  0.000198049
370.531  0.0196712  0.000199728
371.258  0.0199251  0.000201396
371.984  0.0201806  0.000203052
372.711  0.0204376  0.000204696
373.437  0.0206961  0.000206328
374.163  0.0209561  0.000207948
374.89  0.0212177  0.000209556
375.616  0.0214807  0.00021115
376.343  0.0217454  0.000212731
377.069  0.0220115  0.000214299
377.796  0.0222792  0.000215852
378.522  0.0225485  0.000217392
379.249  0.0228193  0.000218917
379.975  0.0230917  0.000220427
380.701  0.0233656  0.000221922
381.428  0.0236411  0.000223401
382.154  0.0239182  0.000224865
382.881  0.0241968  0.000226313
383.607  0.0244771  0.000227744
384.334  0.0247589  0.000229159
385.06  0.0250424  0.000230557
385.786  0.0253274  0.000231937
386.513  0.0256141  0.0002333
387.239  0.0259023  0.000234644
387.966  0.0261922  0.000235971
388.692  0.0264837  0.000237279
389.419  0.0267769  0.000238567
390.145  0.0270717  0.000239837
390.872  0.0273681  0.000241087
391.598  0.0276662  0.000242318
392.324  0.0279659  0.000243528
393.051  0.0282673  0.000244717
393.777  0.0285704  0.000245886
394.504  0.0288752  0.000247034
395.23  0.0291816  0.00024816
395.957  0.0294897  0.000249264
396.683  0.0297996  0.000250347
397.41  0.0301111  0.000251407
398.136  0.0304243  0.000252444
398.862  0.0307393  0.000253459
399.589  0.031056  0.00025445
400.315  0.0313744  0.000255417
401.042  0.0316946  0.000256361
401.768  0.0320165  0.00025728
402.495  0.0323402  0.000258175
403.221  0.0326657  0.000259045
403.947  0.0329929  0.00025989
404.674  0.0333219  0.00026071
405.4  0.0336527  0.000261504
406.127  0.0339853  0.000262273
406.853  0.0343197  0.000263015
407.58  0.0346559  0.000263731
408.306  0.0349939  0.00026442
409.033  0.0353338  0.000265082
409.759  0.0356755  0.000265717
410.485  0.036019  0.000266325
411.212  0.0363644  0.000266905
411.938  0.0367117  0.000267457
412.665  0.0370609  0.000267982
413.391  0.0374119  0.000268478
414.118  0.0377648  0.000268946
414.844  0.0381197  0.000269385
415.57  0.0384764  0.000269796
416.297  0.0388351  0.000270177
417.023  0.0391957  0.00027053
417.75  0.0395582  0.000270854
418.476  0.0399227  0.000271149
419.203  0.0402892  0.000271414
419.929  0.0406576  0.000271651
420.656  0.041028  0.000271858
421.382  0.0414004  0.000272036
422.108  0.0417748  0.000272184
422.835  0.0421513  0.000272303
423.561  0.0425297  0.000272393
424.288  0.0429102  0.000272455
425.014  0.0432927  0.000272487
425.741  0.0436773  0.00027249
426.467  0.044064  0.000272465
427.193  0.0444527  0.000272412
427.92  0.0448435  0.00027233
428.646  0.0452364  0.000272221
429.373  0.0456315  0.000272084
430.099  0.0460286  0.000271921
430.826  0.0464279  0.000271731
431.552  0.0468293  0.000271515
432.279  0.047233  0.000271273
433.005  0.0476387  0.000271007
433.731  0.0480467  0.000270716
434.458  0.0484568  0.000270402
435.184  0.0488692  0.000270066
435.911  0.0492838  0.000269708
436.637  0.0497006  0.000269329
437.364  0.0501197  0.00026893
438.09  0.050541  0.000268513
438.817  0.0509647  0.000268079
439.543  0.0513906  0.000267629
440.269  0.0518187  0.000267164
440.996  0.0522493  0.000266686
441.722  0.0526821  0.000266197
442.449  0.0531173  0.000265698
443.175  0.0535548  0.000265192
443.902  0.0539947  0.00026468
444.628  0.054437  0.000264164
445.354  0.0548817  0.000263647
446.081  0.0553288  0.000263132
446.807  0.0557784  0.00026262
447.534  0.0562304  0.000262115
448.26  0.0566848  0.000261619
448.987  0.0571417  0.000261136
449.713  0.0576011  0.000260669
450.44  0.058063  0.000260221
451.166  0.0585275  0.000259796
451.892  0.0589944  0.000259398
452.619  0.0594639  0.000259031
453.345  0.059936  0.000258699
454.072  0.0604107  0.000258406
454.798  0.0608879  0.000258158
455.525  0.0613678  0.000257959
456.251  0.0618503  0.000257814
456.977  0.0623355  0.000257728
457.704  0.0628234  0.000257707
458.43  0.0633139  0.000257757
459.157  0.0638071  0.000257883
459.883  0.064303  0.000258091
460.61  0.0648017  0.000258388
461.336  0.0653032  0.00025878
462.063  0.0658074  0.000259273
462.789  0.0663144  0.000259874
463.515  0.0668242  0.00026059
464.242  0.0673368  0.000261428
464.968  0.0678523  0.000262394
465.695  0.0683707  0.000263495
466.421  0.0688919  0.000264739
467.148  0.0694161  0.000266132
467.874  0.0699432  0.000267681
468.601  0.0704732  0.000269393
469.327  0.0710062  0.000271275
470.053  0.0715422  0.000273334
470.78  0.0720812  0.000275575
471.506  0.0726232  0.000278006
472.233  0.0731682  0.000280632
472.959  0.0737164  0.000283459
473.686  0.0742676  0.000286494
474.412  0.0748219  0.000289742
475.138  0.0753794  0.000293207
475.865  0.07594  0.000296895
476.591  0.0765038  0.000300811
477.318  0.0770708  0.000304959
478.044  0.0776411  0.000309343
478.771  0.0782145  0.000313968
479.497  0.0787913  0.000318836
480.224  0.0793713  0.000323951
480.95  0.0799547  0.000329317
481.676  0.0805414  0.000334935
482.403  0.0811314  0.00034081
483.129  0.0817249  0.000346943
483.856  0.0823218  0.000353337
484.582  0.0829221  0.000359993
485.309  0.0835258  0.000366914
486.035  0.0841331  0.000374101
486.761  0.0847439  0.000381557
487.488  0.0853582  0.000389282
488.214  0.0859761  0.000397279
488.941  0.0865975  0.000405548
489.667  0.0872226  0.000414091
490.394  0.0878514  0.00042291
491.12  0.0884838  0.000432005
491.847  0.0891199  0.000441378
492.573  0.0897598  0.00045103
493.299  0.0904034  0.000460963
494.026  0.0910508  0.000471178
494.752  0.091702  0.000481676
495.479  0.0923571  0.000492459
496.205  0.093016  0.000503528
496.932  0.0936789  0.000514884
497.658  0.0943456  0.00052653
498.384  0.0950164  0.000538467
499.111  0.0956911  0.000550696
499.837  0.0963699  0.00056322
500.564  0.0970527  0.000576039
501.29  0.0977396  0.000589157
502.017  0.0984307  0.000602576
502.743  0.0991259  0.000616297
503.47  0.0998253  0.000630322
504.196  0.100529  0.000644654
504.922  0.101237  0.000659296
505.649  0.101949  0.00067425
506.375  0.102665  0.000689518
507.102  0.103386  0.000705103
507.828  0.104111  0.000721008
508.555  0.104841  0.000737237
509.281  0.105575  0.000753791
510.008  0.106314  0.000770674
510.734  0.107057  0.00078789
511.46  0.107805  0.000805441
512.187  0.108557  0.000823332
512.913  0.109314  0.000841565
513.64  0.110076  0.000860144
514.366  0.110842  0.000879073
515.093  0.111613  0.000898355
515.819  0.112389  0.000917996
516.545  0.11317  0.000937998
517.272  0.113956  0.000958366
517.998  0.114746  0.000979105
518.725  0.115542  0.00100022
519.451  0.116343  0.00102171
520.178  0.117148  0.00104358
520.904  0.117959  0.00106585
521.631  0.118775  0.0010885
522.357  0.119596  0.00111156
523.083  0.120422  0.00113502
523.81  0.121254  0.00115888
524.536  0.122091  0.00118316
525.263  0.122933  0.00120786
525.989  0.123781  0.00123298
526.716  0.124634  0.00125853
527.442  0.125493  0.00128452
528.168  0.126357  0.00131094
528.895  0.127227  0.00133782
529.621  0.128102  0.00136515
530.348  0.128983  0.00139293
531.074  0.12987  0.00142119
531.801  0.130763  0.00144991
532.527  0.131661  0.00147911
533.254  0.132566  0.0015088
533.98  0.133476  0.00153898
534.706  0.134393  0.00156966
535.433  0.135315  0.00160084
536.159  0.136244  0.00163254
536.886  0.137178  0.00166476
537.612  0.138119  0.0016975
538.339  0.139067  0.00173079
539.065  0.14002  0.00176461
539.791  0.14098  0.00179898
540.518  0.141947  0.00183392
541.244  0.14292  0.00186942
541.971  0.1439  0.00190549
542.697  0.144886  0.00194215
543.424  0.145879  0.00197941
544.15  0.146879  0.00201726
544.877  0.147885  0.00205572
545.603  0.148899  0.0020948
546.329  0.149919  0.00213452
547.056  0.150947  0.00217486
547.782  0.151981  0.00221586
548.509  0.153023  0.00225751
549.235  0.154072  0.00229984
549.962  0.155128  0.00234283
550.688  0.156192  0.00238652
551.415  0.157263  0.0024309
552.141  0.158341  0.002476
552.867  0.159427  0.00252181
553.594  0.160521  0.00256835
554.32  0.161623  0.00261564
555.047  0.162732  0.00266367
555.773  0.163849  0.00271248
556.5  0.164974  0.00276206
557.226  0.166108  0.00281243
557.952  0.167249  0.0028636
558.679  0.168399  0.00291558
559.405  0.169556  0.00296839
560.132  0.170723  0.00302204
560.858  0.171897  0.00307655
561.585  0.17308  0.00313192
562.311  0.174272  0.00318817
563.038  0.175473  0.00324531
563.764  0.176682  0.00330336
564.49  0.1779  0.00336234
565.217  0.179127  0.00342225
565.943  0.180363  0.00348311
566.67  0.181608  0.00354495
567.396  0.182863  0.00360776
568.123  0.184127  0.00367158
568.849  0.1854  0.00373641
569.575  0.186683  0.00380227
570.302  0.187976  0.00386918
571.028  0.189278  0.00393716
571.755  0.19059  0.00400621
572.481  0.191912  0.00407637
573.208  0.193244  0.00414765
573.934  0.194586  0.00422006
574.661  0.195939  0.00429363
575.387  0.197301  0.00436838
576.113  0.198675  0.00444431
576.84  0.200059  0.00452146
577.566  0.201453  0.00459985
578.293  0.202858  0.00467949
579.019  0.204275  0.0047604
579.746  0.205702  0.00484261
580.472  0.207141  0.00492614
581.198  0.20859  0.005011
581.925  0.210052  0.00509723
582.651  0.211524  0.00518485
583.378  0.213009  0.00527387
584.104  0.214505  0.00536432
584.831  0.216013  0.00545623
585.557  0.217533  0.00554962
586.284  0.219066  0.00564452
587.01  0.22061  0.00574095
587.736  0.222168  0.00583894
588.463  0.223737  0.00593851
589.189  0.22532  0.00603969
589.916  0.226915  0.00614251
590.642  0.228523  0.006247
591.369  0.230145  0.00635318
592.095  0.23178  0.00646108
592.822  0.233428  0.00657075
593.548  0.23509  0.00668219
594.274  0.236766  0.00679545
595.001  0.238455  0.00691056
595.727  0.240159  0.00702755
596.454  0.241877  0.00714645
597.18  0.24361  0.00726729
597.907  0.245357  0.00739011
598.633  0.247118  0.00751495
599.359  0.248895  0.00764183
600.086  0.250687  0.0077708
600.812  0.252494  0.0079019
601.539  0.254317  0.00803515
602.265  0.256155  0.00817059
602.992  0.258009  0.00830828
603.718  0.259879  0.00844823
604.445  0.261765  0.00859051
605.171  0.263668  0.00873514
605.897  0.265587  0.00888217
606.624  0.267523  0.00903164
607.35  0.269476  0.00918359
608.077  0.271446  0.00933807
608.803  0.273434  0.00949513
609.53  0.275439  0.00965481
610.256  0.277462  0.00981716
610.982  0.279503  0.00998222
611.709  0.281563  0.01015
612.435  0.283641  0.0103207
613.162  0.285737  0.0104942
613.888  0.287853  0.0106706
614.615  0.289988  0.01085
615.341  0.292142  0.0110324
616.068  0.294316  0.0112179
616.794  0.296509  0.0114066
617.52  0.298723  0.0115984
618.247  0.300958  0.0117935
618.973  0.303213  0.0119918
619.7  0.305489  0.0121936
620.426  0.307786  0.0123988
621.153  0.310104  0.0126075
621.879  0.312444  0.0128197
622.606  0.314807  0.0130355
623.332  0.317191  0.0132551
624.058  0.319598  0.0134784
624.785  0.322028  0.0137055
625.511  0.324481  0.0139366
626.238  0.326958  0.0141716
626.964  0.329458  0.0144106
627.691  0.331982  0.0146538
628.417  0.334531  0.0149011
629.143  0.337104  0.0151528
629.87  0.339702  0.0154087
630.596  0.342326  0.0156691
631.323  0.344975  0.015934
632.049  0.34765  0.0162036
632.776  0.350352  0.0164778
633.502  0.35308  0.0167567
634.229  0.355835  0.0170405
634.955  0.358618  0.0173293
635.681  0.361428  0.0176231
636.408  0.364266  0.017922
637.134  0.367133  0.0182262
637.861  0.370029  0.0185357
638.587  0.372953  0.0188506
639.314  0.375908  0.019171
640.04  0.378892  0.019497
640.766  0.381907  0.0198288
641.493  0.384953  0.0201664
642.219  0.388029  0.02051
642.946  0.391138  0.0208596
643.672  0.394278  0.0212153
644.399  0.397451  0.0215774
645.125  0.400657  0.0219458
645.852  0.403896  0.0223207
646.578  0.407169  0.0227023
647.304  0.410477  0.0230906
648.031  0.413819  0.0234858
648.757  0.417196  0.023888
649.484  0.420609  0.0242973
650.21  0.424058  0.0247139
650.937  0.427543  0.0251379
651.663  0.431066  0.0255694
652.389  0.434626  0.0260085
653.116  0.438225  0.0264555
653.842  0.441862  0.0269103
654.569  0.445538  0.0273733
655.295  0.449254  0.0278444
656.022  0.45301  0.028324
656.748  0.456807  0.028812
657.475  0.460645  0.0293087
658.201  0.464525  0.0298142
658.927  0.468448  0.0303287
659.654  0.472413  0.0308523
660.38  0.476422  0.0313852
661.107  0.480476  0.0319276
661.833  0.484574  0.0324795
662.56  0.488717  0.0330412
663.286  0.492906  0.0336128
664.013  0.497142  0.0341945
664.739  0.501425  0.0347865
665.465  0.505756  0.0353889
666.192  0.510135  0.0360019
666.918  0.514564  0.0366257
667.645  0.519042  0.0372604
668.371  0.52357  0.0379063
669.098  0.52815  0.0385634
669.824  0.532781  0.039232
670.55  0.537465  0.0399122
671.277  0.542201  0.0406042
672.003  0.546992  0.0413083
672.73  0.551837  0.0420245
673.456  0.556737  0.042753
674.183  0.561692  0.0434941
674.909  0.566704  0.0442479
675.636  0.571774  0.0450145
676.362  0.576901  0.0457942
677.088  0.582087  0.0465871
677.815  0.587333  0.0473934
678.541  0.592638  0.0482132
679.268  0.598004  0.0490468
679.994  0.603432  0.0498942
680.721  0.608922  0.0507557
681.447  0.614475  0.0516314
682.173  0.620092  0.0525214
682.9  0.625774  0.053426
683.626  0.63152  0.0543452
684.353  0.637333  0.0552793
685.079  0.643212  0.0562282
685.806  0.649158  0.0571922
686.532  0.655173  0.0581714
687.259  0.661257  0.0591659
687.985  0.66741  0.0601758
688.711  0.673633  0.0612012
689.438  0.679928  0.0622422
690.164  0.686294  0.0632989
690.891  0.692733  0.0643714
691.617  0.699244  0.0654596
692.344  0.70583  0.0665637
693.07  0.71249  0.0676838
693.796  0.719225  0.0688197
694.523  0.726036  0.0699716
695.249  0.732923  0.0711394
695.976  0.739888  0.0723231
696.702  0.746929  0.0735227
697.429  0.75405  0.0747382
698.155  0.761249  0.0759693
698.882  0.768527  0.0772162
699.608  0.775885  0.0784785
700.334  0.783323  0.0797563
701.061  0.790843  0.0810494
701.787  0.798443  0.0823576
702.514  0.806125  0.0836806
703.24  0.81389  0.0850183
703.967  0.821736  0.0863705
704.693  0.829666  0.0877368
705.42  0.837678  0.0891169
706.146  0.845774  0.0905105
706.872  0.853954  0.0919173
707.599  0.862217  0.0933368
708.325  0.870564  0.0947687
709.052  0.878995  0.0962124
709.778  0.88751  0.0976676
710.505  0.896109  0.0991336
711.231  0.904792  0.10061
711.957  0.913558  0.102096
712.684  0.922409  0.103591
713.41  0.931343  0.105095
714.137  0.94036  0.106606
714.863  0.94946  0.108125
715.59  0.958642  0.10965
716.316  0.967906  0.11118
717.043  0.977252  0.112715
717.769  0.986679  0.114254
718.495  0.996186  0.115795
719.222  1.00577  0.117339
719.948  1.01544  0.118883
720.675  1.02518  0.120428
721.401  1.035  0.121971
722.128  1.0449  0.123512
722.854  1.05487  0.12505
723.58  1.06491  0.126583
724.307  1.07503  0.128111
725.033  1.08522  0.129632
725.76  1.09548  0.131146
726.486  1.1058  0.132649
727.213  1.11619  0.134143
727.939  1.12665  0.135625
728.666  1.13717  0.137094
729.392  1.14776  0.138548
730.118  1.1584  0.139987
730.845  1.1691  0.141409
731.571  1.17985  0.142812
732.298  1.19066  0.144197
733.024  1.20153  0.14556
733.751  1.21244  0.146901
734.477  1.22339  0.148218
735.204  1.2344  0.149511
735.93  1.24544  0.150778
736.656  1.25652  0.152017
737.383  1.26765  0.153228
738.109  1.2788  0.154409
738.836  1.28999  0.155559
739.562  1.30121  0.156678
740.289  1.31245  0.157763
741.015  1.32372  0.158814
741.741  1.33501  0.159829
742.468  1.34631  0.160809
743.194  1.35764  0.161751
743.921  1.36897  0.162656
744.647  1.38032  0.163521
745.374  1.39167  0.164347
746.1  1.40302  0.165133
746.827  1.41438  0.165878
747.553  1.42573  0.166582
748.279  1.43708  0.167244
749.006  1.44842  0.167863
749.732  1.45975  0.16844
750.459  1.47106  0.168974
751.185  1.48236  0.169464
751.912  1.49364  0.169911
752.638  1.5049  0.170314
753.364  1.51613  0.170674
754.091  1.52733  0.170991
754.817  1.5385  0.171264
755.544  1.54964  0.171493
756.27  1.56074  0.17168
756.997  1.57181  0.171824
757.723  1.58283  0.171925
758.45  1.59381  0.171985
759.176  1.60475  0.172003
759.902  1.61563  0.17198
760.629  1.62647  0.171917
761.355  1.63725  0.171813
762.082  1.64798  0.171671
762.808  1.65866  0.17149
763.535  1.66927  0.171272
764.261  1.67982  0.171017
764.987  1.69031  0.170725
765.714  1.70074  0.170399
766.44  1.7111  0.170038
767.167  1.72139  0.169643
767.893  1.73162  0.169217
768.62  1.74177  0.168758
769.346  1.75185  0.168269
770.073  1.76186  0.167751
770.799  1.77179  0.167204
771.525  1.78165  0.166629
772.252  1.79144  0.166028
772.978  1.80114  0.165401
773.705  1.81077  0.16475
774.431  1.82032  0.164075
775.158  1.82979  0.163378
775.884  1.83918  0.162659
776.611  1.84848  0.161919
777.337  1.85771  0.16116
778.063  1.86685  0.160383
778.79  1.87591  0.159588
779.516  1.88489  0.158777
780.243  1.89378  0.15795
780.969  1.9026  0.157108
781.696  1.91132  0.156252
782.422  1.91997  0.155384
783.148  1.92853  0.154503
783.875  1.937  0.153611
784.601  1.94539  0.152709
785.328  1.9537  0.151798
786.054  1.96193  0.150877
786.781  1.97007  0.149949
787.507  1.97812  0.149014
788.234  1.9861  0.148072
788.96  1.99399  0.147124
789.686  2.0018  0.146171
790.413  2.00953  0.145214
791.139  2.01717  0.144253
791.866  2.02474  0.143288
792.592  2.03222  0.142322
793.319  2.03962  0.141353
794.045  2.04694  0.140382
794.771  2.05419  0.139411
795.498  2.06135  0.138439
796.224  2.06844  0.137467
796.951  2.07545  0.136496
797.677  2.08238  0.135525
798.404  2.08923  0.134556
799.13  2.09601  0.133589
799.857  2.10271  0.132624
800.583  2.10934  0.131661
801.309  2.11589  0.130701
802.036  2.12237  0.129745
802.762  2.12878  0.128791
803.489  2.13512  0.127842
804.215  2.14138  0.126897
804.942  2.14758  0.125956
805.668  2.1537  0.125019
806.394  2.15976  0.124087
807.121  2.16575  0.123161
807.847  2.17167  0.122239
808.574  2.17752  0.121323
809.3  2.18331  0.120413
810.027  2.18903  0.119508
810.753  2.19468  0.118609
811.48  2.20027  0.117716
812.206  2.2058  0.11683
812.932  2.21127  0.11595
813.659  2.21668  0.115076
814.385  2.22202  0.114208
815.112  2.2273  0.113348
815.838  2.23253  0.112494
816.565  2.23769  0.111646
817.291  2.2428  0.110806
818.018  2.24785  0.109972
818.744  2.25284  0.109146
819.47  2.25778  0.108326
820.197  2.26266  0.107513
820.923  2.26748  0.106708
821.65  2.27226  0.10591
822.376  2.27698  0.105118
823.103  2.28164  0.104334
823.829  2.28626  0.103557
824.555  2.29082  0.102787
825.282  2.29534  0.102024
826.008  2.2998  0.101269
826.735  2.30421  0.10052
827.461  2.30858  0.099779
828.188  2.3129  0.0990447
828.914  2.31716  0.0983176
829.641  2.32139  0.0975975
830.367  2.32557  0.0968844
831.093  2.3297  0.0961784
831.82  2.33378  0.0954793
832.546  2.33783  0.0947872
833.273  2.34182  0.094102
833.999  2.34578  0.0934237
834.726  2.34969  0.0927522
835.452  2.35356  0.0920875
836.178  2.35739  0.0914296
836.905  2.36118  0.0907784
837.631  2.36493  0.0901338
838.358  2.36864  0.0894958
839.084  2.37231  0.0888644
839.811  2.37594  0.0882395
840.537  2.37953  0.0876211
841.264  2.38308  0.087009
841.99  2.3866  0.0864033
842.716  2.39008  0.085804
843.443  2.39352  0.0852108
844.169  2.39693  0.0846239
844.896  2.4003  0.084043
845.622  2.40364  0.0834683
846.349  2.40695  0.0828996
847.075  2.41022  0.0823368
847.802  2.41345  0.0817799
848.528  2.41666  0.0812289
849.254  2.41983  0.0806837
849.981  2.42296  0.0801442
850.707  2.42607  0.0796103
851.434  2.42915  0.0790821
852.16  2.43219  0.0785594
852.887  2.43521  0.0780422
853.613  2.43819  0.0775305
854.339  2.44115  0.0770241
855.066  2.44407  0.076523
855.792  2.44697  0.0760272
856.519  2.44983  0.0755366
857.245  2.45267  0.0750512
857.972  2.45549  0.0745708
858.698  2.45827  0.0740955
859.425  2.46103  0.0736251
860.151  2.46376  0.0731597
860.877  2.46646  0.0726991
861.604  2.46914  0.0722434
862.33  2.4718  0.0717923
863.057  2.47442  0.071346
863.783  2.47703  0.0709043
864.51  2.4796  0.0704672
865.236  2.48216  0.0700347
865.962  2.48469  0.0696066
866.689  2.48719  0.0691829
867.415  2.48967  0.0687636
868.142  2.49213  0.0683487
868.868  2.49457  0.067938
869.595  2.49698  0.0675315
870.321  2.49937  0.0671292
871.048  2.50174  0.066731
871.774  2.50409  0.0663369
872.5  2.50642  0.0659469
873.227  2.50872  0.0655608
873.953  2.51101  0.0651786
874.68  2.51327  0.0648003
875.406  2.51551  0.0644258
876.133  2.51773  0.0640551
876.859  2.51994  0.0636882
877.585  2.52212  0.0633249
878.312  2.52428  0.0629653
879.038  2.52643  0.0626093
879.765  2.52855  0.0622569
880.491  2.53066  0.0619079
881.218  2.53275  0.0615625
881.944  2.53482  0.0612205
882.671  2.53687  0.0608818
883.397  2.53891  0.0605466
884.123  2.54092  0.0602146
884.85  2.54292  0.0598859
885.576  2.54491  0.0595604
886.303  2.54687  0.0592381
887.029  2.54882  0.058919
887.756  2.55075  0.058603
888.482  2.55267  0.05829
889.209  2.55457  0.0579801
889.935  2.55645  0.0576732
890.661  2.55832  0.0573692
891.388  2.56017  0.0570682
892.114  2.56201  0.0567701
892.841  2.56383  0.0564748
893.567  2.56564  0.0561823
894.294  2.56743  0.0558927
895.02  2.56921  0.0556057
895.746  2.57097  0.0553215
896.473  2.57272  0.05504
897.199  2.57445  0.0547612
897.926  2.57617  0.0544849
898.652  2.57788  0.0542113
899.379  2.57957  0.0539402
900.105  2.58125  0.0536716
900.832  2.58291  0.0534056
901.558  2.58457  0.053142
902.284  2.58621  0.0528808
903.011  2.58783  0.0526221
903.737  2.58945  0.0523657
904.464  2.59105  0.0521117
905.19  2.59263  0.05186
905.917  2.59421  0.0516106
906.643  2.59577  0.0513634
907.369  2.59733  0.0511186
908.096  2.59887  0.0508759
908.822  2.60039  0.0506354
909.549  2.60191  0.0503971
910.275  2.60341  0.0501609
911.002  2.60491  0.0499268
911.728  2.60639  0.0496948
912.455  2.60786  0.0494649
913.181  2.60932  0.049237
913.907  2.61077  0.0490111
914.634  2.61221  0.0487872
915.36  2.61363  0.0485653
916.087  2.61505  0.0483453
916.813  2.61646  0.0481272
917.54  2.61785  0.0479111
918.266  2.61924  0.0476968
918.992  2.62061  0.0474844
919.719  2.62198  0.0472738
920.445  2.62333  0.047065
921.172  2.62468  0.046858
921.898  2.62601  0.0466527
922.625  2.62734  0.0464493
923.351  2.62866  0.0462475
924.078  2.62996  0.0460475
924.804  2.63126  0.0458491
925.53  2.63255  0.0456524
926.257  2.63383  0.0454574
926.983  2.6351  0.045264
927.71  2.63636  0.0450722
928.436  2.63762  0.044882
929.163  2.63886  0.0446934
929.889  2.6401  0.0445064
930.616  2.64132  0.0443208
931.342  2.64254  0.0441368
932.068  2.64375  0.0439544
932.795  2.64495  0.0437734
933.521  2.64615  0.0435938
934.248  2.64733  0.0434158
934.974  2.64851  0.0432391
935.701  2.64968  0.0430639
936.427  2.65084  0.0428901
937.153  2.652  0.0427177
937.88  2.65314  0.0425467
938.606  2.65428  0.042377
939.333  2.65541  0.0422087
940.059  2.65654  0.0420417
940.786  2.65765  0.0418761
941.512  2.65876  0.0417117
942.239  2.65986  0.0415486
942.965  2.66096  0.0413868
943.691  2.66205  0.0412262
944.418  2.66313  0.0410669
945.144  2.6642  0.0409088
945.871  2.66527  0.0407519
946.597  2.66632  0.0405963
947.324  2.66738  0.0404418
948.05  2.66842  0.0402885
948.776  2.66946  0.0401364
949.503  2.6705  0.0399854
950.229  2.67152  0.0398355
950.956  2.67254  0.0396868
951.682  2.67356  0.0395392
952.409  2.67456  0.0393927
953.135  2.67557  0.0392473
953.862  2.67656  0.039103
954.588  2.67755  0.0389597
955.314  2.67853  0.0388175
956.041  2.67951  0.0386763
956.767  2.68048  0.0385362
957.494  2.68145  0.038397
958.22  2.6824  0.0382589
958.947  2.68336  0.0381218
959.673  2.68431  0.0379857
960.399  2.68525  0.0378505
961.126  2.68619  0.0377163
961.852  2.68712  0.0375831
962.579  2.68804  0.0374508
963.305  2.68896  0.0373194
964.032  2.68988  0.037189
964.758  2.69079  0.0370594
965.485  2.69169  0.0369308
966.211  2.69259  0.0368031
966.937  2.69348  0.0366762
967.664  2.69437  0.0365502
968.39  2.69526  0.0364251
969.117  2.69614  0.0363008
969.843  2.69701  0.0361774
970.57  2.69788  0.0360548
971.296  2.69874  0.035933
972.023  2.6996  0.0358121
972.749  2.70046  0.0356919
973.475  2.70131  0.0355725
974.202  2.70216  0.0354539
974.928  2.703  0.0353361
975.655  2.70383  0.0352191
976.381  2.70467  0.0351028
977.108  2.70549  0.0349872
977.834  2.70632  0.0348724
978.56  2.70714  0.0347583
979.287  2.70795  0.0346449
980.013  2.70876  0.0345322
980.74  2.70957  0.0344202
981.466  2.71037  0.0343089
982.193  2.71117  0.0341983
982.919  2.71197  0.0340883
983.646  2.71276  0.033979
984.372  2.71355  0.0338702
985.098  2.71433  0.0337621
985.825  2.71511  0.0336547
986.551  2.71589  0.0335477
987.278  2.71666  0.0334414
988.004  2.71743  0.0333356
988.731  2.7182  0.0332303
989.457  2.71897  0.0331255
990.183  2.71973  0.0330211
990.91  2.72049  0.032917
991.636  2.72125  0.0328128
992.363  2.72201  0.032709
993.089  2.72277  0.032606
993.816  2.72352  0.0325038
994.542  2.72427  0.0324023
995.269  2.72501  0.0323015
995.995  2.72574  0.0322015
996.721  2.72648  0.0321023
997.448  2.7272  0.0320037
998.174  2.72793  0.0319059
998.901  2.72865  0.0318088
999.627  2.72936  0.0317124
1000.35  2.73007  0.0316167
1001.08  2.73078  0.0315217
1001.81  2.73148  0.0314274
1002.53  2.73218  0.0313338
1003.26  2.73287  0.0312408
1003.99  2.73356  0.0311485
1004.71  2.73425  0.0310568
1005.44  2.73493  0.0309658
1006.17  2.7356  0.0308755
1006.89  2.73628  0.0307857
1007.62  2.73695  0.0306967
1008.34  2.73761  0.0306082
1009.07  2.73827  0.0305204
1009.8  2.73893  0.0304331
1010.52  2.73958  0.0303465
1011.25  2.74023  0.0302605
1011.98  2.74088  0.0301751
1012.7  2.74152  0.0300903
1013.43  2.74216  0.030006
1014.16  2.74279  0.0299224
1014.88  2.74342  0.0298393
1015.61  2.74405  0.0297568
1016.34  2.74468  0.0296748
1017.06  2.7453  0.0295934
1017.79  2.74591  0.0295126
1018.51  2.74653  0.0294323
1019.24  2.74714  0.0293525
1019.97  2.74774  0.0292733
1020.69  2.74835  0.0291946
1021.42  2.74895  0.0291164
1022.15  2.74954  0.0290388
1022.87  2.75013  0.0289617
1023.6  2.75072  0.0288851
1024.33  2.75131  0.028809
1025.05  2.75189  0.0287334
1025.78  2.75247  0.0286583
1026.51  2.75305  0.0285837
1027.23  2.75362  0.0285095
1027.96  2.75419  0.0284359
1028.68  2.75476  0.0283628
1029.41  2.75532  0.0282901
1030.14  2.75588  0.0282179
1030.86  2.75644  0.0281461
1031.59  2.757  0.0280749
1032.32  2.75755  0.028004
1033.04  2.7581  0.0279337
1033.77  2.75864  0.0278638
1034.5  2.75919  0.0277943
1035.22  2.75973  0.0277253
1035.95  2.76026  0.0276567
1036.68  2.7608  0.0275886
1037.4  2.76133  0.0275209
1038.13  2.76186  0.0274536
1038.85  2.76238  0.0273867
1039.58  2.76291  0.0273203
1040.31  2.76343  0.0272542
1041.03  2.76394  0.0271886
1041.76  2.76446  0.0271234
1042.49  2.76497  0.0270586
1043.21  2.76548  0.0269942
1043.94  2.76599  0.0269302
1044.67  2.76649  0.0268666
1045.39  2.76699  0.0268034
1046.12  2.76749  0.0267406
1046.85  2.76799  0.0266781
1047.57  2.76848  0.0266161
1048.3  2.76897  0.0265544
1049.03  2.76946  0.0264931
1049.75  2.76995  0.0264322
1050.48  2.77043  0.0263716
1051.2  2.77091  0.0263114
1051.93  2.77139  0.0262516
1052.66  2.77187  0.0261921
1053.38  2.77234  0.026133
1054.11  2.77281  0.0260742
1054.84  2.77328  0.0260158
1055.56  2.77375  0.0259577
1056.29  2.77421  0.0259
1057.02  2.77467  0.0258426
1057.74  2.77513  0.0257856
1058.47  2.77559  0.0257288
1059.2  2.77605  0.0256725
1059.92  2.7765  0.0256164
1060.65  2.77695  0.0255607
1061.37  2.7774  0.0255053
1062.1  2.77785  0.0254503
1062.83  2.77829  0.0253955
1063.55  2.77873  0.0253411
1064.28  2.77917  0.025287
1065.01  2.77961  0.0252332
1065.73  2.78004  0.0251797
1066.46  2.78048  0.0251265
1067.19  2.78091  0.0250736
1067.91  2.78134  0.025021
1068.64  2.78176  0.0249687
1069.37  2.78219  0.0249168
1070.09  2.78261  0.0248651
1070.82  2.78303  0.0248137
1071.54  2.78345  0.0247626
1072.27  2.78387  0.0247118
1073  2.78428  0.0246612
1073.72  2.7847  0.024611
1074.45  2.78511  0.024561
1075.18  2.78552  0.0245114
1075.9  2.78592  0.0244619
1076.63  2.78633  0.0244128
1077.36  2.78673  0.024364
1078.08  2.78713  0.0243154
1078.81  2.78753  0.024267
1079.54  2.78793  0.024219
1080.26  2.78833  0.0241712
1080.99  2.78872  0.0241237
1081.71  2.78911  0.0240764
1082.44  2.7895  0.0240294
1083.17  2.78989  0.0239826
1083.89  2.79028  0.0239361
1084.62  2.79066  0.0238899
1085.35  2.79104  0.0238439
1086.07  2.79143  0.0237982
1086.8  2.79181  0.0237527
1087.53  2.79218  0.0237074
1088.25  2.79256  0.0236624
1088.98  2.79293  0.0236176
1089.71  2.79331  0.0235731
1090.43  2.79368  0.0235288
1091.16  2.79405  0.0234847
1091.88  2.79441  0.0234409
1092.61  2.79478  0.0233973
1093.34  2.79514  0.023354
1094.06  2.79551  0.0233108
1094.79  2.79587  0.0232679
1095.52  2.79623  0.0232253
1096.24  2.79658  0.0231828
1096.97  2.79694  0.0231406
1097.7  2.7973  0.0230986
1098.42  2.79765  0.0230568
1099.15  2.798  0.0230152
1099.88  2.79835  0.0229738
1100.6  2.7987  0.0229327
1101.33  2.79904  0.0228917
1102.06  2.79939  0.022851
1102.78  2.79973  0.0228105
1103.51  2.80008  0.0227702
1104.23  2.80042  0.0227301
1104.96  2.80076  0.0226902
1105.69  2.80109  0.0226505
1106.41  2.80143  0.022611
1107.14  2.80176  0.0225717
1107.87  2.8021  0.0225327
1108.59  2.80243  0.0224938
1109.32  2.80276  0.0224551
1110.05  2.80309  0.0224166
1110.77  2.80342  0.0223783
1111.5  2.80374  0.0223402
1112.23  2.80407  0.0223022
1112.95  2.80439  0.0222645
1113.68  2.80471  0.022227
1114.4  2.80503  0.0221896
1115.13  2.80535  0.0221524
1115.86  2.80567  0.0221154
1116.58  2.80599  0.0220786
1117.31  2.8063  0.022042
1118.04  2.80662  0.0220056
1118.76  2.80693  0.0219693
1119.49  2.80724  0.0219332
1120.22  2.80755  0.0218973
1120.94  2.80786  0.0218616
1121.67  2.80817  0.021826
1122.4  2.80847  0.0217906
1123.12  2.80878  0.0217554
1123.85  2.80908  0.0217204
1124.57  2.80938  0.0216855
1125.3  2.80968  0.0216508
1126.03  2.80998  0.0216163
1126.75  2.81028  0.0215819
1127.48  2.81058  0.0215477
1128.21  2.81088  0.0215136
1128.93  2.81117  0.0214798
1129.66  2.81146  0.0214461
1130.39  2.81176  0.0214125
1131.11  2.81205  0.0213791
1131.84  2.81234  0.0213459
1132.57  2.81263  0.0213128
1133.29  2.81292  0.0212799
1134.02  2.8132  0.0212471
1134.74  2.81349  0.0212145
1135.47  2.81377  0.021182
1136.2  2.81405  0.0211497
1136.92  2.81434  0.0211175
1137.65  2.81462  0.0210855
1138.38  2.8149  0.0210537
1139.1  2.81518  0.021022
1139.83  2.81545  0.0209904
1140.56  2.81573  0.020959
1141.28  2.816  0.0209277
1142.01  2.81628  0.0208966
1142.74  2.81655  0.0208656
1143.46  2.81682  0.0208348
1144.19  2.81709  0.0208041
1144.91  2.81736  0.0207735
1145.64  2.81763  0.0207431
1146.37  2.8179  0.0207128
1147.09  2.81817  0.0206827
1147.82  2.81843  0.0206527
1148.55  2.8187  0.0206228
1149.27  2.81896  0.0205931
1150  2.81922  0.0205635
