279  -1.12478e-06  8.69909e-09
279.726  9.64536e-06  7.46672e-08
280.453  3.2317e-05  2.50409e-07
281.179  6.258e-05  4.85359e-07
281.906  9.88657e-05  7.67509e-07
282.632  0.000140311  1.09029e-06
283.359  0.000186348  1.44939e-06
284.085  0.000236565  1.84173e-06
284.812  0.000290649  2.26495e-06
285.538  0.000348347  2.71719e-06
286.264  0.000409455  3.19692e-06
286.991  0.0004738  3.70288e-06
287.717  0.000541233  4.234e-06
288.444  0.000611628  4.78934e-06
289.17  0.000684872  5.36811e-06
289.897  0.000760866  5.9696e-06
290.623  0.000839522  6.59318e-06
291.349  0.00092076  7.2383e-06
292.076  0.00100451  7.90447e-06
292.802  0.0010907  8.59122e-06
293.529  0.00117928  9.29816e-06
294.255  0.00127018  1.00249e-05
294.982  0.00136337  1.07712e-05
295.708  0.00145879  1.15366e-05
296.435  0.00155639  1.23209e-05
297.161  0.00165615  1.31239e-05
297.887  0.00175802  1.39452e-05
298.614  0.00186196  1.47848e-05
299.34  0.00196795  1.56423e-05
300.067  0.00207595  1.65176e-05
300.793  0.00218593  1.74106e-05
301.52  0.00229787  1.8321e-05
302.246  0.00241174  1.92488e-05
302.972  0.00252752  2.01938e-05
303.699  0.00264518  2.11559e-05
304.425  0.0027647  2.21349e-05
305.152  0.00288607  2.31308e-05
305.878  0.00300926  2.41434e-05
306.605  0.00313425  2.51728e-05
307.331  0.00326103  2.62187e-05
308.058  0.00338958  2.72812e-05
308.784  0.00351988  2.83601e-05
309.51  0.00365192  2.94554e-05
310.237  0.00378569  3.05671e-05
310.963  0.00392117  3.16951e-05
311.69  0.00405836  3.28393e-05
312.416  0.00419722  3.39998e-05
313.143  0.00433777  3.51764e-05
313.869  0.00447998  3.63693e-05
314.595  0.00462384  3.75782e-05
315.322  0.00476934  3.88032e-05
316.048  0.00491649  4.00444e-05
316.775  0.00506525  4.13016e-05
317.501  0.00521564  4.2575e-05
318.228  0.00536763  4.38644e-05
318.954  0.00552122  4.51699e-05
319.681  0.00567641  4.64914e-05
320.407  0.00583319  4.78291e-05
321.133  0.00599154  4.91828e-05
321.86  0.00615147  5.05527e-05
322.586  0.00631296  5.19386e-05
323.313  0.00647602  5.33407e-05
324.039  0.00664064  5.4759e-05
324.766  0.0068068  5.61935e-05
325.492  0.00697452  5.76442e-05
326.219  0.00714377  5.91111e-05
326.945  0.00731457  6.05943e-05
327.671  0.0074869  6.20938e-05
328.398  0.00766076  6.36097e-05
329.124  0.00783614  6.51419e-05
329.851  0.00801305  6.66906e-05
330.577  0.00819148  6.82558e-05
331.304  0.00837143  6.98374e-05
332.03  0.00855289  7.14357e-05
332.756  0.00873587  7.30505e-05
333.483  0.00892036  7.46821e-05
334.209  0.00910635  7.63303e-05
334.936  0.00929385  7.79954e-05
335.662  0.00948286  7.96773e-05
336.389  0.00967337  8.13761e-05
337.115  0.00986539  8.30918e-05
337.842  0.0100589  8.48246e-05
338.568  0.0102539  8.65746e-05
339.294  0.0104504  8.83416e-05
340.021  0.0106485  9.0126e-05
340.747  0.010848  9.19276e-05
341.474  0.011049  9.37467e-05
342.2  0.0112515  9.55832e-05
342.927  0.0114555  9.74373e-05
343.653  0.011661  9.9309e-05
344.379  0.011868  0.000101198
345.106  0.0120765  0.000103106
345.832  0.0122865  0.000105031
346.559  0.0124981  0.000106974
347.285  0.0127111  0.000108935
348.012  0.0129256  0.000110914
348.738  0.0131416  0.000112912
349.465  0.0133591  0.000114928
350.191  0.0135782  0.000116962
350.917  0.0137987  0.000119015
351.644  0.0140208  0.000121087
352.37  0.0142443  0.000123177
353.097  0.0144694  0.000125287
353.823  0.014696  0.000127415
354.55  0.0149241  0.000129562
355.276  0.0151537  0.000131729
356.003  0.0153849  0.000133914
356.729  0.0156176  0.00013612
357.455  0.0158518  0.000138344
358.182  0.0160875  0.000140589
358.908  0.0163248  0.000142853
359.635  0.0165636  0.000145137
360.361  0.0168039  0.000147441
361.088  0.0170458  0.000149766
361.814  0.0172892  0.00015211
362.54  0.0175342  0.000154475
363.267  0.0177807  0.000156861
363.993  0.0180288  0.000159267
364.72  0.0182785  0.000161694
365.446  0.0185297  0.000164142
366.173  0.0187825  0.000166612
366.899  0.0190368  0.000169102
367.626  0.0192927  0.000171614
368.352  0.0195503  0.000174147
369.078  0.0198093  0.000176702
369.805  0.02007  0.000179279
370.531  0.0203323  0.000181878
371.258  0.0205961  0.000184499
371.984  0.0208616  0.000187142
372.711  0.0211287  0.000189808
373.437  0.0213974  0.000192496
374.163  0.0216677  0.000195207
374.89  0.0219396  0.000197941
375.616  0.0222131  0.000200698
376.343  0.0224883  0.000203479
377.069  0.0227651  0.000206282
377.796  0.0230436  0.00020911
378.522  0.0233237  0.000211961
379.249  0.0236055  0.000214837
379.975  0.0238889  0.000217736
380.701  0.024174  0.00022066
381.428  0.0244607  0.000223608
382.154  0.0247491  0.000226581
382.881  0.0250393  0.000229579
383.607  0.0253311  0.000232603
384.334  0.0256246  0.000235651
385.06  0.0259198  0.000238725
385.786  0.0262167  0.000241825
386.513  0.0265153  0.00024495
387.239  0.0268156  0.000248102
387.966  0.0271177  0.00025128
388.692  0.0274215  0.000254484
389.419  0.0277271  0.000257715
390.145  0.0280344  0.000260973
390.872  0.0283434  0.000264259
391.598  0.0286542  0.000267571
392.324  0.0289668  0.000270912
393.051  0.0292812  0.00027428
393.777  0.0295973  0.000277676
394.504  0.0299153  0.000281101
395.23  0.030235  0.000284554
395.957  0.0305566  0.000288036
396.683  0.03088  0.000291546
397.41  0.0312052  0.000295087
398.136  0.0315322  0.000298656
398.862  0.0318611  0.000302256
399.589  0.0321918  0.000305885
400.315  0.0325244  0.000309545
401.042  0.0328588  0.000313235
401.768  0.0331952  0.000316956
402.495  0.0335334  0.000320708
403.221  0.0338735  0.000324491
403.947  0.0342155  0.000328306
404.674  0.0345594  0.000332152
405.4  0.0349052  0.000336031
406.127  0.035253  0.000339943
406.853  0.0356027  0.000343886
407.58  0.0359544  0.000347863
408.306  0.036308  0.000351874
409.033  0.0366636  0.000355917
409.759  0.0370211  0.000359995
410.485  0.0373807  0.000364107
411.212  0.0377422  0.000368253
411.938  0.0381058  0.000372434
412.665  0.0384713  0.00037665
413.391  0.0388389  0.000380902
414.118  0.0392086  0.000385189
414.844  0.0395803  0.000389512
415.57  0.039954  0.000393872
416.297  0.0403298  0.000398269
417.023  0.0407077  0.000402702
417.75  0.0410877  0.000407173
418.476  0.0414698  0.000411682
419.203  0.0418541  0.000416228
419.929  0.0422404  0.000420813
420.656  0.0426289  0.000425437
421.382  0.0430195  0.0004301
422.108  0.0434123  0.000434803
422.835  0.0438073  0.000439545
423.561  0.0442044  0.000444328
424.288  0.0446038  0.000449151
425.014  0.0450054  0.000454016
425.741  0.0454092  0.000458922
426.467  0.0458152  0.000463869
427.193  0.0462235  0.000468859
427.92  0.046634  0.000473891
428.646  0.0470468  0.000478967
429.373  0.0474619  0.000484085
430.099  0.0478793  0.000489248
430.826  0.048299  0.000494455
431.552  0.0487211  0.000499707
432.279  0.0491454  0.000505003
433.005  0.0495722  0.000510345
433.731  0.0500013  0.000515734
434.458  0.0504328  0.000521168
435.184  0.0508667  0.00052665
435.911  0.051303  0.000532179
436.637  0.0517417  0.000537755
437.364  0.0521829  0.00054338
438.09  0.0526265  0.000549054
438.817  0.0530726  0.000554777
439.543  0.0535212  0.00056055
440.269  0.0539723  0.000566373
440.996  0.0544259  0.000572247
441.722  0.054882  0.000578172
442.449  0.0553407  0.000584149
443.175  0.055802  0.000590178
443.902  0.0562658  0.000596259
444.628  0.0567322  0.000602395
445.354  0.0572013  0.000608584
446.081  0.0576729  0.000614827
446.807  0.0581473  0.000621125
447.534  0.0586243  0.000627479
448.26  0.0591039  0.000633889
448.987  0.0595863  0.000640356
449.713  0.0600714  0.00064688
450.44  0.0605592  0.000653462
451.166  0.0610497  0.000660102
451.892  0.0615431  0.000666802
452.619  0.0620392  0.00067356
453.345  0.0625381  0.00068038
454.072  0.0630399  0.00068726
454.798  0.0635445  0.000694201
455.525  0.0640519  0.000701205
456.251  0.0645623  0.000708272
456.977  0.0650755  0.000715402
457.704  0.0655917  0.000722596
458.43  0.0661108  0.000729856
459.157  0.0666328  0.00073718
459.883  0.0671579  0.000744571
460.61  0.0676859  0.000752029
461.336  0.068217  0.000759554
462.063  0.0687511  0.000767148
462.789  0.0692882  0.000774811
463.515  0.0698285  0.000782543
464.242  0.0703719  0.000790347
464.968  0.0709183  0.000798221
465.695  0.071468  0.000806168
466.421  0.0720208  0.000814187
467.148  0.0725768  0.000822281
467.874  0.073136  0.000830448
468.601  0.0736985  0.000838691
469.327  0.0742642  0.00084701
470.053  0.0748332  0.000855406
470.78  0.0754055  0.00086388
471.506  0.0759811  0.000872433
472.233  0.0765602  0.000881065
472.959  0.0771425  0.000889777
473.686  0.0777283  0.00089857
474.412  0.0783176  0.000907446
475.138  0.0789102  0.000916405
475.865  0.0795064  0.000925448
476.591  0.0801061  0.000934575
477.318  0.0807093  0.000943789
478.044  0.081316  0.00095309
478.771  0.0819264  0.000962478
479.497  0.0825403  0.000971955
480.224  0.0831579  0.000981522
480.95  0.0837792  0.00099118
481.676  0.0844042  0.00100093
482.403  0.0850329  0.00101077
483.129  0.0856653  0.00102071
483.856  0.0863015  0.00103074
484.582  0.0869415  0.00104087
485.309  0.0875854  0.00105109
486.035  0.0882331  0.00106142
486.761  0.0888847  0.00107184
487.488  0.0895403  0.00108236
488.214  0.0901998  0.00109299
488.941  0.0908633  0.00110372
489.667  0.0915308  0.00111455
490.394  0.0922023  0.00112549
491.12  0.092878  0.00113653
491.847  0.0935577  0.00114768
492.573  0.0942416  0.00115895
493.299  0.0949297  0.00117032
494.026  0.095622  0.0011818
494.752  0.0963185  0.0011934
495.479  0.0970193  0.00120511
496.205  0.0977244  0.00121694
496.932  0.0984339  0.00122888
497.658  0.0991478  0.00124094
498.384  0.0998661  0.00125312
499.111  0.100589  0.00126543
499.837  0.101316  0.00127786
500.564  0.102048  0.00129041
501.29  0.102784  0.00130308
502.017  0.103525  0.00131589
502.743  0.104271  0.00132882
503.47  0.105021  0.00134188
504.196  0.105776  0.00135508
504.922  0.106535  0.00136841
505.649  0.1073  0.00138187
506.375  0.108069  0.00139547
507.102  0.108844  0.00140921
507.828  0.109623  0.00142309
508.555  0.110407  0.00143711
509.281  0.111196  0.00145128
510.008  0.11199  0.00146559
510.734  0.112789  0.00148005
511.46  0.113594  0.00149466
512.187  0.114403  0.00150942
512.913  0.115218  0.00152433
513.64  0.116038  0.0015394
514.366  0.116863  0.00155462
515.093  0.117694  0.00157
515.819  0.11853  0.00158555
516.545  0.119371  0.00160125
517.272  0.120218  0.00161712
517.998  0.121071  0.00163316
518.725  0.121929  0.00164937
519.451  0.122793  0.00166575
520.178  0.123662  0.0016823
520.904  0.124538  0.00169903
521.631  0.125419  0.00171593
522.357  0.126305  0.00173302
523.083  0.127198  0.00175029
523.81  0.128097  0.00176774
524.536  0.129002  0.00178538
525.263  0.129912  0.00180321
525.989  0.130829  0.00182123
526.716  0.131752  0.00183945
527.442  0.132682  0.00185786
528.168  0.133617  0.00187648
528.895  0.134559  0.0018953
529.621  0.135507  0.00191432
530.348  0.136462  0.00193355
531.074  0.137423  0.00195299
531.801  0.138391  0.00197264
532.527  0.139366  0.00199251
533.254  0.140347  0.0020126
533.98  0.141335  0.00203292
534.706  0.14233  0.00205345
535.433  0.143331  0.00207422
536.159  0.14434  0.00209522
536.886  0.145355  0.00211645
537.612  0.146378  0.00213791
538.339  0.147408  0.00215962
539.065  0.148445  0.00218158
539.791  0.14949  0.00220378
540.518  0.150541  0.00222623
541.244  0.1516  0.00224893
541.971  0.152667  0.00227189
542.697  0.153741  0.00229512
543.424  0.154823  0.00231861
544.15  0.155913  0.00234236
544.877  0.15701  0.00236639
545.603  0.158116  0.0023907
546.329  0.159229  0.00241528
547.056  0.16035  0.00244015
547.782  0.16148  0.00246531
548.509  0.162617  0.00249075
549.235  0.163763  0.0025165
549.962  0.164918  0.00254254
550.688  0.16608  0.00256889
551.415  0.167252  0.00259554
552.141  0.168431  0.00262251
552.867  0.16962  0.0026498
553.594  0.170817  0.0026774
554.32  0.172024  0.00270534
555.047  0.173239  0.0027336
555.773  0.174463  0.0027622
556.5  0.175696  0.00279114
557.226  0.176939  0.00282043
557.952  0.178191  0.00285007
558.679  0.179452  0.00288006
559.405  0.180723  0.00291041
560.132  0.182004  0.00294113
560.858  0.183294  0.00297222
561.585  0.184595  0.00300369
562.311  0.185905  0.00303554
563.038  0.187225  0.00306778
563.764  0.188555  0.00310041
564.49  0.189896  0.00313344
565.217  0.191247  0.00316688
565.943  0.192608  0.00320072
566.67  0.19398  0.00323499
567.396  0.195363  0.00326968
568.123  0.196757  0.00330479
568.849  0.198161  0.00334035
569.575  0.199577  0.00337634
570.302  0.201004  0.00341279
571.028  0.202442  0.00344969
571.755  0.203891  0.00348706
572.481  0.205352  0.0035249
573.208  0.206825  0.00356321
573.934  0.20831  0.00360201
574.661  0.209806  0.0036413
575.387  0.211315  0.00368108
576.113  0.212835  0.00372138
576.84  0.214368  0.00376219
577.566  0.215914  0.00380352
578.293  0.217472  0.00384539
579.019  0.219043  0.00388779
579.746  0.220627  0.00393074
580.472  0.222224  0.00397425
581.198  0.223834  0.00401832
581.925  0.225457  0.00406296
582.651  0.227094  0.00410819
583.378  0.228745  0.004154
584.104  0.230409  0.00420042
584.831  0.232087  0.00424745
585.557  0.23378  0.00429509
586.284  0.235487  0.00434337
587.01  0.237208  0.00439228
587.736  0.238944  0.00444184
588.463  0.240694  0.00449206
589.189  0.24246  0.00454296
589.916  0.244241  0.00459453
590.642  0.246037  0.00464679
591.369  0.247849  0.00469976
592.095  0.249676  0.00475344
592.822  0.251519  0.00480784
593.548  0.253378  0.00486298
594.274  0.255254  0.00491887
595.001  0.257146  0.00497552
595.727  0.259054  0.00503294
596.454  0.26098  0.00509115
597.18  0.262922  0.00515015
597.907  0.264882  0.00520997
598.633  0.266859  0.00527061
599.359  0.268854  0.00533208
600.086  0.270867  0.00539441
600.812  0.272898  0.00545761
601.539  0.274948  0.00552168
602.265  0.277015  0.00558664
602.992  0.279102  0.00565252
603.718  0.281208  0.00571931
604.445  0.283333  0.00578705
605.171  0.285477  0.00585574
605.897  0.287641  0.00592539
606.624  0.289826  0.00599604
607.35  0.29203  0.00606768
608.077  0.294255  0.00614034
608.803  0.296501  0.00621404
609.53  0.298767  0.00628879
610.256  0.301056  0.00636461
610.982  0.303365  0.00644152
611.709  0.305697  0.00651953
612.435  0.30805  0.00659866
613.162  0.310426  0.00667894
613.888  0.312825  0.00676038
614.615  0.315246  0.006843
615.341  0.317691  0.00692682
616.068  0.320159  0.00701187
616.794  0.322652  0.00709815
617.52  0.325168  0.0071857
618.247  0.327709  0.00727453
618.973  0.330275  0.00736466
619.7  0.332866  0.00745612
620.426  0.335482  0.00754893
621.153  0.338124  0.00764311
621.879  0.340793  0.00773868
622.606  0.343487  0.00783567
623.332  0.346209  0.00793411
624.058  0.348958  0.00803401
624.785  0.351734  0.0081354
625.511  0.354538  0.0082383
626.238  0.357371  0.00834274
626.964  0.360232  0.00844876
627.691  0.363122  0.00855636
628.417  0.366042  0.00866558
629.143  0.368992  0.00877645
629.87  0.371971  0.00888899
630.596  0.374982  0.00900323
631.323  0.378023  0.0091192
632.049  0.381096  0.00923694
632.776  0.3842  0.00935645
633.502  0.387337  0.00947779
634.229  0.390507  0.00960097
634.955  0.39371  0.00972603
635.681  0.396947  0.009853
636.408  0.400217  0.0099819
637.134  0.403523  0.0101128
637.861  0.406863  0.0102457
638.587  0.410238  0.0103806
639.314  0.41365  0.0105176
640.04  0.417098  0.0106567
640.766  0.420583  0.0107979
641.493  0.424106  0.0109413
642.219  0.427666  0.0110869
642.946  0.431265  0.0112347
643.672  0.434903  0.0113848
644.399  0.438581  0.0115373
645.125  0.442299  0.0116921
645.852  0.446057  0.0118492
646.578  0.449856  0.0120088
647.304  0.453697  0.0121708
648.031  0.457581  0.0123354
648.757  0.461507  0.0125025
649.484  0.465477  0.0126721
650.21  0.469491  0.0128444
650.937  0.473549  0.0130193
651.663  0.477653  0.0131969
652.389  0.481803  0.0133772
653.116  0.485999  0.0135603
653.842  0.490242  0.0137462
654.569  0.494533  0.0139349
655.295  0.498872  0.0141265
656.022  0.50326  0.0143211
656.748  0.507698  0.0145186
657.475  0.512187  0.0147191
658.201  0.516726  0.0149227
658.927  0.521317  0.0151293
659.654  0.52596  0.0153391
660.38  0.530656  0.015552
661.107  0.535406  0.0157681
661.833  0.540211  0.0159875
662.56  0.54507  0.0162101
663.286  0.549986  0.016436
664.013  0.554958  0.0166653
664.739  0.559987  0.016898
665.465  0.565074  0.0171341
666.192  0.57022  0.0173737
666.918  0.575425  0.0176167
667.645  0.580691  0.0178633
668.371  0.586017  0.0181134
669.098  0.591406  0.0183671
669.824  0.596856  0.0186244
670.55  0.60237  0.0188854
671.277  0.607948  0.01915
672.003  0.61359  0.0194184
672.73  0.619298  0.0196904
673.456  0.625072  0.0199662
674.183  0.630913  0.0202457
674.909  0.636822  0.020529
675.636  0.642799  0.0208161
676.362  0.648845  0.021107
677.088  0.654961  0.0214016
677.815  0.661148  0.0217002
678.541  0.667407  0.0220025
679.268  0.673737  0.0223086
679.994  0.680141  0.0226186
680.721  0.686617  0.0229323
681.447  0.693169  0.0232499
682.173  0.699795  0.0235712
682.9  0.706497  0.0238963
683.626  0.713275  0.0242252
684.353  0.720131  0.0245577
685.079  0.727064  0.0248939
685.806  0.734075  0.0252338
686.532  0.741165  0.0255773
687.259  0.748335  0.0259243
687.985  0.755585  0.0262748
688.711  0.762916  0.0266288
689.438  0.770328  0.0269861
690.164  0.777821  0.0273467
690.891  0.785397  0.0277105
691.617  0.793056  0.0280775
692.344  0.800797  0.0284475
693.07  0.808622  0.0288204
693.796  0.816531  0.0291961
694.523  0.824525  0.0295746
695.249  0.832602  0.0299556
695.976  0.840765  0.0303391
696.702  0.849013  0.0307249
697.429  0.857345  0.0311128
698.155  0.865763  0.0315027
698.882  0.874267  0.0318945
699.608  0.882856  0.0322879
700.334  0.89153  0.0326827
701.061  0.90029  0.0330789
701.787  0.909135  0.0334761
702.514  0.918065  0.0338741
703.24  0.92708  0.0342728
703.967  0.936179  0.0346719
704.693  0.945363  0.0350711
705.42  0.95463  0.0354702
706.146  0.963981  0.0358689
706.872  0.973415  0.036267
707.599  0.982931  0.0366642
708.325  0.992528  0.0370601
709.052  1.00221  0.0374546
709.778  1.01196  0.0378473
710.505  1.0218  0.0382378
711.231  1.03172  0.0386259
711.957  1.04171  0.0390113
712.684  1.05178  0.0393936
713.41  1.06192  0.0397724
714.137  1.07213  0.0401475
714.863  1.08242  0.0405184
715.59  1.09278  0.0408849
716.316  1.10321  0.0412465
717.043  1.1137  0.041603
717.769  1.12426  0.0419539
718.495  1.13488  0.0422989
719.222  1.14557  0.0426376
719.948  1.15631  0.0429697
720.675  1.16712  0.0432949
721.401  1.17798  0.0436127
722.128  1.18889  0.0439228
722.854  1.19986  0.0442248
723.58  1.21087  0.0445185
724.307  1.22193  0.0448035
725.033  1.23304  0.0450795
725.76  1.24418  0.0453461
726.486  1.25537  0.045603
727.213  1.26659  0.04585
727.939  1.27785  0.0460867
728.666  1.28914  0.0463129
729.392  1.30046  0.0465283
730.118  1.3118  0.0467328
730.845  1.32316  0.0469259
731.571  1.33455  0.0471076
732.298  1.34595  0.0472776
733.024  1.35737  0.0474358
733.751  1.3688  0.0475819
734.477  1.38023  0.0477159
735.204  1.39167  0.0478376
735.93  1.40312  0.0479469
736.656  1.41456  0.0480438
737.383  1.42599  0.0481281
738.109  1.43743  0.0481998
738.836  1.44885  0.0482588
739.562  1.46026  0.0483053
740.289  1.47165  0.0483391
741.015  1.48302  0.0483603
741.741  1.49437  0.048369
742.468  1.5057  0.0483653
743.194  1.517  0.0483491
743.921  1.52827  0.0483207
744.647  1.5395  0.0482801
745.374  1.55071  0.0482276
746.1  1.56187  0.0481632
746.827  1.57299  0.0480871
747.553  1.58407  0.0479995
748.279  1.5951  0.0479007
749.006  1.60608  0.0477908
749.732  1.61702  0.0476701
750.459  1.6279  0.0475388
751.185  1.63872  0.0473972
751.912  1.64949  0.0472455
752.638  1.6602  0.047084
753.364  1.67084  0.046913
754.091  1.68143  0.0467328
754.817  1.69195  0.0465437
755.544  1.7024  0.0463459
756.27  1.71279  0.0461399
756.997  1.7231  0.0459258
757.723  1.73334  0.0457041
758.45  1.74351  0.0454749
759.176  1.75361  0.0452387
759.902  1.76363  0.0449958
760.629  1.77358  0.0447465
761.355  1.78344  0.044491
762.082  1.79323  0.0442298
762.808  1.80294  0.043963
763.535  1.81257  0.0436912
764.261  1.82212  0.0434144
764.987  1.83158  0.0431331
765.714  1.84096  0.0428475
766.44  1.85026  0.042558
767.167  1.85948  0.0422648
767.893  1.86861  0.0419682
768.62  1.87766  0.0416684
769.346  1.88662  0.0413659
770.073  1.8955  0.0410607
770.799  1.90429  0.0407532
771.525  1.913  0.0404436
772.252  1.92162  0.0401323
772.978  1.93016  0.0398193
773.705  1.93861  0.0395049
774.431  1.94698  0.0391894
775.158  1.95526  0.038873
775.884  1.96346  0.0385558
776.611  1.97157  0.0382381
777.337  1.9796  0.0379201
778.063  1.98754  0.0376019
778.79  1.9954  0.0372838
779.516  2.00317  0.0369659
780.243  2.01086  0.0366483
780.969  2.01847  0.0363312
781.696  2.026  0.0360148
782.422  2.03344  0.0356991
783.148  2.04081  0.0353845
783.875  2.04809  0.0350708
784.601  2.05529  0.0347584
785.328  2.06242  0.0344472
786.054  2.06946  0.0341375
786.781  2.07642  0.0338293
787.507  2.08331  0.0335226
788.234  2.09012  0.0332177
788.96  2.09686  0.0329145
789.686  2.10351  0.0326132
790.413  2.1101  0.0323138
791.139  2.1166  0.0320165
791.866  2.12304  0.0317211
792.592  2.1294  0.031428
793.319  2.13569  0.031137
794.045  2.14191  0.0308482
794.771  2.14805  0.0305617
795.498  2.15413  0.0302775
796.224  2.16014  0.0299957
796.951  2.16607  0.0297163
797.677  2.17195  0.0294393
798.404  2.17775  0.0291648
799.13  2.18349  0.0288927
799.857  2.18916  0.0286232
800.583  2.19476  0.0283561
801.309  2.2003  0.0280917
802.036  2.20578  0.0278297
802.762  2.2112  0.0275704
803.489  2.21655  0.0273136
804.215  2.22185  0.0270593
804.942  2.22708  0.0268077
805.668  2.23225  0.0265587
806.394  2.23737  0.0263122
807.121  2.24242  0.0260683
807.847  2.24742  0.0258271
808.574  2.25236  0.0255884
809.3  2.25725  0.0253522
810.027  2.26208  0.0251186
810.753  2.26686  0.0248876
811.48  2.27158  0.0246592
812.206  2.27625  0.0244332
812.932  2.28086  0.0242098
813.659  2.28543  0.0239889
814.385  2.28994  0.0237705
815.112  2.2944  0.0235546
815.838  2.29882  0.0233411
816.565  2.30318  0.0231301
817.291  2.3075  0.0229215
818.018  2.31176  0.0227153
818.744  2.31598  0.0225115
819.47  2.32016  0.02231
820.197  2.32428  0.022111
820.923  2.32837  0.0219142
821.65  2.3324  0.0217198
822.376  2.3364  0.0215276
823.103  2.34035  0.0213377
823.829  2.34425  0.0211501
824.555  2.34812  0.0209647
825.282  2.35194  0.0207814
826.008  2.35572  0.0206004
826.735  2.35946  0.0204215
827.461  2.36316  0.0202448
828.188  2.36682  0.0200701
828.914  2.37044  0.0198976
829.641  2.37402  0.0197271
830.367  2.37757  0.0195586
831.093  2.38108  0.0193922
831.82  2.38455  0.0192277
832.546  2.38798  0.0190653
833.273  2.39138  0.0189047
833.999  2.39474  0.0187461
834.726  2.39806  0.0185894
835.452  2.40136  0.0184346
836.178  2.40461  0.0182816
836.905  2.40784  0.0181305
837.631  2.41103  0.0179812
838.358  2.41419  0.0178336
839.084  2.41731  0.0176878
839.811  2.4204  0.0175438
840.537  2.42347  0.0174015
841.264  2.4265  0.0172609
841.99  2.4295  0.0171219
842.716  2.43247  0.0169847
843.443  2.43541  0.016849
844.169  2.43832  0.016715
844.896  2.4412  0.0165825
845.622  2.44405  0.0164517
846.349  2.44688  0.0163223
847.075  2.44967  0.0161946
847.802  2.45244  0.0160683
848.528  2.45518  0.0159435
849.254  2.4579  0.0158202
849.981  2.46059  0.0156983
850.707  2.46325  0.0155778
851.434  2.46588  0.0154588
852.16  2.46849  0.0153412
852.887  2.47108  0.0152249
853.613  2.47364  0.01511
854.339  2.47618  0.0149965
855.066  2.47869  0.0148842
855.792  2.48118  0.0147733
856.519  2.48364  0.0146636
857.245  2.48608  0.0145552
857.972  2.4885  0.0144481
858.698  2.49089  0.0143422
859.425  2.49327  0.0142375
860.151  2.49562  0.014134
860.877  2.49795  0.0140317
861.604  2.50025  0.0139305
862.33  2.50254  0.0138305
863.057  2.5048  0.0137317
863.783  2.50705  0.013634
864.51  2.50927  0.0135373
865.236  2.51147  0.0134418
865.962  2.51366  0.0133473
866.689  2.51582  0.0132539
867.415  2.51797  0.0131616
868.142  2.52009  0.0130702
868.868  2.5222  0.0129799
869.595  2.52428  0.0128906
870.321  2.52635  0.0128023
871.048  2.5284  0.012715
871.774  2.53043  0.0126286
872.5  2.53245  0.0125432
873.227  2.53444  0.0124587
873.953  2.53642  0.0123752
874.68  2.53838  0.0122926
875.406  2.54033  0.0122108
876.133  2.54226  0.01213
876.859  2.54417  0.01205
877.585  2.54606  0.0119709
878.312  2.54794  0.0118926
879.038  2.5498  0.0118152
879.765  2.55165  0.0117387
880.491  2.55348  0.0116629
881.218  2.55529  0.011588
881.944  2.55709  0.0115138
882.671  2.55888  0.0114404
883.397  2.56065  0.0113679
884.123  2.5624  0.011296
884.85  2.56414  0.011225
885.576  2.56587  0.0111547
886.303  2.56758  0.0110851
887.029  2.56928  0.0110162
887.756  2.57096  0.0109481
888.482  2.57263  0.0108807
889.209  2.57429  0.0108139
889.935  2.57593  0.0107479
890.661  2.57756  0.0106825
891.388  2.57918  0.0106178
892.114  2.58078  0.0105538
892.841  2.58237  0.0104905
893.567  2.58395  0.0104277
894.294  2.58551  0.0103657
895.02  2.58707  0.0103042
895.746  2.58861  0.0102434
896.473  2.59013  0.0101831
897.199  2.59165  0.0101235
897.926  2.59315  0.0100645
898.652  2.59465  0.0100061
899.379  2.59613  0.00994823
900.105  2.5976  0.00989096
900.832  2.59905  0.00983425
901.558  2.6005  0.00977811
902.284  2.60194  0.00972252
903.011  2.60336  0.00966748
903.737  2.60477  0.00961297
904.464  2.60618  0.009559
905.19  2.60757  0.00950555
905.917  2.60895  0.00945263
906.643  2.61032  0.00940021
907.369  2.61168  0.00934831
908.096  2.61303  0.0092969
908.822  2.61437  0.00924599
909.549  2.6157  0.00919556
910.275  2.61703  0.00914562
911.002  2.61834  0.00909615
911.728  2.61964  0.00904715
912.455  2.62093  0.00899862
913.181  2.62221  0.00895054
913.907  2.62348  0.00890292
914.634  2.62475  0.00885574
915.36  2.626  0.00880901
916.087  2.62725  0.00876271
916.813  2.62848  0.00871684
917.54  2.62971  0.0086714
918.266  2.63093  0.00862638
918.992  2.63214  0.00858178
919.719  2.63334  0.00853758
920.445  2.63453  0.0084938
921.172  2.63571  0.00845041
921.898  2.63689  0.00840742
922.625  2.63806  0.00836482
923.351  2.63922  0.00832261
924.078  2.64037  0.00828077
924.804  2.64151  0.00823932
925.53  2.64264  0.00819824
926.257  2.64377  0.00815753
926.983  2.64489  0.00811718
927.71  2.646  0.0080772
928.436  2.6471  0.00803757
929.163  2.6482  0.00799829
929.889  2.64929  0.00795936
930.616  2.65037  0.00792077
931.342  2.65144  0.00788252
932.068  2.65251  0.00784461
932.795  2.65357  0.00780703
933.521  2.65462  0.00776978
934.248  2.65567  0.00773285
934.974  2.65671  0.00769624
935.701  2.65774  0.00765995
936.427  2.65876  0.00762397
937.153  2.65978  0.0075883
937.88  2.66079  0.00755294
938.606  2.66179  0.00751788
939.333  2.66279  0.00748312
940.059  2.66378  0.00744866
940.786  2.66476  0.00741449
941.512  2.66574  0.00738061
942.239  2.66671  0.00734701
942.965  2.66768  0.0073137
943.691  2.66864  0.00728067
944.418  2.66959  0.00724791
945.144  2.67054  0.00721543
945.871  2.67148  0.00718321
946.597  2.67241  0.00715127
947.324  2.67334  0.00711959
948.05  2.67426  0.00708817
948.776  2.67518  0.00705701
949.503  2.67609  0.00702611
950.229  2.67699  0.00699546
950.956  2.67789  0.00696506
951.682  2.67879  0.0069349
952.409  2.67968  0.006905
953.135  2.68056  0.00687533
953.862  2.68143  0.00684591
954.588  2.68231  0.00681672
955.314  2.68317  0.00678777
956.041  2.68403  0.00675905
956.767  2.68489  0.00673055
957.494  2.68574  0.00670229
958.22  2.68658  0.00667425
958.947  2.68742  0.00664643
959.673  2.68826  0.00661884
960.399  2.68909  0.00659146
961.126  2.68991  0.0065643
961.852  2.69073  0.00653735
962.579  2.69155  0.00651061
963.305  2.69235  0.00648408
964.032  2.69316  0.00645775
964.758  2.69396  0.00643164
965.485  2.69475  0.00640572
966.211  2.69555  0.00638
966.937  2.69633  0.00635448
967.664  2.69711  0.00632916
968.39  2.69789  0.00630403
969.117  2.69866  0.0062791
969.843  2.69943  0.00625435
970.57  2.70019  0.00622979
971.296  2.70095  0.00620542
972.023  2.7017  0.00618124
972.749  2.70245  0.00615723
973.475  2.7032  0.00613341
974.202  2.70394  0.00610977
974.928  2.70467  0.0060863
975.655  2.70541  0.00606301
976.381  2.70613  0.00603989
977.108  2.70686  0.00601694
977.834  2.70758  0.00599417
978.56  2.70829  0.00597156
979.287  2.70901  0.00594912
980.013  2.70971  0.00592684
980.74  2.71042  0.00590473
981.466  2.71112  0.00588278
982.193  2.71181  0.00586099
982.919  2.7125  0.00583935
983.646  2.71319  0.00581788
984.372  2.71388  0.00579656
985.098  2.71456  0.0057754
985.825  2.71523  0.00575438
986.551  2.7159  0.00573352
987.278  2.71657  0.00571281
988.004  2.71724  0.00569225
988.731  2.7179  0.00567183
989.457  2.71856  0.00565156
990.183  2.71921  0.00563143
990.91  2.71986  0.00561145
991.636  2.72051  0.00559161
992.363  2.72115  0.0055719
993.089  2.72179  0.00555234
993.816  2.72243  0.00553291
994.542  2.72306  0.00551362
995.269  2.72369  0.00549446
995.995  2.72432  0.00547544
996.721  2.72494  0.00545655
997.448  2.72556  0.00543779
998.174  2.72618  0.00541916
998.901  2.72679  0.00540066
999.627  2.7274  0.00538228
1000.35  2.72801  0.00536403
1001.08  2.72861  0.00534591
1001.81  2.72921  0.00532791
1002.53  2.72981  0.00531003
1003.26  2.7304  0.00529228
1003.99  2.73099  0.00527464
1004.71  2.73158  0.00525713
1005.44  2.73217  0.00523973
1006.17  2.73275  0.00522245
1006.89  2.73333  0.00520528
1007.62  2.7339  0.00518824
1008.34  2.73447  0.0051713
1009.07  2.73504  0.00515448
1009.8  2.73561  0.00513777
1010.52  2.73617  0.00512117
1011.25  2.73673  0.00510468
1011.98  2.73729  0.0050883
1012.7  2.73785  0.00507203
1013.43  2.7384  0.00505586
1014.16  2.73895  0.0050398
1014.88  2.7395  0.00502385
1015.61  2.74004  0.005008
1016.34  2.74058  0.00499225
1017.06  2.74112  0.00497661
1017.79  2.74166  0.00496106
1018.51  2.74219  0.00494562
1019.24  2.74272  0.00493028
1019.97  2.74325  0.00491503
1020.69  2.74377  0.00489989
1021.42  2.7443  0.00488484
1022.15  2.74482  0.00486989
1022.87  2.74533  0.00485503
1023.6  2.74585  0.00484027
1024.33  2.74636  0.0048256
1025.05  2.74687  0.00481102
1025.78  2.74738  0.00479654
1026.51  2.74788  0.00478214
1027.23  2.74838  0.00476784
1027.96  2.74888  0.00475363
1028.68  2.74938  0.00473951
1029.41  2.74988  0.00472547
1030.14  2.75037  0.00471153
1030.86  2.75086  0.00469767
1031.59  2.75135  0.00468389
1032.32  2.75183  0.0046702
1033.04  2.75232  0.0046566
1033.77  2.7528  0.00464308
1034.5  2.75328  0.00462964
1035.22  2.75375  0.00461629
1035.95  2.75423  0.00460302
1036.68  2.7547  0.00458982
1037.4  2.75517  0.00457671
1038.13  2.75564  0.00456368
1038.85  2.7561  0.00455073
1039.58  2.75656  0.00453786
1040.31  2.75703  0.00452506
1041.03  2.75748  0.00451234
1041.76  2.75794  0.0044997
1042.49  2.7584  0.00448714
1043.21  2.75885  0.00447464
1043.94  2.7593  0.00446223
1044.67  2.75975  0.00444989
1045.39  2.76019  0.00443762
1046.12  2.76064  0.00442542
1046.85  2.76108  0.0044133
1047.57  2.76152  0.00440125
1048.3  2.76196  0.00438927
1049.03  2.76239  0.00437736
1049.75  2.76283  0.00436552
1050.48  2.76326  0.00435375
1051.2  2.76369  0.00434205
1051.93  2.76412  0.00433042
1052.66  2.76454  0.00431885
1053.38  2.76497  0.00430735
1054.11  2.76539  0.00429592
1054.84  2.76581  0.00428456
1055.56  2.76623  0.00427326
1056.29  2.76664  0.00426203
1057.02  2.76706  0.00425086
1057.74  2.76747  0.00423975
1058.47  2.76788  0.00422871
1059.2  2.76829  0.00421773
1059.92  2.7687  0.00420682
1060.65  2.7691  0.00419596
1061.37  2.76951  0.00418517
1062.1  2.76991  0.00417444
1062.83  2.77031  0.00416377
1063.55  2.77071  0.00415316
1064.28  2.7711  0.00414261
1065.01  2.7715  0.00413212
1065.73  2.77189  0.00412169
1066.46  2.77228  0.00411132
1067.19  2.77267  0.00410101
1067.91  2.77306  0.00409075
1068.64  2.77345  0.00408055
1069.37  2.77383  0.0040704
1070.09  2.77422  0.00406032
1070.82  2.7746  0.00405029
1071.54  2.77498  0.00404031
1072.27  2.77536  0.00403039
1073  2.77573  0.00402052
1073.72  2.77611  0.00401071
1074.45  2.77648  0.00400095
1075.18  2.77685  0.00399125
1075.9  2.77722  0.00398159
1076.63  2.77759  0.00397199
1077.36  2.77796  0.00396245
1078.08  2.77832  0.00395295
1078.81  2.77869  0.00394351
1079.54  2.77905  0.00393411
1080.26  2.77941  0.00392477
1080.99  2.77977  0.00391548
1081.71  2.78013  0.00390624
1082.44  2.78048  0.00389704
1083.17  2.78084  0.0038879
1083.89  2.78119  0.0038788
1084.62  2.78154  0.00386976
1085.35  2.7819  0.00386076
1086.07  2.78224  0.00385181
1086.8  2.78259  0.00384291
1087.53  2.78294  0.00383405
1088.25  2.78328  0.00382524
1088.98  2.78363  0.00381648
1089.71  2.78397  0.00380776
1090.43  2.78431  0.00379909
1091.16  2.78465  0.00379046
1091.88  2.78498  0.00378188
1092.61  2.78532  0.00377335
1093.34  2.78566  0.00376485
1094.06  2.78599  0.00375641
1094.79  2.78632  0.003748
1095.52  2.78665  0.00373964
1096.24  2.78698  0.00373133
1096.97  2.78731  0.00372305
1097.7  2.78764  0.00371482
1098.42  2.78796  0.00370663
1099.15  2.78829  0.00369848
1099.88  2.78861  0.00369038
1100.6  2.78893  0.00368231
1101.33  2.78925  0.00367429
1102.06  2.78957  0.00366631
1102.78  2.78989  0.00365836
1103.51  2.79021  0.00365046
1104.23  2.79052  0.0036426
1104.96  2.79083  0.00363478
1105.69  2.79115  0.003627
1106.41  2.79146  0.00361925
1107.14  2.79177  0.00361155
1107.87  2.79208  0.00360388
1108.59  2.79239  0.00359626
1109.32  2.79269  0.00358867
1110.05  2.793  0.00358111
1110.77  2.7933  0.0035736
1111.5  2.79361  0.00356612
1112.23  2.79391  0.00355868
1112.95  2.79421  0.00355128
1113.68  2.79451  0.00354391
1114.4  2.79481  0.00353658
1115.13  2.7951  0.00352929
1115.86  2.7954  0.00352203
1116.58  2.7957  0.00351481
1117.31  2.79599  0.00350762
1118.04  2.79628  0.00350047
1118.76  2.79657  0.00349335
1119.49  2.79686  0.00348627
1120.22  2.79715  0.00347922
1120.94  2.79744  0.0034722
1121.67  2.79773  0.00346522
1122.4  2.79802  0.00345828
1123.12  2.7983  0.00345136
1123.85  2.79858  0.00344448
1124.57  2.79887  0.00343764
1125.3  2.79915  0.00343082
1126.03  2.79943  0.00342404
1126.75  2.79971  0.00341729
1127.48  2.79999  0.00341058
1128.21  2.80027  0.00340389
1128.93  2.80054  0.00339724
1129.66  2.80082  0.00339062
1130.39  2.80109  0.00338403
1131.11  2.80137  0.00337747
1131.84  2.80164  0.00337094
1132.57  2.80191  0.00336444
1133.29  2.80218  0.00335798
1134.02  2.80245  0.00335154
1134.74  2.80272  0.00334513
1135.47  2.80299  0.00333876
1136.2  2.80325  0.00333241
1136.92  2.80352  0.00332609
1137.65  2.80378  0.00331981
1138.38  2.80405  0.00331355
1139.1  2.80431  0.00330732
1139.83  2.80457  0.00330112
1140.56  2.80483  0.00329495
1141.28  2.80509  0.0032888
1142.01  2.80535  0.00328269
1142.74  2.80561  0.0032766
1143.46  2.80587  0.00327054
1144.19  2.80612  0.00326451
1144.91  2.80638  0.00325851
1145.64  2.80663  0.00325253
1146.37  2.80688  0.00324658
1147.09  2.80714  0.00324066
1147.82  2.80739  0.00323476
1148.55  2.80764  0.0032289
1149.27  2.80789  0.00322305
1150  2.80814  0.00321724
